return rec(
  CharMat := [ [ 18, 11, 4, -1, -4, -6 ], [ 11, 24, 14, 7, 6, 1 ], [ 4, 14, 26, 18, 14, 8 ], 
      [ -1, 7, 18, 26, 21, 14 ], [ -4, 6, 14, 21, 28, 18 ], [ -6, 1, 8, 14, 18, 21 ] ],
  ListInequalities := [ [ 0, 0, 0, 0, 0, 0, 0, -1, 1, 0, 0, 0, 0, 0, 0, 0, 0, -1, 0, 1, 0 ], 
      [ 0, 0, 0, 0, 0, 0, 0, -1, 1, 0, -1, 0, 0, 0, 0, 0, 0, 0, 0, 0, 0 ], 
      [ 0, 0, 0, 0, 0, 0, 0, 0, -1, 0, 0, 0, 0, 0, 0, 0, 0, 0, 0, 0, 0 ], 
      [ 0, 0, 0, 0, 0, 0, 0, 0, -1, 1, 0, 0, 0, 0, 0, 0, 0, 0, 0, -1, 1 ], 
      [ 0, 0, 0, 0, 0, 1, 0, 0, 0, -1, 1, 0, 0, 0, 0, 0, 0, 0, 0, 0, -1 ], 
      [ 0, 0, 0, 0, 0, 0, 0, 1, -1, 1, 0, 0, 0, 0, 0, 0, 0, 0, 0, 0, 0 ], 
      [ 0, 0, 0, 0, 0, 0, 0, 1, 0, -1, 1, 0, 0, 0, 0, 0, 0, 0, 0, 0, 0 ], 
      [ 0, 0, 0, 0, 0, 0, 1, -1, 0, 0, 1, 0, 0, 0, 0, 0, 0, 0, 0, 0, 0 ], 
      [ 1, 0, 0, 0, 0, 0, -1, 0, 0, 0, 1, 0, 0, 0, 0, 0, 0, 0, 0, 0, 0 ], 
      [ 0, 0, 0, 0, 0, 0, 0, 0, -1, 1, 0, 0, 0, 0, 0, 1, -1, 0, 0, 0, 0 ], 
      [ 0, 1, 0, 0, 0, 0, -1, 1, -1, 1, 0, -1, 1, -1, 0, 0, 0, 0, 0, 0, 0 ], 
      [ 0, 0, 0, 0, 0, 0, 0, 0, 0, 0, 1, 0, 0, 0, -1, 0, 0, 1, 0, 0, 0 ], 
      [ 0, 0, 0, -1, 0, 0, 0, 0, 1, -1, 0, 0, -1, 1, 0, 1, -1, 0, 1, 0, 0 ], 
      [ 0, 0, 0, -1, 0, 0, 0, -1, 1, 0, 0, 1, -1, 0, 0, 1, -1, 0, 1, 0, 0 ], 
      [ 0, 0, 0, 0, 1, 0, 0, 0, -1, 1, 0, 0, 1, -1, 0, 0, 0, 0, -1, 1, -1 ], 
      [ 0, 0, 0, 0, 0, 0, 0, 0, -1, 0, 1, 0, 1, 0, -1, 0, 0, 0, 0, 0, 0 ], 
      [ 0, 0, 0, 0, 0, 0, 0, 0, 0, 0, 0, 0, 0, 0, 1, 0, 0, 0, 0, 0, 0 ], 
      [ 0, 0, 0, 0, 0, 0, 0, 0, 0, 0, 0, 0, 1, -1, 0, 0, 0, 0, 0, 0, 0 ], 
      [ 0, 0, 1, 0, 0, 0, 0, 0, 0, 0, 0, -1, 1, 0, 0, -1, 0, 0, 0, 0, 0 ], 
      [ 0, 0, 0, 0, 0, 0, 0, 0, 0, 0, 0, 0, 0, -1, 1, 0, 1, -1, 0, 0, 0 ], 
      [ 0, 0, 0, 1, 0, 0, 0, 0, 0, 0, 0, 0, 0, 0, 0, -1, 1, 0, -1, 0, 0 ], 
      [ 0, 0, 0, 0, 0, 0, 0, 0, 0, 0, 0, 0, 0, 0, 0, 0, -1, 1, 1, -1, 0 ] ],
  ListInformations := 
   [ [ [ 1, [ 71, 122 ] ], [ 1, [ 71, 122 ] ], [ 126, [ 5, 56 ] ], [ 126, [ 5, 56 ] ], [ 126, [ 5, 56 ] ], 
          [ 1, [ 71, 122 ] ] ], 
      [ [ 1, [ 72, 121 ] ], [ 1, [ 72, 121 ] ], [ 126, [ 6, 55 ] ], [ 126, [ 6, 55 ] ], [ 126, [ 6, 55 ] ], 
          [ 1, [ 72, 121 ] ] ], 
      [ [ 2, [ 70, 121 ] ], [ 2, [ 70, 121 ] ], [ 125, [ 6, 57 ] ], [ 125, [ 6, 57 ] ], [ 125, [ 6, 57 ] ], 
          [ 2, [ 70, 121 ] ] ], 
      [ [ 3, [ 67, 122 ] ], [ 3, [ 67, 122 ] ], [ 124, [ 5, 60 ] ], [ 124, [ 5, 60 ] ], [ 124, [ 5, 60 ] ], 
          [ 3, [ 67, 122 ] ] ], 
      [ [ 4, [ 65, 122 ] ], [ 4, [ 65, 122 ] ], [ 123, [ 5, 62 ] ], [ 123, [ 5, 62 ] ], [ 123, [ 5, 62 ] ], 
          [ 4, [ 65, 122 ] ] ], 
      [ [ 115, [ 6, 74 ] ], [ 115, [ 6, 74 ] ], [ 12, [ 53, 121 ] ], [ 12, [ 53, 121 ] ], [ 12, [ 53, 121 ] ], 
          [ 115, [ 6, 74 ] ] ], 
      [ [ 113, [ 6, 76 ] ], [ 113, [ 6, 76 ] ], [ 14, [ 51, 121 ] ], [ 14, [ 51, 121 ] ], [ 14, [ 51, 121 ] ], 
          [ 113, [ 6, 76 ] ] ], 
      [ [ 109, [ 6, 80 ] ], [ 109, [ 6, 80 ] ], [ 18, [ 47, 121 ] ], [ 18, [ 47, 121 ] ], [ 18, [ 47, 121 ] ], 
          [ 109, [ 6, 80 ] ] ], 
      [ [ 93, [ 97, 6 ] ], [ 93, [ 97, 6 ] ], [ 34, [ 121, 30 ] ], [ 34, [ 121, 30 ] ], [ 34, [ 121, 30 ] ], 
          [ 93, [ 97, 6 ] ] ], [ [ 12, [ 67, 111 ] ], [ 12, [ 67, 111 ] ], [ 115, [ 16, 60 ] ], 
          [ 115, [ 16, 60 ] ], [ 115, [ 16, 60 ] ], [ 12, [ 67, 111 ] ] ], 
      [ [ 12, [ 83, 96 ] ], [ 12, [ 83, 96 ] ], [ 115, [ 31, 44 ] ], [ 115, [ 31, 44 ] ], [ 115, [ 31, 44 ] ], 
          [ 12, [ 83, 96 ] ] ], [ [ 109, [ 17, 64 ] ], [ 109, [ 17, 64 ] ], [ 18, [ 63, 110 ] ], 
          [ 18, [ 63, 110 ] ], [ 18, [ 63, 110 ] ], [ 109, [ 17, 64 ] ] ], 
      [ [ 103, [ 23, 67 ] ], [ 103, [ 23, 67 ] ], [ 24, [ 60, 104 ] ], [ 24, [ 60, 104 ] ], [ 24, [ 60, 104 ] ],
          [ 103, [ 23, 67 ] ] ], 
      [ [ 24, [ 71, 95 ] ], [ 24, [ 71, 95 ] ], [ 103, [ 32, 56 ] ], [ 103, [ 32, 56 ] ], [ 103, [ 32, 56 ] ], 
          [ 24, [ 71, 95 ] ] ], 
      [ [ 26, [ 67, 98 ] ], [ 26, [ 67, 98 ] ], [ 101, [ 29, 60 ] ], [ 101, [ 29, 60 ] ], [ 101, [ 29, 60 ] ], 
          [ 26, [ 67, 98 ] ] ], 
      [ [ 26, [ 69, 96 ] ], [ 26, [ 69, 96 ] ], [ 101, [ 31, 58 ] ], [ 101, [ 31, 58 ] ], [ 101, [ 31, 58 ] ], 
          [ 26, [ 69, 96 ] ] ], 
      [ [ 93, [ 33, 64 ] ], [ 93, [ 33, 64 ] ], [ 34, [ 63, 94 ] ], [ 34, [ 63, 94 ] ], [ 34, [ 63, 94 ] ], 
          [ 93, [ 33, 64 ] ] ], 
      [ [ 90, [ 33, 67 ] ], [ 90, [ 33, 67 ] ], [ 37, [ 60, 94 ] ], [ 37, [ 60, 94 ] ], [ 37, [ 60, 94 ] ], 
          [ 90, [ 33, 67 ] ] ], 
      [ [ 40, [ 71, 79 ] ], [ 40, [ 71, 79 ] ], [ 87, [ 48, 56 ] ], [ 87, [ 48, 56 ] ], [ 87, [ 48, 56 ] ], 
          [ 40, [ 71, 79 ] ] ], 
      [ [ 46, [ 65, 79 ] ], [ 46, [ 65, 79 ] ], [ 81, [ 48, 62 ] ], [ 81, [ 48, 62 ] ], [ 81, [ 48, 62 ] ], 
          [ 46, [ 65, 79 ] ] ], 
      [ [ 52, [ 67, 71 ] ], [ 52, [ 67, 71 ] ], [ 75, [ 56, 60 ] ], [ 75, [ 56, 60 ] ], [ 75, [ 56, 60 ] ], 
          [ 52, [ 67, 71 ] ] ], 
      [ [ 54, [ 65, 71 ] ], [ 54, [ 65, 71 ] ], [ 73, [ 56, 62 ] ], [ 73, [ 56, 62 ] ], [ 73, [ 56, 62 ] ], 
          [ 54, [ 65, 71 ] ] ] ],
  Status := "NO",
  TheCtype := [ [ -1, 0, -1, 1, 0, -1 ], [ -1, 0, 0, -1, 0, 0 ], [ -1, 0, 0, -1, 1, -1 ], 
      [ -1, 0, 0, 0, -1, 0 ], [ -1, 0, 0, 0, 0, -1 ], [ -1, 0, 0, 0, 0, 0 ], [ -1, 0, 0, 0, 1, -1 ], 
      [ -1, 0, 0, 1, -1, 0 ], [ -1, 0, 0, 1, 0, -1 ], [ -1, 0, 1, -1, 0, 0 ], [ -1, 0, 1, -1, 1, -1 ], 
      [ -1, 0, 1, -1, 1, 0 ], [ -1, 0, 1, 0, -1, 0 ], [ -1, 0, 1, 0, -1, 1 ], [ -1, 0, 1, 0, 0, -1 ], 
      [ -1, 0, 1, 0, 0, 0 ], [ -1, 1, -1, 0, 0, 0 ], [ -1, 1, -1, 0, 0, 1 ], [ -1, 1, -1, 0, 1, -1 ], 
      [ -1, 1, -1, 1, -1, 0 ], [ -1, 1, -1, 1, -1, 1 ], [ -1, 1, -1, 1, 0, -1 ], [ -1, 1, -1, 1, 0, 0 ], 
      [ -1, 1, -1, 2, -1, 0 ], [ -1, 1, 0, -1, 0, 0 ], [ -1, 1, 0, -1, 0, 1 ], [ -1, 1, 0, -1, 1, -1 ], 
      [ -1, 1, 0, 0, -1, 0 ], [ -1, 1, 0, 0, -1, 1 ], [ -1, 1, 0, 0, 0, -1 ], [ -1, 1, 0, 0, 0, 0 ], 
      [ -1, 1, 0, 1, -1, 0 ], [ 0, -1, 0, 0, 0, 0 ], [ 0, -1, 0, 0, 0, 1 ], [ 0, -1, 0, 0, 1, -1 ], 
      [ 0, -1, 0, 0, 1, 0 ], [ 0, -1, 0, 1, -1, 0 ], [ 0, -1, 0, 1, -1, 1 ], [ 0, -1, 0, 1, 0, -1 ], 
      [ 0, -1, 0, 1, 0, 0 ], [ 0, -1, 1, -1, 0, 0 ], [ 0, -1, 1, -1, 0, 1 ], [ 0, -1, 1, -1, 1, -1 ], 
      [ 0, -1, 1, -1, 1, 0 ], [ 0, -1, 1, 0, -1, 0 ], [ 0, -1, 1, 0, -1, 1 ], [ 0, -1, 1, 0, 0, -1 ], 
      [ 0, -1, 1, 0, 0, 0 ], [ 0, 0, -1, 0, 0, 0 ], [ 0, 0, -1, 0, 0, 1 ], [ 0, 0, -1, 0, 1, -1 ], 
      [ 0, 0, -1, 0, 1, 0 ], [ 0, 0, -1, 1, -1, 0 ], [ 0, 0, -1, 1, -1, 1 ], [ 0, 0, -1, 1, 0, -1 ], 
      [ 0, 0, -1, 1, 0, 0 ], [ 0, 0, 0, -1, 0, 0 ], [ 0, 0, 0, -1, 0, 1 ], [ 0, 0, 0, -1, 1, -1 ], 
      [ 0, 0, 0, -1, 1, 0 ], [ 0, 0, 0, 0, -1, 0 ], [ 0, 0, 0, 0, -1, 1 ], [ 0, 0, 0, 0, 0, -1 ], 
      [ 0, 0, 0, 0, 0, 1 ], [ 0, 0, 0, 0, 1, -1 ], [ 0, 0, 0, 0, 1, 0 ], [ 0, 0, 0, 1, -1, 0 ], 
      [ 0, 0, 0, 1, -1, 1 ], [ 0, 0, 0, 1, 0, -1 ], [ 0, 0, 0, 1, 0, 0 ], [ 0, 0, 1, -1, 0, 0 ], 
      [ 0, 0, 1, -1, 0, 1 ], [ 0, 0, 1, -1, 1, -1 ], [ 0, 0, 1, -1, 1, 0 ], [ 0, 0, 1, 0, -1, 0 ], 
      [ 0, 0, 1, 0, -1, 1 ], [ 0, 0, 1, 0, 0, -1 ], [ 0, 0, 1, 0, 0, 0 ], [ 0, 1, -1, 0, 0, 0 ], 
      [ 0, 1, -1, 0, 0, 1 ], [ 0, 1, -1, 0, 1, -1 ], [ 0, 1, -1, 0, 1, 0 ], [ 0, 1, -1, 1, -1, 0 ], 
      [ 0, 1, -1, 1, -1, 1 ], [ 0, 1, -1, 1, 0, -1 ], [ 0, 1, -1, 1, 0, 0 ], [ 0, 1, 0, -1, 0, 0 ], 
      [ 0, 1, 0, -1, 0, 1 ], [ 0, 1, 0, -1, 1, -1 ], [ 0, 1, 0, -1, 1, 0 ], [ 0, 1, 0, 0, -1, 0 ], 
      [ 0, 1, 0, 0, -1, 1 ], [ 0, 1, 0, 0, 0, -1 ], [ 0, 1, 0, 0, 0, 0 ], [ 1, -1, 0, -1, 1, 0 ], 
      [ 1, -1, 0, 0, 0, 0 ], [ 1, -1, 0, 0, 0, 1 ], [ 1, -1, 0, 0, 1, -1 ], [ 1, -1, 0, 0, 1, 0 ], 
      [ 1, -1, 0, 1, -1, 1 ], [ 1, -1, 0, 1, 0, -1 ], [ 1, -1, 0, 1, 0, 0 ], [ 1, -1, 1, -2, 1, 0 ], 
      [ 1, -1, 1, -1, 0, 0 ], [ 1, -1, 1, -1, 0, 1 ], [ 1, -1, 1, -1, 1, -1 ], [ 1, -1, 1, -1, 1, 0 ], 
      [ 1, -1, 1, 0, -1, 1 ], [ 1, -1, 1, 0, 0, -1 ], [ 1, -1, 1, 0, 0, 0 ], [ 1, 0, -1, 0, 0, 0 ], 
      [ 1, 0, -1, 0, 0, 1 ], [ 1, 0, -1, 0, 1, -1 ], [ 1, 0, -1, 0, 1, 0 ], [ 1, 0, -1, 1, -1, 0 ], 
      [ 1, 0, -1, 1, -1, 1 ], [ 1, 0, -1, 1, 0, 0 ], [ 1, 0, 0, -1, 0, 1 ], [ 1, 0, 0, -1, 1, 0 ], 
      [ 1, 0, 0, 0, -1, 1 ], [ 1, 0, 0, 0, 0, 0 ], [ 1, 0, 0, 0, 0, 1 ], [ 1, 0, 0, 0, 1, 0 ], 
      [ 1, 0, 0, 1, -1, 1 ], [ 1, 0, 0, 1, 0, 0 ], [ 1, 0, 1, -1, 0, 1 ] ],
  eInvariant := rec(
      nbFac := 22,
      nbIneq := 906 ) );
