return rec(
  CharMat := [ [ 14, 9, 3, -2, -4, -3 ], [ 9, 26, 26, 19, 10, 4 ], [ 3, 26, 48, 40, 24, 11 ], 
      [ -2, 19, 40, 47, 30, 15 ], [ -4, 10, 24, 30, 35, 18 ], [ -3, 4, 11, 15, 18, 19 ] ],
  ListInequalities := [ [ -1, 0, 0, 0, 0, 0, 2, -1, 0, 0, 0, 0, 0, 0, 0, 0, 0, 0, 0, 0, 0 ], 
      [ -1, -1, 0, 0, 0, 0, 2, -1, 0, 0, 0, 1, 0, 0, 0, 0, 0, 0, 0, 0, 0 ], 
      [ 0, 0, 0, 0, 0, 0, 0, 0, -1, 1, 0, 0, 0, 0, 0, 0, 0, 0, 0, -1, 1 ], 
      [ 0, 0, 0, 0, 0, 0, 0, 0, -1, 1, -1, 0, 0, 0, 0, 0, 0, 0, 0, 0, 0 ], 
      [ 0, 0, 0, 0, 0, 0, 0, 0, 0, -1, 1, 0, 0, 0, 0, 0, 0, 0, 0, 0, 0 ], 
      [ 0, 0, 0, 0, 0, 0, 0, 0, 1, 0, -1, 0, 0, 0, 0, 0, 0, 0, 0, 0, 0 ], 
      [ 0, 0, 0, 0, 0, 0, 0, 1, -1, 1, 0, 0, 0, 0, 0, 0, 0, 0, 0, 0, 0 ], 
      [ 1, 0, 0, 0, 0, 0, -1, 0, 0, 1, 0, 0, 0, 0, 0, 0, 0, 0, 0, 0, 0 ], 
      [ 0, 0, 0, 0, 1, 0, 0, 0, 0, 1, -1, 0, 0, 0, 0, 0, 0, 0, -1, 1, -1 ], 
      [ 0, 0, 0, 0, 0, 0, 0, 0, 0, 0, 1, 0, 0, 0, 0, 0, 0, -1, 0, 1, 0 ], 
      [ 0, 0, 0, 0, 0, 0, 0, 0, 0, 1, -1, 0, 0, 0, 0, 0, -1, 1, 1, -1, 0 ], 
      [ 0, 1, 0, 0, 0, 0, -1, 1, 0, 0, 0, -1, -1, 1, 0, 1, -1, 0, 0, 0, 0 ], 
      [ 0, 1, 0, 0, 0, 0, -1, 1, -1, 1, 0, -1, 1, -1, 0, 0, 0, 0, 0, 0, 0 ], 
      [ 0, 1, 0, 0, 0, 0, -1, 1, 0, 0, 0, -1, 0, -1, 1, 0, 1, -1, 0, 0, 0 ], 
      [ 0, 1, 0, 0, 0, 0, -1, 1, 0, -1, 1, -1, 0, 1, -1, 0, 0, 0, 0, 0, 0 ], 
      [ 0, 1, 0, 0, 0, 0, -1, 1, 0, 0, 0, -1, 0, 0, -1, 0, 0, 1, 0, 0, 0 ], 
      [ 0, 1, 0, 0, 0, 0, -1, 1, 0, 0, -1, -1, 0, 0, 1, 0, 0, 0, 0, 0, 0 ], 
      [ 1, 1, 1, 0, 0, 0, -2, 2, -1, 0, 0, -2, 1, 0, 0, -1, 0, 0, 0, 0, 0 ], 
      [ 0, -1, -1, 0, 0, 0, 1, -1, 1, 0, 0, 2, -1, 0, 0, 1, 0, 0, 0, 0, 0 ], 
      [ 1, 1, 0, 0, 0, 0, -2, 0, 1, 0, 0, 0, -1, 0, 0, 0, 0, 0, 0, 0, 0 ], 
      [ 0, 0, -1, 0, 0, 0, 0, -1, 1, 0, 0, 2, -2, 0, 0, 1, 0, 0, 0, 0, 0 ], 
      [ 0, 0, 1, 0, 0, 0, 0, 0, 0, 0, 0, -1, 1, 0, 0, -1, 0, 0, 0, 0, 0 ], 
      [ 0, 1, 1, 0, 0, 0, 0, 0, 0, 0, 0, -2, 1, 0, 0, -1, 0, 0, 0, 0, 0 ], 
      [ 0, 0, 0, 1, 0, 0, 0, 0, 0, 0, 0, 0, 0, 0, 0, -1, 1, 0, -1, 0, 0 ], 
      [ 0, 0, 0, 0, 0, 1, 0, 0, 0, 0, 0, 0, 0, 0, 0, 0, 0, 0, 0, 0, -1 ] ],
  ListInformations := 
   [ [ [ 1, [ 94, 121 ] ], [ 1, [ 94, 121 ] ], [ 126, [ 6, 33 ] ], [ 126, [ 6, 33 ] ], [ 126, [ 6, 33 ] ], 
          [ 1, [ 94, 121 ] ] ], 
      [ [ 1, [ 96, 111 ] ], [ 1, [ 96, 111 ] ], [ 126, [ 16, 31 ] ], [ 126, [ 16, 31 ] ], [ 126, [ 16, 31 ] ], 
          [ 1, [ 96, 111 ] ] ], 
      [ [ 2, [ 67, 122 ] ], [ 2, [ 67, 122 ] ], [ 125, [ 5, 60 ] ], [ 125, [ 5, 60 ] ], [ 125, [ 5, 60 ] ], 
          [ 2, [ 67, 122 ] ] ], 
      [ [ 2, [ 68, 121 ] ], [ 2, [ 68, 121 ] ], [ 125, [ 6, 59 ] ], [ 125, [ 6, 59 ] ], [ 125, [ 6, 59 ] ], 
          [ 2, [ 68, 121 ] ] ], 
      [ [ 4, [ 65, 121 ] ], [ 4, [ 65, 121 ] ], [ 123, [ 6, 62 ] ], [ 123, [ 6, 62 ] ], [ 123, [ 6, 62 ] ], 
          [ 4, [ 65, 121 ] ] ], 
      [ [ 119, [ 6, 69 ] ], [ 119, [ 6, 69 ] ], [ 8, [ 58, 121 ] ], [ 8, [ 58, 121 ] ], [ 8, [ 58, 121 ] ], 
          [ 119, [ 6, 69 ] ] ], 
      [ [ 115, [ 6, 74 ] ], [ 115, [ 6, 74 ] ], [ 12, [ 53, 121 ] ], [ 12, [ 53, 121 ] ], [ 12, [ 53, 121 ] ], 
          [ 115, [ 6, 74 ] ] ], 
      [ [ 90, [ 99, 6 ] ], [ 90, [ 99, 6 ] ], [ 37, [ 121, 28 ] ], [ 37, [ 121, 28 ] ], [ 37, [ 121, 28 ] ], 
          [ 90, [ 99, 6 ] ] ], [ [ 119, [ 7, 65 ] ], [ 119, [ 7, 65 ] ], [ 8, [ 62, 120 ] ], [ 8, [ 62, 120 ] ],
          [ 8, [ 62, 120 ] ], [ 119, [ 7, 65 ] ] ], 
      [ [ 117, [ 9, 64 ] ], [ 117, [ 9, 64 ] ], [ 10, [ 63, 118 ] ], [ 10, [ 63, 118 ] ], [ 10, [ 63, 118 ] ], 
          [ 117, [ 9, 64 ] ] ], 
      [ [ 116, [ 9, 65 ] ], [ 116, [ 9, 65 ] ], [ 11, [ 62, 118 ] ], [ 11, [ 62, 118 ] ], [ 11, [ 62, 118 ] ], 
          [ 116, [ 9, 65 ] ] ], [ [ 12, [ 78, 100 ] ], [ 12, [ 78, 100 ] ], [ 115, [ 27, 49 ] ], 
          [ 115, [ 27, 49 ] ], [ 115, [ 27, 49 ] ], [ 12, [ 78, 100 ] ] ], 
      [ [ 12, [ 82, 96 ] ], [ 12, [ 82, 96 ] ], [ 115, [ 31, 45 ] ], [ 115, [ 31, 45 ] ], [ 115, [ 31, 45 ] ], 
          [ 12, [ 82, 96 ] ] ], 
      [ [ 14, [ 78, 98 ] ], [ 14, [ 78, 98 ] ], [ 113, [ 29, 49 ] ], [ 113, [ 29, 49 ] ], [ 113, [ 29, 49 ] ], 
          [ 14, [ 78, 98 ] ] ], 
      [ [ 14, [ 80, 96 ] ], [ 14, [ 80, 96 ] ], [ 113, [ 31, 47 ] ], [ 113, [ 31, 47 ] ], [ 113, [ 31, 47 ] ], 
          [ 14, [ 80, 96 ] ] ], 
      [ [ 15, [ 78, 97 ] ], [ 15, [ 78, 97 ] ], [ 112, [ 30, 49 ] ], [ 112, [ 30, 49 ] ], [ 112, [ 30, 49 ] ], 
          [ 15, [ 78, 97 ] ] ], 
      [ [ 15, [ 79, 96 ] ], [ 15, [ 79, 96 ] ], [ 112, [ 31, 48 ] ], [ 112, [ 31, 48 ] ], [ 112, [ 31, 48 ] ], 
          [ 15, [ 79, 96 ] ] ], [ [ 70, [ 104, 16 ] ], [ 70, [ 104, 16 ] ], [ 57, [ 111, 23 ] ], 
          [ 57, [ 111, 23 ] ], [ 57, [ 111, 23 ] ], [ 70, [ 104, 16 ] ] ], 
      [ [ 95, [ 16, 85 ] ], [ 95, [ 16, 85 ] ], [ 32, [ 42, 111 ] ], [ 32, [ 42, 111 ] ], [ 32, [ 42, 111 ] ], 
          [ 95, [ 16, 85 ] ] ], 
      [ [ 70, [ 96, 24 ] ], [ 70, [ 96, 24 ] ], [ 57, [ 103, 31 ] ], [ 57, [ 103, 31 ] ], [ 57, [ 103, 31 ] ], 
          [ 70, [ 96, 24 ] ] ], 
      [ [ 32, [ 71, 94 ] ], [ 32, [ 71, 94 ] ], [ 95, [ 33, 56 ] ], [ 95, [ 33, 56 ] ], [ 95, [ 33, 56 ] ], 
          [ 32, [ 71, 94 ] ] ], 
      [ [ 41, [ 71, 78 ] ], [ 41, [ 71, 78 ] ], [ 86, [ 49, 56 ] ], [ 86, [ 49, 56 ] ], [ 86, [ 49, 56 ] ], 
          [ 41, [ 71, 78 ] ] ], 
      [ [ 70, [ 78, 42 ] ], [ 70, [ 78, 42 ] ], [ 57, [ 85, 49 ] ], [ 57, [ 85, 49 ] ], [ 57, [ 85, 49 ] ], 
          [ 70, [ 78, 42 ] ] ], 
      [ [ 52, [ 67, 71 ] ], [ 52, [ 67, 71 ] ], [ 75, [ 56, 60 ] ], [ 75, [ 56, 60 ] ], [ 75, [ 56, 60 ] ], 
          [ 52, [ 67, 71 ] ] ], 
      [ [ 61, [ 64, 65 ] ], [ 61, [ 64, 65 ] ], [ 66, [ 62, 63 ] ], [ 66, [ 62, 63 ] ], [ 66, [ 62, 63 ] ], 
          [ 61, [ 64, 65 ] ] ] ],
  Status := "NO",
  TheCtype := [ [ -2, 2, -1, 0, 0, 0 ], [ -1, 0, 0, -1, 1, -1 ], [ -1, 0, 0, 0, -1, 0 ], [ -1, 0, 0, 0, -1, 1 ],
      [ -1, 0, 0, 0, 0, -1 ], [ -1, 0, 0, 0, 0, 0 ], [ -1, 0, 0, 1, -1, 0 ], [ -1, 0, 0, 1, 0, -1 ], 
      [ -1, 0, 1, -1, 0, 0 ], [ -1, 0, 1, -1, 0, 1 ], [ -1, 0, 1, -1, 1, -1 ], [ -1, 0, 1, -1, 1, 0 ], 
      [ -1, 0, 1, 0, -1, 0 ], [ -1, 0, 1, 0, -1, 1 ], [ -1, 0, 1, 0, 0, -1 ], [ -1, 1, -1, 0, 0, 0 ], 
      [ -1, 1, -1, 0, 0, 1 ], [ -1, 1, -1, 0, 1, -1 ], [ -1, 1, -1, 0, 1, 0 ], [ -1, 1, -1, 1, -1, 0 ], 
      [ -1, 1, -1, 1, -1, 1 ], [ -1, 1, -1, 1, 0, -1 ], [ -1, 1, -1, 1, 0, 0 ], [ -1, 1, 0, -1, 0, 0 ], 
      [ -1, 1, 0, -1, 0, 1 ], [ -1, 1, 0, -1, 1, -1 ], [ -1, 1, 0, -1, 1, 0 ], [ -1, 1, 0, 0, -1, 0 ], 
      [ -1, 1, 0, 0, -1, 1 ], [ -1, 1, 0, 0, 0, -1 ], [ -1, 1, 0, 0, 0, 0 ], [ -1, 2, -2, 1, 0, 0 ], 
      [ -1, 2, -1, 0, 0, 0 ], [ 0, -1, 0, 0, 0, 0 ], [ 0, -1, 0, 0, 0, 1 ], [ 0, -1, 0, 0, 1, -1 ], 
      [ 0, -1, 0, 0, 1, 0 ], [ 0, -1, 0, 1, -1, 0 ], [ 0, -1, 0, 1, -1, 1 ], [ 0, -1, 0, 1, 0, -1 ], 
      [ 0, -1, 0, 1, 0, 0 ], [ 0, -1, 1, -1, 0, 0 ], [ 0, -1, 1, -1, 0, 1 ], [ 0, -1, 1, -1, 1, -1 ], 
      [ 0, -1, 1, -1, 1, 0 ], [ 0, -1, 1, 0, -1, 0 ], [ 0, -1, 1, 0, -1, 1 ], [ 0, -1, 1, 0, 0, -1 ], 
      [ 0, -1, 1, 0, 0, 0 ], [ 0, 0, -1, 0, 0, 1 ], [ 0, 0, -1, 0, 1, -1 ], [ 0, 0, -1, 0, 1, 0 ], 
      [ 0, 0, -1, 1, -1, 0 ], [ 0, 0, -1, 1, -1, 1 ], [ 0, 0, -1, 1, 0, -1 ], [ 0, 0, -1, 1, 0, 0 ], 
      [ 0, 0, 0, -1, 0, 0 ], [ 0, 0, 0, -1, 0, 1 ], [ 0, 0, 0, -1, 1, -1 ], [ 0, 0, 0, -1, 1, 0 ], 
      [ 0, 0, 0, 0, -1, 0 ], [ 0, 0, 0, 0, -1, 1 ], [ 0, 0, 0, 0, 0, -1 ], [ 0, 0, 0, 0, 0, 1 ], 
      [ 0, 0, 0, 0, 1, -1 ], [ 0, 0, 0, 0, 1, 0 ], [ 0, 0, 0, 1, -1, 0 ], [ 0, 0, 0, 1, -1, 1 ], 
      [ 0, 0, 0, 1, 0, -1 ], [ 0, 0, 0, 1, 0, 0 ], [ 0, 0, 1, -1, 0, 0 ], [ 0, 0, 1, -1, 0, 1 ], 
      [ 0, 0, 1, -1, 1, -1 ], [ 0, 0, 1, -1, 1, 0 ], [ 0, 0, 1, 0, -1, 0 ], [ 0, 0, 1, 0, -1, 1 ], 
      [ 0, 0, 1, 0, 0, -1 ], [ 0, 1, -1, 0, 0, 0 ], [ 0, 1, -1, 0, 0, 1 ], [ 0, 1, -1, 0, 1, -1 ], 
      [ 0, 1, -1, 0, 1, 0 ], [ 0, 1, -1, 1, -1, 0 ], [ 0, 1, -1, 1, -1, 1 ], [ 0, 1, -1, 1, 0, -1 ], 
      [ 0, 1, -1, 1, 0, 0 ], [ 0, 1, 0, -1, 0, 0 ], [ 0, 1, 0, -1, 0, 1 ], [ 0, 1, 0, -1, 1, -1 ], 
      [ 0, 1, 0, -1, 1, 0 ], [ 0, 1, 0, 0, -1, 0 ], [ 0, 1, 0, 0, -1, 1 ], [ 0, 1, 0, 0, 0, -1 ], 
      [ 0, 1, 0, 0, 0, 0 ], [ 1, -2, 1, 0, 0, 0 ], [ 1, -2, 2, -1, 0, 0 ], [ 1, -1, 0, 0, 0, 0 ], 
      [ 1, -1, 0, 0, 0, 1 ], [ 1, -1, 0, 0, 1, -1 ], [ 1, -1, 0, 0, 1, 0 ], [ 1, -1, 0, 1, -1, 0 ], 
      [ 1, -1, 0, 1, -1, 1 ], [ 1, -1, 0, 1, 0, -1 ], [ 1, -1, 0, 1, 0, 0 ], [ 1, -1, 1, -1, 0, 0 ], 
      [ 1, -1, 1, -1, 0, 1 ], [ 1, -1, 1, -1, 1, -1 ], [ 1, -1, 1, -1, 1, 0 ], [ 1, -1, 1, 0, -1, 0 ], 
      [ 1, -1, 1, 0, -1, 1 ], [ 1, -1, 1, 0, 0, -1 ], [ 1, -1, 1, 0, 0, 0 ], [ 1, 0, -1, 0, 0, 1 ], 
      [ 1, 0, -1, 0, 1, -1 ], [ 1, 0, -1, 0, 1, 0 ], [ 1, 0, -1, 1, -1, 0 ], [ 1, 0, -1, 1, -1, 1 ], 
      [ 1, 0, -1, 1, 0, -1 ], [ 1, 0, -1, 1, 0, 0 ], [ 1, 0, 0, -1, 0, 1 ], [ 1, 0, 0, -1, 1, 0 ], 
      [ 1, 0, 0, 0, 0, 0 ], [ 1, 0, 0, 0, 0, 1 ], [ 1, 0, 0, 0, 1, -1 ], [ 1, 0, 0, 0, 1, 0 ], 
      [ 1, 0, 0, 1, -1, 1 ], [ 2, -2, 1, 0, 0, 0 ] ],
  eInvariant := rec(
      nbFac := 25,
      nbIneq := 912 ) );
