return rec(
  CharMat := [ [ 11, 8, 4, 1, -2, -1 ], [ 8, 22, 22, 14, 6, 3 ], [ 4, 22, 38, 25, 12, 6 ], 
      [ 1, 14, 25, 30, 16, 8 ], [ -2, 6, 12, 16, 20, 10 ], [ -1, 3, 6, 8, 10, 11 ] ],
  ListInequalities := [ [ -1, 0, 0, 0, 0, 0, 2, -1, 0, 0, 0, 0, 0, 0, 0, 0, 0, 0, 0, 0, 0 ], 
      [ -1, -1, 0, 0, 0, 0, 2, -1, 0, 0, 0, 1, 0, 0, 0, 0, 0, 0, 0, 0, 0 ], 
      [ 0, 0, 0, 0, 0, 0, 0, 0, 0, -1, 1, 0, 0, 0, 0, 0, 0, 0, 0, 0, 0 ], 
      [ 0, 0, 0, 0, 0, 0, 0, 0, 1, 0, 0, 0, 0, 0, 0, 0, 0, 0, 0, 0, 0 ], 
      [ 1, 0, 0, 0, 0, 0, -1, 0, 0, 1, 0, 0, 0, 0, 0, 0, 0, 0, 0, 0, 0 ], 
      [ 0, 0, 0, 0, 0, 0, 0, 0, 0, 0, 1, 0, 0, 0, 0, 0, 0, 0, 0, -1, 1 ], 
      [ 0, 1, 1, 0, 0, 0, -1, 1, 0, 0, 0, -2, 1, 0, 0, -1, 0, 0, 0, 0, 0 ], 
      [ 0, 1, 0, 0, 0, 0, -1, 0, 1, 0, 0, 0, -1, 0, 0, 0, 0, 0, 0, 0, 0 ], 
      [ 0, 1, 0, 0, 0, 0, -1, 1, 0, 0, 0, -1, 0, -1, 0, 0, 1, 0, 0, 0, 0 ], 
      [ 1, 1, 0, 0, 0, 0, -2, 1, 0, 1, -1, -1, 0, -1, 1, 0, 1, -1, 0, 0, 0 ], 
      [ 0, -1, 0, 0, 0, 0, 1, -1, 0, 0, 0, 1, 0, 1, -1, 0, -1, 1, 0, 0, 0 ], 
      [ 0, 0, 0, 0, 0, 0, 0, 0, 0, -1, 1, 0, 0, 2, -2, 0, -1, 1, 0, 0, 0 ], 
      [ 0, 0, 0, 1, 0, 0, 0, 0, 0, 0, 0, 0, 0, 0, 0, -1, 1, 0, -1, 0, 0 ], 
      [ 0, 0, 0, 0, 0, 1, 0, 0, 0, 0, 0, 0, 0, 0, 0, 0, 0, 0, 0, 0, -1 ] ],
  ListInformations := 
   [ [ [ 1, [ 94, 122 ] ], [ 1, [ 94, 122 ] ], [ 126, [ 5, 33 ] ], [ 126, [ 5, 33 ] ], [ 126, [ 5, 33 ] ], 
          [ 1, [ 94, 122 ] ] ], 
      [ [ 1, [ 97, 112 ] ], [ 1, [ 97, 112 ] ], [ 126, [ 15, 30 ] ], [ 126, [ 15, 30 ] ], [ 126, [ 15, 30 ] ], 
          [ 1, [ 97, 112 ] ] ], 
      [ [ 3, [ 65, 122 ] ], [ 3, [ 65, 122 ] ], [ 124, [ 5, 62 ] ], [ 124, [ 5, 62 ] ], [ 124, [ 5, 62 ] ], 
          [ 3, [ 65, 122 ] ] ], 
      [ [ 118, [ 5, 70 ] ], [ 118, [ 5, 70 ] ], [ 9, [ 57, 122 ] ], [ 9, [ 57, 122 ] ], [ 9, [ 57, 122 ] ], 
          [ 118, [ 5, 70 ] ] ], 
      [ [ 90, [ 100, 5 ] ], [ 90, [ 100, 5 ] ], [ 37, [ 122, 27 ] ], [ 37, [ 122, 27 ] ], [ 37, [ 122, 27 ] ], 
          [ 90, [ 100, 5 ] ] ], 
      [ [ 120, [ 6, 64 ] ], [ 120, [ 6, 64 ] ], [ 7, [ 63, 121 ] ], [ 7, [ 63, 121 ] ], [ 7, [ 63, 121 ] ], 
          [ 120, [ 6, 64 ] ] ], 
      [ [ 9, [ 78, 105 ] ], [ 9, [ 78, 105 ] ], [ 118, [ 22, 49 ] ], [ 118, [ 22, 49 ] ], [ 118, [ 22, 49 ] ], 
          [ 9, [ 78, 105 ] ] ], 
      [ [ 9, [ 86, 97 ] ], [ 9, [ 86, 97 ] ], [ 118, [ 30, 41 ] ], [ 118, [ 30, 41 ] ], [ 118, [ 30, 41 ] ], 
          [ 9, [ 86, 97 ] ] ], [ [ 14, [ 78, 100 ] ], [ 14, [ 78, 100 ] ], [ 113, [ 27, 49 ] ], 
          [ 113, [ 27, 49 ] ], [ 113, [ 27, 49 ] ], [ 14, [ 78, 100 ] ] ], 
      [ [ 76, [ 99, 15 ] ], [ 76, [ 99, 15 ] ], [ 51, [ 112, 28 ] ], [ 51, [ 112, 28 ] ], [ 51, [ 112, 28 ] ], 
          [ 76, [ 99, 15 ] ] ], 
      [ [ 96, [ 28, 78 ] ], [ 96, [ 28, 78 ] ], [ 31, [ 49, 99 ] ], [ 31, [ 49, 99 ] ], [ 31, [ 49, 99 ] ], 
          [ 96, [ 28, 78 ] ] ], 
      [ [ 31, [ 65, 94 ] ], [ 31, [ 65, 94 ] ], [ 96, [ 33, 62 ] ], [ 96, [ 33, 62 ] ], [ 96, [ 33, 62 ] ], 
          [ 31, [ 65, 94 ] ] ], 
      [ [ 52, [ 67, 71 ] ], [ 52, [ 67, 71 ] ], [ 75, [ 56, 60 ] ], [ 75, [ 56, 60 ] ], [ 75, [ 56, 60 ] ], 
          [ 52, [ 67, 71 ] ] ], 
      [ [ 61, [ 64, 65 ] ], [ 61, [ 64, 65 ] ], [ 66, [ 62, 63 ] ], [ 66, [ 62, 63 ] ], [ 66, [ 62, 63 ] ], 
          [ 61, [ 64, 65 ] ] ] ],
  Status := "NO",
  TheCtype := [ [ -2, 2, -1, 0, 0, 0 ], [ -1, 0, 0, 0, -1, 0 ], [ -1, 0, 0, 0, -1, 1 ], [ -1, 0, 0, 0, 0, -1 ], 
      [ -1, 0, 0, 0, 0, 0 ], [ -1, 0, 0, 1, -1, 0 ], [ -1, 0, 0, 1, -1, 1 ], [ -1, 0, 0, 1, 0, -1 ], 
      [ -1, 0, 0, 1, 0, 0 ], [ -1, 0, 1, -1, 0, 0 ], [ -1, 0, 1, -1, 0, 1 ], [ -1, 0, 1, -1, 1, -1 ], 
      [ -1, 0, 1, -1, 1, 0 ], [ -1, 0, 1, 0, -1, 0 ], [ -1, 1, -1, 0, 0, 0 ], [ -1, 1, -1, 0, 0, 1 ], 
      [ -1, 1, -1, 0, 1, -1 ], [ -1, 1, -1, 0, 1, 0 ], [ -1, 1, -1, 1, -1, 0 ], [ -1, 1, -1, 1, -1, 1 ], 
      [ -1, 1, -1, 1, 0, -1 ], [ -1, 1, -1, 1, 0, 0 ], [ -1, 1, 0, -1, 0, 0 ], [ -1, 1, 0, -1, 0, 1 ], 
      [ -1, 1, 0, -1, 1, -1 ], [ -1, 1, 0, -1, 1, 0 ], [ -1, 1, 0, 0, -1, 0 ], [ -1, 1, 0, 0, -1, 1 ], 
      [ -1, 1, 0, 0, 0, -1 ], [ -1, 1, 0, 0, 0, 0 ], [ -1, 2, -1, 0, -1, 1 ], [ -1, 2, -1, 0, 0, -1 ], 
      [ -1, 2, -1, 0, 0, 0 ], [ 0, -1, 0, 0, 0, 0 ], [ 0, -1, 0, 0, 0, 1 ], [ 0, -1, 0, 0, 1, -1 ], 
      [ 0, -1, 0, 0, 1, 0 ], [ 0, -1, 0, 1, -1, 0 ], [ 0, -1, 0, 1, -1, 1 ], [ 0, -1, 0, 1, 0, -1 ], 
      [ 0, -1, 0, 1, 0, 0 ], [ 0, -1, 1, -1, 0, 0 ], [ 0, -1, 1, -1, 0, 1 ], [ 0, -1, 1, -1, 1, -1 ], 
      [ 0, -1, 1, -1, 1, 0 ], [ 0, -1, 1, 0, -1, 0 ], [ 0, -1, 1, 0, -1, 1 ], [ 0, -1, 1, 0, 0, -1 ], 
      [ 0, -1, 1, 0, 0, 0 ], [ 0, 0, -1, 0, 0, 1 ], [ 0, 0, -1, 0, 1, -1 ], [ 0, 0, -1, 0, 1, 0 ], 
      [ 0, 0, -1, 1, -1, 0 ], [ 0, 0, -1, 1, -1, 1 ], [ 0, 0, -1, 1, 0, -1 ], [ 0, 0, -1, 1, 0, 0 ], 
      [ 0, 0, 0, -1, 0, 0 ], [ 0, 0, 0, -1, 0, 1 ], [ 0, 0, 0, -1, 1, -1 ], [ 0, 0, 0, -1, 1, 0 ], 
      [ 0, 0, 0, 0, -1, 0 ], [ 0, 0, 0, 0, -1, 1 ], [ 0, 0, 0, 0, 0, -1 ], [ 0, 0, 0, 0, 0, 1 ], 
      [ 0, 0, 0, 0, 1, -1 ], [ 0, 0, 0, 0, 1, 0 ], [ 0, 0, 0, 1, -1, 0 ], [ 0, 0, 0, 1, -1, 1 ], 
      [ 0, 0, 0, 1, 0, -1 ], [ 0, 0, 0, 1, 0, 0 ], [ 0, 0, 1, -1, 0, 0 ], [ 0, 0, 1, -1, 0, 1 ], 
      [ 0, 0, 1, -1, 1, -1 ], [ 0, 0, 1, -1, 1, 0 ], [ 0, 0, 1, 0, -1, 0 ], [ 0, 0, 1, 0, -1, 1 ], 
      [ 0, 0, 1, 0, 0, -1 ], [ 0, 1, -1, 0, 0, 0 ], [ 0, 1, -1, 0, 0, 1 ], [ 0, 1, -1, 0, 1, -1 ], 
      [ 0, 1, -1, 0, 1, 0 ], [ 0, 1, -1, 1, -1, 0 ], [ 0, 1, -1, 1, -1, 1 ], [ 0, 1, -1, 1, 0, -1 ], 
      [ 0, 1, -1, 1, 0, 0 ], [ 0, 1, 0, -1, 0, 0 ], [ 0, 1, 0, -1, 0, 1 ], [ 0, 1, 0, -1, 1, -1 ], 
      [ 0, 1, 0, -1, 1, 0 ], [ 0, 1, 0, 0, -1, 0 ], [ 0, 1, 0, 0, -1, 1 ], [ 0, 1, 0, 0, 0, -1 ], 
      [ 0, 1, 0, 0, 0, 0 ], [ 1, -2, 1, 0, 0, 0 ], [ 1, -2, 1, 0, 0, 1 ], [ 1, -2, 1, 0, 1, -1 ], 
      [ 1, -1, 0, 0, 0, 0 ], [ 1, -1, 0, 0, 0, 1 ], [ 1, -1, 0, 0, 1, -1 ], [ 1, -1, 0, 0, 1, 0 ], 
      [ 1, -1, 0, 1, -1, 0 ], [ 1, -1, 0, 1, -1, 1 ], [ 1, -1, 0, 1, 0, -1 ], [ 1, -1, 0, 1, 0, 0 ], 
      [ 1, -1, 1, -1, 0, 0 ], [ 1, -1, 1, -1, 0, 1 ], [ 1, -1, 1, -1, 1, -1 ], [ 1, -1, 1, -1, 1, 0 ], 
      [ 1, -1, 1, 0, -1, 0 ], [ 1, -1, 1, 0, -1, 1 ], [ 1, -1, 1, 0, 0, -1 ], [ 1, -1, 1, 0, 0, 0 ], 
      [ 1, 0, -1, 0, 1, 0 ], [ 1, 0, -1, 1, -1, 0 ], [ 1, 0, -1, 1, -1, 1 ], [ 1, 0, -1, 1, 0, -1 ], 
      [ 1, 0, -1, 1, 0, 0 ], [ 1, 0, 0, -1, 0, 0 ], [ 1, 0, 0, -1, 0, 1 ], [ 1, 0, 0, -1, 1, -1 ], 
      [ 1, 0, 0, -1, 1, 0 ], [ 1, 0, 0, 0, 0, 0 ], [ 1, 0, 0, 0, 0, 1 ], [ 1, 0, 0, 0, 1, -1 ], 
      [ 1, 0, 0, 0, 1, 0 ], [ 2, -2, 1, 0, 0, 0 ] ],
  eInvariant := rec(
      nbFac := 24,
      nbIneq := 909 ) );
