return rec(
  CharMat := [ [ 11, 8, 5, 2, -1, -2 ], [ 8, 16, 14, 9, 4, 1 ], [ 5, 14, 23, 16, 9, 4 ], [ 2, 9, 16, 20, 14, 7 ],
      [ -1, 4, 9, 14, 19, 10 ], [ -2, 1, 4, 7, 10, 12 ] ],
  ListInequalities := [ [ 0, 0, 0, 0, 0, 1, 0, 0, 0, -1, 1, 0, 0, 0, 0, 0, 0, 0, 0, 0, -1 ], 
      [ 0, 0, 0, 0, 0, 0, 0, 0, 0, -1, 0, 0, 0, 0, 0, 0, 0, 0, 0, 0, 0 ], 
      [ 0, 0, 0, 0, 0, 0, 0, 0, 0, 1, -1, 0, 0, 0, 0, 0, 0, 0, 0, 0, 0 ], 
      [ 0, 0, 0, 0, 0, 0, 0, 0, 1, -1, 1, 0, 0, 0, 0, 0, 0, 0, 0, 0, 0 ], 
      [ 0, 0, 0, 0, 0, 0, 0, 0, 0, 0, 1, 0, 0, 0, 0, 0, 0, 0, 0, -1, 1 ], 
      [ 0, 0, 0, 1, 0, 0, 0, 1, -1, 0, 0, 0, 0, 0, 0, -1, 1, 0, -1, 0, 0 ], 
      [ 0, 1, 1, 0, 0, 0, -1, 1, 0, 0, 0, -2, 1, 0, 0, -1, 0, 0, 0, 0, 0 ], 
      [ 0, 1, 0, 0, 0, 0, -1, 1, 0, 0, 0, -1, 0, -1, 1, 0, 1, -1, 0, 0, 0 ], 
      [ 0, 1, 0, 0, 0, 0, -1, 1, 0, 0, 0, -1, 0, 0, -1, 0, 0, 1, 0, 0, 0 ], 
      [ 0, -1, 0, 0, 0, 0, 1, -1, 0, 0, 0, 1, 0, 0, 0, 0, 0, 0, 0, 0, 0 ] ],
  ListInformations := 
   [ [ [ 1, [ 65, 125 ] ], [ 1, [ 65, 125 ] ], [ 126, [ 2, 62 ] ], [ 126, [ 2, 62 ] ], [ 126, [ 2, 62 ] ], 
          [ 1, [ 65, 125 ] ] ], [ [ 1, [ 66, 124 ] ], [ 1, [ 66, 124 ] ], [ 126, [ 3, 61 ] ], [ 126, [ 3, 61 ] ],
          [ 126, [ 3, 61 ] ], [ 1, [ 66, 124 ] ] ], 
      [ [ 123, [ 3, 65 ] ], [ 123, [ 3, 65 ] ], [ 4, [ 62, 124 ] ], [ 4, [ 62, 124 ] ], [ 4, [ 62, 124 ] ], 
          [ 123, [ 3, 65 ] ] ], [ [ 121, [ 3, 68 ] ], [ 121, [ 3, 68 ] ], [ 6, [ 59, 124 ] ], [ 6, [ 59, 124 ] ],
          [ 6, [ 59, 124 ] ], [ 121, [ 3, 68 ] ] ], 
      [ [ 121, [ 5, 64 ] ], [ 121, [ 5, 64 ] ], [ 6, [ 63, 122 ] ], [ 6, [ 63, 122 ] ], [ 6, [ 63, 122 ] ], 
          [ 121, [ 5, 64 ] ] ], 
      [ [ 114, [ 5, 72 ] ], [ 114, [ 5, 72 ] ], [ 13, [ 55, 122 ] ], [ 13, [ 55, 122 ] ], [ 13, [ 55, 122 ] ], 
          [ 114, [ 5, 72 ] ] ], 
      [ [ 8, [ 79, 104 ] ], [ 8, [ 79, 104 ] ], [ 119, [ 23, 48 ] ], [ 119, [ 23, 48 ] ], [ 119, [ 23, 48 ] ], 
          [ 8, [ 79, 104 ] ] ], 
      [ [ 14, [ 79, 98 ] ], [ 14, [ 79, 98 ] ], [ 113, [ 29, 48 ] ], [ 113, [ 29, 48 ] ], [ 113, [ 29, 48 ] ], 
          [ 14, [ 79, 98 ] ] ], 
      [ [ 15, [ 79, 97 ] ], [ 15, [ 79, 97 ] ], [ 112, [ 30, 48 ] ], [ 112, [ 30, 48 ] ], [ 112, [ 30, 48 ] ], 
          [ 15, [ 79, 97 ] ] ], [ [ 95, [ 31, 79 ] ], [ 95, [ 31, 79 ] ], [ 32, [ 48, 96 ] ], [ 32, [ 48, 96 ] ],
          [ 32, [ 48, 96 ] ], [ 95, [ 31, 79 ] ] ] ],
  Status := "YES",
  TheCtype := [ [ -1, 0, 0, 0, -1, 0 ], [ -1, 0, 0, 0, 0, -1 ], [ -1, 0, 0, 0, 0, 0 ], [ -1, 0, 0, 0, 1, -1 ], 
      [ -1, 0, 0, 1, -1, 0 ], [ -1, 0, 0, 1, -1, 1 ], [ -1, 0, 0, 1, 0, -1 ], [ -1, 0, 0, 1, 0, 0 ], 
      [ -1, 0, 1, -1, 0, 0 ], [ -1, 0, 1, -1, 0, 1 ], [ -1, 0, 1, -1, 1, -1 ], [ -1, 0, 1, -1, 1, 0 ], 
      [ -1, 0, 1, 0, -1, 0 ], [ -1, 0, 1, 0, -1, 1 ], [ -1, 0, 1, 0, 0, -1 ], [ -1, 1, -1, 0, 0, 0 ], 
      [ -1, 1, -1, 0, 0, 1 ], [ -1, 1, -1, 0, 1, -1 ], [ -1, 1, -1, 0, 1, 0 ], [ -1, 1, -1, 1, -1, 0 ], 
      [ -1, 1, -1, 1, -1, 1 ], [ -1, 1, -1, 1, 0, -1 ], [ -1, 1, -1, 1, 0, 0 ], [ -1, 1, 0, -1, 0, 0 ], 
      [ -1, 1, 0, -1, 0, 1 ], [ -1, 1, 0, -1, 1, -1 ], [ -1, 1, 0, -1, 1, 0 ], [ -1, 1, 0, 0, -1, 0 ], 
      [ -1, 1, 0, 0, -1, 1 ], [ -1, 1, 0, 0, 0, -1 ], [ -1, 1, 0, 0, 0, 0 ], [ -1, 2, -1, 0, 0, 0 ], 
      [ 0, -1, 0, 0, 0, 0 ], [ 0, -1, 0, 0, 0, 1 ], [ 0, -1, 0, 0, 1, -1 ], [ 0, -1, 0, 0, 1, 0 ], 
      [ 0, -1, 0, 1, -1, 0 ], [ 0, -1, 0, 1, -1, 1 ], [ 0, -1, 0, 1, 0, -1 ], [ 0, -1, 0, 1, 0, 0 ], 
      [ 0, -1, 1, -1, 0, 0 ], [ 0, -1, 1, -1, 0, 1 ], [ 0, -1, 1, -1, 1, -1 ], [ 0, -1, 1, -1, 1, 0 ], 
      [ 0, -1, 1, 0, -1, 0 ], [ 0, -1, 1, 0, -1, 1 ], [ 0, -1, 1, 0, 0, -1 ], [ 0, -1, 1, 0, 0, 0 ], 
      [ 0, 0, -1, 0, 0, 0 ], [ 0, 0, -1, 0, 0, 1 ], [ 0, 0, -1, 0, 1, -1 ], [ 0, 0, -1, 1, -1, 0 ], 
      [ 0, 0, -1, 1, -1, 1 ], [ 0, 0, -1, 1, 0, -1 ], [ 0, 0, -1, 1, 0, 0 ], [ 0, 0, -1, 2, -1, 0 ], 
      [ 0, 0, 0, -1, 0, 0 ], [ 0, 0, 0, -1, 0, 1 ], [ 0, 0, 0, -1, 1, -1 ], [ 0, 0, 0, -1, 1, 0 ], 
      [ 0, 0, 0, 0, -1, 0 ], [ 0, 0, 0, 0, -1, 1 ], [ 0, 0, 0, 0, 0, -1 ], [ 0, 0, 0, 0, 0, 1 ], 
      [ 0, 0, 0, 0, 1, -1 ], [ 0, 0, 0, 0, 1, 0 ], [ 0, 0, 0, 1, -1, 0 ], [ 0, 0, 0, 1, -1, 1 ], 
      [ 0, 0, 0, 1, 0, -1 ], [ 0, 0, 0, 1, 0, 0 ], [ 0, 0, 1, -2, 1, 0 ], [ 0, 0, 1, -1, 0, 0 ], 
      [ 0, 0, 1, -1, 0, 1 ], [ 0, 0, 1, -1, 1, -1 ], [ 0, 0, 1, -1, 1, 0 ], [ 0, 0, 1, 0, -1, 1 ], 
      [ 0, 0, 1, 0, 0, -1 ], [ 0, 0, 1, 0, 0, 0 ], [ 0, 1, -1, 0, 0, 0 ], [ 0, 1, -1, 0, 0, 1 ], 
      [ 0, 1, -1, 0, 1, -1 ], [ 0, 1, -1, 0, 1, 0 ], [ 0, 1, -1, 1, -1, 0 ], [ 0, 1, -1, 1, -1, 1 ], 
      [ 0, 1, -1, 1, 0, -1 ], [ 0, 1, -1, 1, 0, 0 ], [ 0, 1, 0, -1, 0, 0 ], [ 0, 1, 0, -1, 0, 1 ], 
      [ 0, 1, 0, -1, 1, -1 ], [ 0, 1, 0, -1, 1, 0 ], [ 0, 1, 0, 0, -1, 0 ], [ 0, 1, 0, 0, -1, 1 ], 
      [ 0, 1, 0, 0, 0, -1 ], [ 0, 1, 0, 0, 0, 0 ], [ 1, -2, 1, 0, 0, 0 ], [ 1, -1, 0, 0, 0, 0 ], 
      [ 1, -1, 0, 0, 0, 1 ], [ 1, -1, 0, 0, 1, -1 ], [ 1, -1, 0, 0, 1, 0 ], [ 1, -1, 0, 1, -1, 0 ], 
      [ 1, -1, 0, 1, -1, 1 ], [ 1, -1, 0, 1, 0, -1 ], [ 1, -1, 0, 1, 0, 0 ], [ 1, -1, 1, -1, 0, 0 ], 
      [ 1, -1, 1, -1, 0, 1 ], [ 1, -1, 1, -1, 1, -1 ], [ 1, -1, 1, -1, 1, 0 ], [ 1, -1, 1, 0, -1, 0 ], 
      [ 1, -1, 1, 0, -1, 1 ], [ 1, -1, 1, 0, 0, -1 ], [ 1, -1, 1, 0, 0, 0 ], [ 1, 0, -1, 0, 0, 1 ], 
      [ 1, 0, -1, 0, 1, -1 ], [ 1, 0, -1, 0, 1, 0 ], [ 1, 0, -1, 1, -1, 0 ], [ 1, 0, -1, 1, -1, 1 ], 
      [ 1, 0, -1, 1, 0, -1 ], [ 1, 0, -1, 1, 0, 0 ], [ 1, 0, 0, -1, 0, 0 ], [ 1, 0, 0, -1, 0, 1 ], 
      [ 1, 0, 0, -1, 1, -1 ], [ 1, 0, 0, -1, 1, 0 ], [ 1, 0, 0, 0, -1, 1 ], [ 1, 0, 0, 0, 0, 0 ], 
      [ 1, 0, 0, 0, 0, 1 ], [ 1, 0, 0, 0, 1, 0 ] ],
  eInvariant := rec(
      nbFac := 33,
      nbIneq := 915 ) );
