return rec(
  CharMat := [ [ 14, 9, 4, -1, -3, -4 ], [ 9, 22, 14, 6, 1, 2 ], [ 4, 14, 24, 15, 9, 7 ], 
      [ -1, 6, 15, 24, 17, 12 ], [ -3, 1, 9, 17, 21, 13 ], [ -4, 2, 7, 12, 13, 16 ] ],
  ListInequalities := [ [ 0, 0, 0, 0, 1, 0, 0, 0, -1, 1, 0, 0, 0, 0, 0, 0, 0, 0, -1, 0, 0 ], 
      [ 0, 0, 0, 0, 0, 1, 0, 0, -1, 0, 1, 0, 0, 0, 0, 0, 0, 0, 0, -1, 0 ], 
      [ 0, 0, 0, 0, 0, 0, 0, 0, -1, 0, 0, 0, 0, 0, 0, 0, 0, 0, 0, 0, 0 ], 
      [ 0, 0, 0, 0, 0, 0, 0, 0, 1, -1, 0, 0, 0, 0, 0, 0, 0, 0, 0, 1, -1 ], 
      [ 0, 0, 0, 0, 0, 0, 0, 0, 0, 1, -1, 0, 0, 0, 0, 0, 0, 0, 0, 0, 0 ], 
      [ 0, 0, 0, 0, 0, 0, 0, 1, -1, 0, 1, 0, 0, 0, 0, 0, 0, 0, 0, 0, 0 ], 
      [ 1, 0, 0, 0, 0, 0, -1, 0, 0, 0, 1, 0, 0, 0, 0, 0, 0, 0, 0, 0, 0 ], 
      [ 0, 0, 0, 0, 0, 0, 0, 0, 0, 0, 1, 0, 0, 0, 0, 0, 0, -1, 0, 1, 0 ], 
      [ 0, 0, 0, 0, 0, 0, 0, 0, 0, -1, 1, 0, 0, 0, 0, 0, 1, -1, 0, 0, 0 ], 
      [ 0, 1, 0, 0, 0, 0, -1, 1, 0, -1, 1, -1, 0, 1, -1, 0, 0, 0, 0, 0, 0 ], 
      [ 0, 0, 0, 0, 1, 0, 0, 0, 0, -1, 1, 0, 0, 1, -1, 0, 0, 0, -1, 1, -1 ], 
      [ 0, 0, 0, 0, 0, 0, 0, 0, -1, 0, 1, 0, 1, 0, -1, 0, 0, 0, 0, 0, 0 ], 
      [ 0, 0, 0, 0, 0, 1, 0, 0, 0, -1, 1, 0, 0, 1, -1, 0, 0, 0, 0, 0, -1 ], 
      [ 0, 0, 0, 0, 0, 0, 0, 0, 0, 0, 0, 0, 0, -1, 1, 0, 0, 0, 0, 0, 0 ], 
      [ 0, 0, 0, 0, 0, 0, 0, 0, 0, 0, 0, 0, 0, 1, 0, 0, 0, 0, 0, 0, 0 ], 
      [ 0, 0, 1, 0, 0, 0, 0, 0, 0, 0, 0, -1, 1, 0, 0, -1, 0, 0, 0, 0, 0 ], 
      [ 0, 0, 0, 0, 0, 0, 0, 0, 0, 0, 0, 0, -1, 1, 0, 1, -1, 0, 0, 0, 0 ], 
      [ 0, 0, 0, 0, 0, 0, 0, 0, 0, 0, 0, 0, 0, 0, 0, 0, 0, 0, 0, -1, 1 ] ],
  ListInformations := 
   [ [ [ 1, [ 67, 125 ] ], [ 1, [ 67, 125 ] ], [ 126, [ 2, 60 ] ], [ 126, [ 2, 60 ] ], [ 126, [ 2, 60 ] ], 
          [ 1, [ 67, 125 ] ] ], [ [ 1, [ 69, 124 ] ], [ 1, [ 69, 124 ] ], [ 126, [ 3, 58 ] ], [ 126, [ 3, 58 ] ],
          [ 126, [ 3, 58 ] ], [ 1, [ 69, 124 ] ] ], 
      [ [ 1, [ 70, 123 ] ], [ 1, [ 70, 123 ] ], [ 126, [ 4, 57 ] ], [ 126, [ 4, 57 ] ], [ 126, [ 4, 57 ] ], 
          [ 1, [ 70, 123 ] ] ], [ [ 121, [ 3, 67 ] ], [ 121, [ 3, 67 ] ], [ 6, [ 60, 124 ] ], [ 6, [ 60, 124 ] ],
          [ 6, [ 60, 124 ] ], [ 121, [ 3, 67 ] ] ], 
      [ [ 122, [ 4, 65 ] ], [ 122, [ 4, 65 ] ], [ 5, [ 62, 123 ] ], [ 5, [ 62, 123 ] ], [ 5, [ 62, 123 ] ], 
          [ 122, [ 4, 65 ] ] ], 
      [ [ 117, [ 4, 72 ] ], [ 117, [ 4, 72 ] ], [ 10, [ 55, 123 ] ], [ 10, [ 55, 123 ] ], [ 10, [ 55, 123 ] ], 
          [ 117, [ 4, 72 ] ] ], [ [ 92, [ 97, 4 ] ], [ 92, [ 97, 4 ] ], [ 35, [ 123, 30 ] ], [ 35, [ 123, 30 ] ],
          [ 35, [ 123, 30 ] ], [ 92, [ 97, 4 ] ] ], 
      [ [ 117, [ 9, 64 ] ], [ 117, [ 9, 64 ] ], [ 10, [ 63, 118 ] ], [ 10, [ 63, 118 ] ], [ 10, [ 63, 118 ] ], 
          [ 117, [ 9, 64 ] ] ], [ [ 14, [ 65, 111 ] ], [ 14, [ 65, 111 ] ], [ 113, [ 16, 62 ] ], 
          [ 113, [ 16, 62 ] ], [ 113, [ 16, 62 ] ], [ 14, [ 65, 111 ] ] ], 
      [ [ 14, [ 81, 96 ] ], [ 14, [ 81, 96 ] ], [ 113, [ 31, 46 ] ], [ 113, [ 31, 46 ] ], [ 113, [ 31, 46 ] ], 
          [ 14, [ 81, 96 ] ] ], 
      [ [ 26, [ 65, 99 ] ], [ 26, [ 65, 99 ] ], [ 101, [ 28, 62 ] ], [ 101, [ 28, 62 ] ], [ 101, [ 28, 62 ] ], 
          [ 26, [ 65, 99 ] ] ], 
      [ [ 26, [ 69, 96 ] ], [ 26, [ 69, 96 ] ], [ 101, [ 31, 58 ] ], [ 101, [ 31, 58 ] ], [ 101, [ 31, 58 ] ], 
          [ 26, [ 69, 96 ] ] ], [ [ 29, [ 65, 97 ] ], [ 29, [ 65, 97 ] ], [ 98, [ 30, 62 ] ], [ 98, [ 30, 62 ] ],
          [ 98, [ 30, 62 ] ], [ 29, [ 65, 97 ] ] ], 
      [ [ 33, [ 65, 93 ] ], [ 33, [ 65, 93 ] ], [ 94, [ 34, 62 ] ], [ 94, [ 34, 62 ] ], [ 94, [ 34, 62 ] ], 
          [ 33, [ 65, 93 ] ] ], [ [ 91, [ 34, 66 ] ], [ 91, [ 34, 66 ] ], [ 36, [ 61, 93 ] ], [ 36, [ 61, 93 ] ],
          [ 36, [ 61, 93 ] ], [ 91, [ 34, 66 ] ] ], 
      [ [ 40, [ 71, 79 ] ], [ 40, [ 71, 79 ] ], [ 87, [ 48, 56 ] ], [ 87, [ 48, 56 ] ], [ 87, [ 48, 56 ] ], 
          [ 40, [ 71, 79 ] ] ], [ [ 44, [ 67, 79 ] ], [ 44, [ 67, 79 ] ], [ 83, [ 48, 60 ] ], [ 83, [ 48, 60 ] ],
          [ 83, [ 48, 60 ] ], [ 44, [ 67, 79 ] ] ], 
      [ [ 59, [ 64, 67 ] ], [ 59, [ 64, 67 ] ], [ 68, [ 60, 63 ] ], [ 68, [ 60, 63 ] ], [ 68, [ 60, 63 ] ], 
          [ 59, [ 64, 67 ] ] ] ],
  Status := "NO",
  TheCtype := [ [ -1, 0, 0, -1, 0, 0 ], [ -1, 0, 0, 0, -1, 0 ], [ -1, 0, 0, 0, 0, -1 ], [ -1, 0, 0, 0, 0, 0 ], 
      [ -1, 0, 0, 0, 1, -1 ], [ -1, 0, 0, 1, -1, -1 ], [ -1, 0, 0, 1, -1, 0 ], [ -1, 0, 0, 1, 0, -1 ], 
      [ -1, 0, 1, -1, 0, 0 ], [ -1, 0, 1, -1, 0, 1 ], [ -1, 0, 1, -1, 1, -1 ], [ -1, 0, 1, -1, 1, 0 ], 
      [ -1, 0, 1, 0, -1, 0 ], [ -1, 0, 1, 0, -1, 1 ], [ -1, 0, 1, 0, 0, -1 ], [ -1, 0, 1, 0, 0, 0 ], 
      [ -1, 1, -1, 0, 0, 0 ], [ -1, 1, -1, 0, 0, 1 ], [ -1, 1, -1, 0, 1, -1 ], [ -1, 1, -1, 0, 1, 0 ], 
      [ -1, 1, -1, 1, -1, 0 ], [ -1, 1, -1, 1, -1, 1 ], [ -1, 1, -1, 1, 0, -1 ], [ -1, 1, -1, 1, 0, 0 ], 
      [ -1, 1, 0, -1, 0, 0 ], [ -1, 1, 0, -1, 0, 1 ], [ -1, 1, 0, -1, 1, -1 ], [ -1, 1, 0, -1, 1, 0 ], 
      [ -1, 1, 0, 0, -1, 0 ], [ -1, 1, 0, 0, 0, -1 ], [ -1, 1, 0, 0, 0, 0 ], [ -1, 1, 0, 0, 1, -1 ], 
      [ 0, -1, 0, 0, -1, 1 ], [ 0, -1, 0, 0, 0, 0 ], [ 0, -1, 0, 0, 0, 1 ], [ 0, -1, 0, 0, 1, 0 ], 
      [ 0, -1, 0, 1, -1, 0 ], [ 0, -1, 0, 1, -1, 1 ], [ 0, -1, 0, 1, 0, -1 ], [ 0, -1, 0, 1, 0, 0 ], 
      [ 0, -1, 1, -1, 0, 0 ], [ 0, -1, 1, -1, 0, 1 ], [ 0, -1, 1, -1, 1, -1 ], [ 0, -1, 1, -1, 1, 0 ], 
      [ 0, -1, 1, 0, -1, 0 ], [ 0, -1, 1, 0, -1, 1 ], [ 0, -1, 1, 0, 0, -1 ], [ 0, -1, 1, 0, 0, 0 ], 
      [ 0, 0, -1, 0, 0, 0 ], [ 0, 0, -1, 0, 0, 1 ], [ 0, 0, -1, 0, 1, -1 ], [ 0, 0, -1, 0, 1, 0 ], 
      [ 0, 0, -1, 1, -1, 0 ], [ 0, 0, -1, 1, -1, 1 ], [ 0, 0, -1, 1, 0, -1 ], [ 0, 0, -1, 1, 0, 0 ], 
      [ 0, 0, 0, -1, 0, 0 ], [ 0, 0, 0, -1, 0, 1 ], [ 0, 0, 0, -1, 1, -1 ], [ 0, 0, 0, -1, 1, 0 ], 
      [ 0, 0, 0, 0, -1, 0 ], [ 0, 0, 0, 0, -1, 1 ], [ 0, 0, 0, 0, 0, -1 ], [ 0, 0, 0, 0, 0, 1 ], 
      [ 0, 0, 0, 0, 1, -1 ], [ 0, 0, 0, 0, 1, 0 ], [ 0, 0, 0, 1, -1, 0 ], [ 0, 0, 0, 1, -1, 1 ], 
      [ 0, 0, 0, 1, 0, -1 ], [ 0, 0, 0, 1, 0, 0 ], [ 0, 0, 1, -1, 0, 0 ], [ 0, 0, 1, -1, 0, 1 ], 
      [ 0, 0, 1, -1, 1, -1 ], [ 0, 0, 1, -1, 1, 0 ], [ 0, 0, 1, 0, -1, 0 ], [ 0, 0, 1, 0, -1, 1 ], 
      [ 0, 0, 1, 0, 0, -1 ], [ 0, 0, 1, 0, 0, 0 ], [ 0, 1, -1, 0, 0, 0 ], [ 0, 1, -1, 0, 0, 1 ], 
      [ 0, 1, -1, 0, 1, -1 ], [ 0, 1, -1, 0, 1, 0 ], [ 0, 1, -1, 1, -1, 0 ], [ 0, 1, -1, 1, -1, 1 ], 
      [ 0, 1, -1, 1, 0, -1 ], [ 0, 1, -1, 1, 0, 0 ], [ 0, 1, 0, -1, 0, 0 ], [ 0, 1, 0, -1, 0, 1 ], 
      [ 0, 1, 0, -1, 1, -1 ], [ 0, 1, 0, -1, 1, 0 ], [ 0, 1, 0, 0, -1, 0 ], [ 0, 1, 0, 0, 0, -1 ], 
      [ 0, 1, 0, 0, 0, 0 ], [ 0, 1, 0, 0, 1, -1 ], [ 1, -1, 0, 0, -1, 1 ], [ 1, -1, 0, 0, 0, 0 ], 
      [ 1, -1, 0, 0, 0, 1 ], [ 1, -1, 0, 0, 1, 0 ], [ 1, -1, 0, 1, -1, 0 ], [ 1, -1, 0, 1, -1, 1 ], 
      [ 1, -1, 0, 1, 0, -1 ], [ 1, -1, 0, 1, 0, 0 ], [ 1, -1, 1, -1, 0, 0 ], [ 1, -1, 1, -1, 0, 1 ], 
      [ 1, -1, 1, -1, 1, -1 ], [ 1, -1, 1, -1, 1, 0 ], [ 1, -1, 1, 0, -1, 0 ], [ 1, -1, 1, 0, -1, 1 ], 
      [ 1, -1, 1, 0, 0, -1 ], [ 1, -1, 1, 0, 0, 0 ], [ 1, 0, -1, 0, 0, 0 ], [ 1, 0, -1, 0, 0, 1 ], 
      [ 1, 0, -1, 0, 1, -1 ], [ 1, 0, -1, 0, 1, 0 ], [ 1, 0, -1, 1, -1, 0 ], [ 1, 0, -1, 1, -1, 1 ], 
      [ 1, 0, -1, 1, 0, -1 ], [ 1, 0, -1, 1, 0, 0 ], [ 1, 0, 0, -1, 0, 1 ], [ 1, 0, 0, -1, 1, 0 ], 
      [ 1, 0, 0, -1, 1, 1 ], [ 1, 0, 0, 0, -1, 1 ], [ 1, 0, 0, 0, 0, 0 ], [ 1, 0, 0, 0, 0, 1 ], 
      [ 1, 0, 0, 0, 1, 0 ], [ 1, 0, 0, 1, 0, 0 ] ],
  eInvariant := rec(
      nbFac := 23,
      nbIneq := 906 ) );
