return rec(
  CharMat := [ [ 18, 11, 4, 1, -2, -6 ], [ 11, 24, 18, 12, 6, 1 ], [ 4, 18, 32, 23, 14, 8 ], 
      [ 1, 12, 23, 29, 22, 13 ], [ -2, 6, 14, 22, 29, 17 ], [ -6, 1, 8, 13, 17, 22 ] ],
  ListInequalities := [ [ 0, 0, 0, -1, 0, 0, 0, 0, 1, -1, 0, 0, 0, 0, 0, 1, -1, 0, 1, 1, -1 ], 
      [ 0, 0, 0, 0, 0, 0, 0, -1, 2, -1, 0, 0, 0, 0, 0, 0, 0, -1, 0, 2, -1 ], 
      [ 0, 0, 0, -1, 0, 0, 0, -1, 1, 0, -1, 0, 0, 0, 0, 1, -1, 0, 1, 1, -1 ], 
      [ 0, 1, 0, -1, 0, 0, -1, 0, 1, 0, -1, -1, 0, -1, 1, 1, 0, -1, 1, 1, -1 ], 
      [ 0, 0, 0, 0, 0, 0, 0, 0, -1, 1, 0, 0, 0, 0, 0, 0, 0, 0, 0, -1, 1 ], 
      [ 0, 0, 0, 0, 0, 1, 0, 0, 0, -1, 1, 0, 0, 0, 0, 0, 0, 0, 0, 0, -1 ], 
      [ 0, 0, 0, 0, 0, 0, 0, 0, 0, -1, 0, 0, 0, 0, 0, 0, 0, 0, 0, 0, 0 ], 
      [ 0, 0, 0, 0, 0, 0, 0, 0, 1, 0, 0, 0, 0, 0, 0, 0, 0, 0, 0, 0, 0 ], 
      [ 0, 0, 0, 0, 0, 0, 0, 1, -1, 1, 0, 0, 0, 0, 0, 0, 0, 0, 0, 0, 0 ], 
      [ 0, 0, 0, 0, 0, 0, 1, -1, 0, 0, 1, 0, 0, 0, 0, 0, 0, 0, 0, 0, 0 ], 
      [ 0, 0, 0, 1, 0, 0, 0, 1, -1, 0, 0, 0, 0, 0, 0, -1, 1, 0, -1, 0, 0 ], 
      [ 0, 1, 1, 0, 0, 0, -1, 1, 0, 0, 0, -2, 1, 0, 0, -1, 0, 0, 0, 0, 0 ], 
      [ 0, 0, 0, 1, 0, 0, 0, 0, 1, -1, 0, 0, 0, 0, 0, -1, 1, 0, -1, 0, 0 ], 
      [ 0, 1, 0, 0, 0, 0, -1, 1, 0, 0, 0, -1, -1, 1, 0, 1, -1, 0, 0, 0, 0 ], 
      [ 0, 1, 0, 0, 0, 0, -1, 1, 0, 0, 0, -1, 0, 0, -1, 0, 0, 1, 0, 0, 0 ], 
      [ 0, 0, 0, 0, 0, 0, 0, 0, 0, 0, 1, 0, 0, 0, -1, 0, 0, 1, 0, 0, 0 ], 
      [ 1, 1, 0, 0, 0, 0, -2, 1, 0, 0, 0, -1, 0, 0, 0, 0, 0, 0, 0, 0, 0 ], 
      [ 0, 0, 0, 1, 0, 0, 0, 0, -1, 1, 0, 0, 1, -1, 0, -1, 1, 0, -1, 0, 0 ], 
      [ 0, 0, 0, 1, 0, 0, 0, -1, 1, 0, 0, 1, -1, 0, 0, -1, 1, 0, -1, 0, 0 ], 
      [ 0, 0, 0, 0, 0, 0, 0, 0, 0, -1, 1, 0, 0, 1, -1, 0, 0, 0, 0, 0, 0 ], 
      [ 0, -1, 0, 0, 0, 0, 1, -1, 0, 0, 0, 1, 0, 0, 0, 0, 0, 0, 0, 0, 0 ], 
      [ 0, 0, 0, 1, 1, 0, 0, 0, 0, 0, 0, 0, 0, 0, 0, -1, 1, 0, -2, 1, -1 ], 
      [ 0, 0, 0, 1, 0, 0, 0, 0, 0, 0, 0, 0, 0, 0, 0, -1, 0, 1, 0, -1, 0 ] ],
  ListInformations := 
   [ [ [ 125, [ 1, 67 ] ], [ 125, [ 1, 67 ] ], [ 2, [ 60, 126 ] ], [ 2, [ 60, 126 ] ], [ 2, [ 60, 126 ] ], 
          [ 125, [ 1, 67 ] ] ], [ [ 2, [ 71, 122 ] ], [ 2, [ 71, 122 ] ], [ 125, [ 5, 56 ] ], [ 125, [ 5, 56 ] ],
          [ 125, [ 5, 56 ] ], [ 2, [ 71, 122 ] ] ], 
      [ [ 2, [ 73, 119 ] ], [ 2, [ 73, 119 ] ], [ 125, [ 8, 54 ] ], [ 125, [ 8, 54 ] ], [ 125, [ 8, 54 ] ], 
          [ 2, [ 73, 119 ] ] ], 
      [ [ 2, [ 88, 107 ] ], [ 2, [ 88, 107 ] ], [ 125, [ 20, 39 ] ], [ 125, [ 20, 39 ] ], [ 125, [ 20, 39 ] ], 
          [ 2, [ 88, 107 ] ] ], [ [ 3, [ 67, 122 ] ], [ 3, [ 67, 122 ] ], [ 124, [ 5, 60 ] ], [ 124, [ 5, 60 ] ],
          [ 124, [ 5, 60 ] ], [ 3, [ 67, 122 ] ] ], 
      [ [ 4, [ 65, 122 ] ], [ 4, [ 65, 122 ] ], [ 123, [ 5, 62 ] ], [ 123, [ 5, 62 ] ], [ 123, [ 5, 62 ] ], 
          [ 4, [ 65, 122 ] ] ], [ [ 4, [ 66, 121 ] ], [ 4, [ 66, 121 ] ], [ 123, [ 6, 61 ] ], [ 123, [ 6, 61 ] ],
          [ 123, [ 6, 61 ] ], [ 4, [ 66, 121 ] ] ], 
      [ [ 117, [ 6, 70 ] ], [ 117, [ 6, 70 ] ], [ 10, [ 57, 121 ] ], [ 10, [ 57, 121 ] ], [ 10, [ 57, 121 ] ], 
          [ 117, [ 6, 70 ] ] ], 
      [ [ 114, [ 6, 75 ] ], [ 114, [ 6, 75 ] ], [ 13, [ 52, 121 ] ], [ 13, [ 52, 121 ] ], [ 13, [ 52, 121 ] ], 
          [ 114, [ 6, 75 ] ] ], 
      [ [ 110, [ 6, 80 ] ], [ 110, [ 6, 80 ] ], [ 17, [ 47, 121 ] ], [ 17, [ 47, 121 ] ], [ 17, [ 47, 121 ] ], 
          [ 110, [ 6, 80 ] ] ], 
      [ [ 113, [ 8, 72 ] ], [ 113, [ 8, 72 ] ], [ 14, [ 55, 119 ] ], [ 14, [ 55, 119 ] ], [ 14, [ 55, 119 ] ], 
          [ 113, [ 8, 72 ] ] ], [ [ 10, [ 79, 104 ] ], [ 10, [ 79, 104 ] ], [ 117, [ 23, 48 ] ], 
          [ 117, [ 23, 48 ] ], [ 117, [ 23, 48 ] ], [ 10, [ 79, 104 ] ] ], 
      [ [ 113, [ 11, 67 ] ], [ 113, [ 11, 67 ] ], [ 14, [ 60, 116 ] ], [ 14, [ 60, 116 ] ], [ 14, [ 60, 116 ] ], 
          [ 113, [ 11, 67 ] ] ], [ [ 13, [ 79, 100 ] ], [ 13, [ 79, 100 ] ], [ 114, [ 27, 48 ] ], 
          [ 114, [ 27, 48 ] ], [ 114, [ 27, 48 ] ], [ 13, [ 79, 100 ] ] ], 
      [ [ 15, [ 79, 97 ] ], [ 15, [ 79, 97 ] ], [ 112, [ 30, 48 ] ], [ 112, [ 30, 48 ] ], [ 112, [ 30, 48 ] ], 
          [ 15, [ 79, 97 ] ] ], [ [ 110, [ 16, 64 ] ], [ 110, [ 16, 64 ] ], [ 17, [ 63, 111 ] ], 
          [ 17, [ 63, 111 ] ], [ 17, [ 63, 111 ] ], [ 110, [ 16, 64 ] ] ], 
      [ [ 78, [ 96, 16 ] ], [ 78, [ 96, 16 ] ], [ 49, [ 111, 31 ] ], [ 49, [ 111, 31 ] ], [ 49, [ 111, 31 ] ], 
          [ 78, [ 96, 16 ] ] ], [ [ 19, [ 67, 104 ] ], [ 19, [ 67, 104 ] ], [ 108, [ 23, 60 ] ], 
          [ 108, [ 23, 60 ] ], [ 108, [ 23, 60 ] ], [ 19, [ 67, 104 ] ] ], 
      [ [ 19, [ 72, 100 ] ], [ 19, [ 72, 100 ] ], [ 108, [ 27, 55 ] ], [ 108, [ 27, 55 ] ], [ 108, [ 27, 55 ] ], 
          [ 19, [ 72, 100 ] ] ], 
      [ [ 29, [ 65, 96 ] ], [ 29, [ 65, 96 ] ], [ 98, [ 31, 62 ] ], [ 98, [ 31, 62 ] ], [ 98, [ 31, 62 ] ], 
          [ 29, [ 65, 96 ] ] ], [ [ 95, [ 31, 79 ] ], [ 95, [ 31, 79 ] ], [ 32, [ 48, 96 ] ], [ 32, [ 48, 96 ] ],
          [ 32, [ 48, 96 ] ], [ 95, [ 31, 79 ] ] ], 
      [ [ 50, [ 67, 74 ] ], [ 50, [ 67, 74 ] ], [ 77, [ 53, 60 ] ], [ 77, [ 53, 60 ] ], [ 77, [ 53, 60 ] ], 
          [ 50, [ 67, 74 ] ] ], [ [ 50, [ 69, 72 ] ], [ 50, [ 69, 72 ] ], [ 77, [ 55, 58 ] ], [ 77, [ 55, 58 ] ],
          [ 77, [ 55, 58 ] ], [ 50, [ 69, 72 ] ] ] ],
  Status := "NO",
  TheCtype := [ [ -1, 0, -1, 1, 0, -1 ], [ -1, 0, -1, 2, -1, -1 ], [ -1, 0, 0, -1, 1, -1 ], 
      [ -1, 0, 0, 0, -1, 0 ], [ -1, 0, 0, 0, 0, -1 ], [ -1, 0, 0, 0, 0, 0 ], [ -1, 0, 0, 0, 1, -1 ], 
      [ -1, 0, 0, 1, -1, 0 ], [ -1, 0, 0, 1, 0, -1 ], [ -1, 0, 0, 1, 0, 0 ], [ -1, 0, 1, -1, 0, 0 ], 
      [ -1, 0, 1, -1, 1, -1 ], [ -1, 0, 1, -1, 1, 0 ], [ -1, 0, 1, 0, -1, 0 ], [ -1, 0, 1, 0, 0, -1 ], 
      [ -1, 1, -1, 0, 0, 0 ], [ -1, 1, -1, 0, 0, 1 ], [ -1, 1, -1, 0, 1, -1 ], [ -1, 1, -1, 0, 1, 0 ], 
      [ -1, 1, -1, 1, -1, 0 ], [ -1, 1, -1, 1, -1, 1 ], [ -1, 1, -1, 1, 0, -1 ], [ -1, 1, -1, 1, 0, 0 ], 
      [ -1, 1, 0, -1, 0, 0 ], [ -1, 1, 0, -1, 0, 1 ], [ -1, 1, 0, -1, 1, -1 ], [ -1, 1, 0, -1, 1, 0 ], 
      [ -1, 1, 0, 0, -1, 0 ], [ -1, 1, 0, 0, -1, 1 ], [ -1, 1, 0, 0, 0, -1 ], [ -1, 1, 0, 0, 0, 0 ], 
      [ -1, 2, -1, 0, 0, 0 ], [ 0, -1, 0, 0, 0, 0 ], [ 0, -1, 0, 0, 0, 1 ], [ 0, -1, 0, 0, 1, -1 ], 
      [ 0, -1, 0, 0, 1, 0 ], [ 0, -1, 0, 1, -1, 0 ], [ 0, -1, 0, 1, -1, 1 ], [ 0, -1, 0, 1, 0, -1 ], 
      [ 0, -1, 0, 1, 0, 0 ], [ 0, -1, 1, -1, 0, 0 ], [ 0, -1, 1, -1, 0, 1 ], [ 0, -1, 1, -1, 1, -1 ], 
      [ 0, -1, 1, -1, 1, 0 ], [ 0, -1, 1, 0, -1, 0 ], [ 0, -1, 1, 0, -1, 1 ], [ 0, -1, 1, 0, 0, -1 ], 
      [ 0, -1, 1, 0, 0, 0 ], [ 0, 0, -1, 0, 0, 0 ], [ 0, 0, -1, 0, 0, 1 ], [ 0, 0, -1, 0, 1, -1 ], 
      [ 0, 0, -1, 1, -1, 0 ], [ 0, 0, -1, 1, -1, 1 ], [ 0, 0, -1, 1, 0, -1 ], [ 0, 0, -1, 1, 0, 0 ], 
      [ 0, 0, -1, 2, -1, 0 ], [ 0, 0, 0, -1, 0, 0 ], [ 0, 0, 0, -1, 0, 1 ], [ 0, 0, 0, -1, 1, -1 ], 
      [ 0, 0, 0, -1, 1, 0 ], [ 0, 0, 0, 0, -1, 0 ], [ 0, 0, 0, 0, -1, 1 ], [ 0, 0, 0, 0, 0, -1 ], 
      [ 0, 0, 0, 0, 0, 1 ], [ 0, 0, 0, 0, 1, -1 ], [ 0, 0, 0, 0, 1, 0 ], [ 0, 0, 0, 1, -1, 0 ], 
      [ 0, 0, 0, 1, -1, 1 ], [ 0, 0, 0, 1, 0, -1 ], [ 0, 0, 0, 1, 0, 0 ], [ 0, 0, 1, -2, 1, 0 ], 
      [ 0, 0, 1, -1, 0, 0 ], [ 0, 0, 1, -1, 0, 1 ], [ 0, 0, 1, -1, 1, -1 ], [ 0, 0, 1, -1, 1, 0 ], 
      [ 0, 0, 1, 0, -1, 1 ], [ 0, 0, 1, 0, 0, -1 ], [ 0, 0, 1, 0, 0, 0 ], [ 0, 1, -1, 0, 0, 0 ], 
      [ 0, 1, -1, 0, 0, 1 ], [ 0, 1, -1, 0, 1, -1 ], [ 0, 1, -1, 0, 1, 0 ], [ 0, 1, -1, 1, -1, 0 ], 
      [ 0, 1, -1, 1, -1, 1 ], [ 0, 1, -1, 1, 0, -1 ], [ 0, 1, -1, 1, 0, 0 ], [ 0, 1, 0, -1, 0, 0 ], 
      [ 0, 1, 0, -1, 0, 1 ], [ 0, 1, 0, -1, 1, -1 ], [ 0, 1, 0, -1, 1, 0 ], [ 0, 1, 0, 0, -1, 0 ], 
      [ 0, 1, 0, 0, -1, 1 ], [ 0, 1, 0, 0, 0, -1 ], [ 0, 1, 0, 0, 0, 0 ], [ 1, -2, 1, 0, 0, 0 ], 
      [ 1, -1, 0, 0, 0, 0 ], [ 1, -1, 0, 0, 0, 1 ], [ 1, -1, 0, 0, 1, -1 ], [ 1, -1, 0, 0, 1, 0 ], 
      [ 1, -1, 0, 1, -1, 0 ], [ 1, -1, 0, 1, -1, 1 ], [ 1, -1, 0, 1, 0, -1 ], [ 1, -1, 0, 1, 0, 0 ], 
      [ 1, -1, 1, -1, 0, 0 ], [ 1, -1, 1, -1, 0, 1 ], [ 1, -1, 1, -1, 1, -1 ], [ 1, -1, 1, -1, 1, 0 ], 
      [ 1, -1, 1, 0, -1, 0 ], [ 1, -1, 1, 0, -1, 1 ], [ 1, -1, 1, 0, 0, -1 ], [ 1, -1, 1, 0, 0, 0 ], 
      [ 1, 0, -1, 0, 0, 1 ], [ 1, 0, -1, 0, 1, 0 ], [ 1, 0, -1, 1, -1, 0 ], [ 1, 0, -1, 1, -1, 1 ], 
      [ 1, 0, -1, 1, 0, 0 ], [ 1, 0, 0, -1, 0, 0 ], [ 1, 0, 0, -1, 0, 1 ], [ 1, 0, 0, -1, 1, 0 ], 
      [ 1, 0, 0, 0, -1, 1 ], [ 1, 0, 0, 0, 0, 0 ], [ 1, 0, 0, 0, 0, 1 ], [ 1, 0, 0, 0, 1, 0 ], 
      [ 1, 0, 0, 1, -1, 1 ], [ 1, 0, 1, -2, 1, 1 ], [ 1, 0, 1, -1, 0, 1 ] ],
  eInvariant := rec(
      nbFac := 33,
      nbIneq := 921 ) );
