return rec(
  CharMat := [ [ 15, 10, 4, -1, -4, -2 ], [ 10, 31, 31, 20, 10, 5 ], [ 4, 31, 58, 41, 24, 12 ], 
      [ -1, 20, 41, 47, 29, 13 ], [ -4, 10, 24, 29, 35, 16 ], [ -2, 5, 12, 13, 16, 18 ] ],
  ListInequalities := [ [ -1, 0, 0, 0, 0, 0, 2, -1, 0, 0, 0, 0, 0, 0, 0, 0, 0, 0, 0, 0, 0 ], 
      [ -1, -1, 0, 0, 0, 0, 2, -1, 0, 0, 0, 1, 0, 0, 0, 0, 0, 0, 0, 0, 0 ], 
      [ 0, 0, 0, 0, 0, 0, 0, 0, -1, 0, 0, 0, 0, 0, 0, 0, 0, 0, 0, 0, 0 ], 
      [ 0, 1, 1, 0, 0, 0, -1, 1, -1, 0, 0, -2, 1, 0, 0, -1, 0, 0, 0, 0, 0 ], 
      [ 0, 1, 0, 0, 0, 0, -1, 0, 0, 0, 0, 0, -1, 0, 0, 0, 0, 0, 0, 0, 0 ], 
      [ 0, 0, 0, 0, 0, 0, 0, 0, 1, -1, 1, 0, 0, 0, 0, 0, 0, 0, 0, 0, 0 ], 
      [ 0, 0, 0, 0, 0, 0, 0, 0, 1, 0, -1, 0, 0, 0, 0, 0, 0, 0, 0, 0, 0 ], 
      [ 0, 0, 0, 0, 0, 0, 0, 1, -1, 1, 0, 0, 0, 0, 0, 0, 0, 0, 0, 0, 0 ], 
      [ 1, 0, 0, 0, 0, 0, -1, 0, 0, 1, 0, 0, 0, 0, 0, 0, 0, 0, 0, 0, 0 ], 
      [ 0, 0, 0, 0, 0, 0, 0, 0, 0, 0, 1, 0, 0, 0, 0, 0, 0, 0, 0, -1, 1 ], 
      [ 0, 0, 0, 0, 1, 0, 0, 0, 0, 1, -1, 0, 0, 0, 0, 0, 0, 0, -1, 1, -1 ], 
      [ 0, 0, 0, 0, 0, 0, 0, 0, 0, 0, -1, 0, 0, 0, 0, 0, 0, 1, 0, -1, 0 ], 
      [ 0, 0, 0, 0, 0, 0, 0, 0, 0, 1, 0, 0, 0, 0, 0, 0, -1, 0, 1, 0, 0 ], 
      [ 0, 0, 0, 0, 0, 1, 0, 0, 0, 0, 1, 0, 0, 0, 0, 0, 0, -1, 0, 1, -1 ], 
      [ 0, 1, 0, 0, 0, 0, -1, 1, 0, 0, 0, -1, -1, 1, 0, 1, -1, 0, 0, 0, 0 ], 
      [ 0, 1, 0, 0, 0, 0, -1, 1, -1, 1, 0, -1, 1, -1, 0, 0, 0, 0, 0, 0, 0 ], 
      [ 0, 1, 0, 0, 0, 0, -1, 1, 0, 0, 0, -1, 0, -1, 1, 0, 1, -1, 0, 0, 0 ], 
      [ 0, 1, 0, 0, 0, 0, -1, 1, 0, -1, 1, -1, 0, 1, -1, 0, 0, 0, 0, 0, 0 ], 
      [ 0, 1, 0, 0, 0, 0, -1, 1, 0, 0, 0, -1, 0, 0, -1, 0, 0, 1, 0, 0, 0 ], 
      [ 0, 1, 0, 0, 0, 0, -1, 1, 0, 0, -1, -1, 0, 0, 1, 0, 0, 0, 0, 0, 0 ], 
      [ 0, 0, 0, 1, 0, 0, 0, 0, 0, 0, 0, 0, 0, 0, 0, -1, 1, 0, -1, 0, 0 ], 
      [ 0, 0, 0, 0, 0, 0, 0, 0, 0, 0, 0, 0, 0, 0, 0, 0, 0, -1, 0, 1, 0 ] ],
  ListInformations := 
   [ [ [ 1, [ 94, 121 ] ], [ 1, [ 94, 121 ] ], [ 126, [ 6, 33 ] ], [ 126, [ 6, 33 ] ], [ 126, [ 6, 33 ] ], 
          [ 1, [ 94, 121 ] ] ], 
      [ [ 1, [ 95, 110 ] ], [ 1, [ 95, 110 ] ], [ 126, [ 17, 32 ] ], [ 126, [ 17, 32 ] ], [ 126, [ 17, 32 ] ], 
          [ 1, [ 95, 110 ] ] ], 
      [ [ 2, [ 70, 121 ] ], [ 2, [ 70, 121 ] ], [ 125, [ 6, 57 ] ], [ 125, [ 6, 57 ] ], [ 125, [ 6, 57 ] ], 
          [ 2, [ 70, 121 ] ] ], 
      [ [ 2, [ 85, 110 ] ], [ 2, [ 85, 110 ] ], [ 125, [ 17, 42 ] ], [ 125, [ 17, 42 ] ], [ 125, [ 17, 42 ] ], 
          [ 2, [ 85, 110 ] ] ], 
      [ [ 2, [ 93, 102 ] ], [ 2, [ 93, 102 ] ], [ 125, [ 25, 34 ] ], [ 125, [ 25, 34 ] ], [ 125, [ 25, 34 ] ], 
          [ 2, [ 93, 102 ] ] ], 
      [ [ 119, [ 6, 68 ] ], [ 119, [ 6, 68 ] ], [ 8, [ 59, 121 ] ], [ 8, [ 59, 121 ] ], [ 8, [ 59, 121 ] ], 
          [ 119, [ 6, 68 ] ] ], 
      [ [ 118, [ 6, 69 ] ], [ 118, [ 6, 69 ] ], [ 9, [ 58, 121 ] ], [ 9, [ 58, 121 ] ], [ 9, [ 58, 121 ] ], 
          [ 118, [ 6, 69 ] ] ], 
      [ [ 114, [ 6, 74 ] ], [ 114, [ 6, 74 ] ], [ 13, [ 53, 121 ] ], [ 13, [ 53, 121 ] ], [ 13, [ 53, 121 ] ], 
          [ 114, [ 6, 74 ] ] ], 
      [ [ 90, [ 98, 6 ] ], [ 90, [ 98, 6 ] ], [ 37, [ 121, 29 ] ], [ 37, [ 121, 29 ] ], [ 37, [ 121, 29 ] ], 
          [ 90, [ 98, 6 ] ] ], [ [ 119, [ 7, 64 ] ], [ 119, [ 7, 64 ] ], [ 8, [ 63, 120 ] ], [ 8, [ 63, 120 ] ],
          [ 8, [ 63, 120 ] ], [ 119, [ 7, 64 ] ] ], 
      [ [ 118, [ 7, 65 ] ], [ 118, [ 7, 65 ] ], [ 9, [ 62, 120 ] ], [ 9, [ 62, 120 ] ], [ 9, [ 62, 120 ] ], 
          [ 118, [ 7, 65 ] ] ], [ [ 10, [ 64, 116 ] ], [ 10, [ 64, 116 ] ], [ 117, [ 11, 63 ] ], 
          [ 117, [ 11, 63 ] ], [ 117, [ 11, 63 ] ], [ 10, [ 64, 116 ] ] ], 
      [ [ 114, [ 11, 66 ] ], [ 114, [ 11, 66 ] ], [ 13, [ 61, 116 ] ], [ 13, [ 61, 116 ] ], [ 13, [ 61, 116 ] ],
          [ 114, [ 11, 66 ] ] ], [ [ 114, [ 12, 64 ] ], [ 114, [ 12, 64 ] ], [ 13, [ 63, 115 ] ], 
          [ 13, [ 63, 115 ] ], [ 13, [ 63, 115 ] ], [ 114, [ 12, 64 ] ] ], 
      [ [ 13, [ 78, 99 ] ], [ 13, [ 78, 99 ] ], [ 114, [ 28, 49 ] ], [ 114, [ 28, 49 ] ], [ 114, [ 28, 49 ] ], 
          [ 13, [ 78, 99 ] ] ], 
      [ [ 13, [ 82, 95 ] ], [ 13, [ 82, 95 ] ], [ 114, [ 32, 45 ] ], [ 114, [ 32, 45 ] ], [ 114, [ 32, 45 ] ], 
          [ 13, [ 82, 95 ] ] ], 
      [ [ 15, [ 78, 97 ] ], [ 15, [ 78, 97 ] ], [ 112, [ 30, 49 ] ], [ 112, [ 30, 49 ] ], [ 112, [ 30, 49 ] ], 
          [ 15, [ 78, 97 ] ] ], 
      [ [ 15, [ 80, 95 ] ], [ 15, [ 80, 95 ] ], [ 112, [ 32, 47 ] ], [ 112, [ 32, 47 ] ], [ 112, [ 32, 47 ] ], 
          [ 15, [ 80, 95 ] ] ], 
      [ [ 16, [ 78, 96 ] ], [ 16, [ 78, 96 ] ], [ 111, [ 31, 49 ] ], [ 111, [ 31, 49 ] ], [ 111, [ 31, 49 ] ], 
          [ 16, [ 78, 96 ] ] ], 
      [ [ 16, [ 79, 95 ] ], [ 16, [ 79, 95 ] ], [ 111, [ 32, 48 ] ], [ 111, [ 32, 48 ] ], [ 111, [ 32, 48 ] ], 
          [ 16, [ 79, 95 ] ] ], 
      [ [ 52, [ 67, 71 ] ], [ 52, [ 67, 71 ] ], [ 75, [ 56, 60 ] ], [ 75, [ 56, 60 ] ], [ 75, [ 56, 60 ] ], 
          [ 52, [ 67, 71 ] ] ], 
      [ [ 55, [ 64, 71 ] ], [ 55, [ 64, 71 ] ], [ 72, [ 56, 63 ] ], [ 72, [ 56, 63 ] ], [ 72, [ 56, 63 ] ], 
          [ 55, [ 64, 71 ] ] ] ],
  Status := "NO",
  TheCtype := [ [ -2, 2, -1, 0, 0, 0 ], [ -1, 0, 0, -1, 0, 0 ], [ -1, 0, 0, 0, -1, 0 ], [ -1, 0, 0, 0, -1, 1 ], 
      [ -1, 0, 0, 0, 0, -1 ], [ -1, 0, 0, 0, 0, 0 ], [ -1, 0, 0, 1, -1, 0 ], [ -1, 0, 0, 1, -1, 1 ], 
      [ -1, 0, 0, 1, 0, -1 ], [ -1, 0, 1, -1, 0, -1 ], [ -1, 0, 1, -1, 0, 0 ], [ -1, 0, 1, -1, 1, -1 ], 
      [ -1, 0, 1, -1, 1, 0 ], [ -1, 0, 1, 0, -1, 0 ], [ -1, 0, 1, 0, -1, 1 ], [ -1, 0, 1, 0, 0, -1 ], 
      [ -1, 1, -1, 0, 0, 0 ], [ -1, 1, -1, 0, 0, 1 ], [ -1, 1, -1, 0, 1, -1 ], [ -1, 1, -1, 0, 1, 0 ], 
      [ -1, 1, -1, 1, -1, 0 ], [ -1, 1, -1, 1, -1, 1 ], [ -1, 1, -1, 1, 0, -1 ], [ -1, 1, -1, 1, 0, 0 ], 
      [ -1, 1, 0, -1, 0, 0 ], [ -1, 1, 0, -1, 0, 1 ], [ -1, 1, 0, -1, 1, -1 ], [ -1, 1, 0, -1, 1, 0 ], 
      [ -1, 1, 0, 0, -1, 0 ], [ -1, 1, 0, 0, -1, 1 ], [ -1, 1, 0, 0, 0, -1 ], [ -1, 1, 0, 0, 0, 0 ], 
      [ -1, 2, -1, 0, 0, 0 ], [ 0, -1, 0, 0, 0, 0 ], [ 0, -1, 0, 0, 0, 1 ], [ 0, -1, 0, 0, 1, -1 ], 
      [ 0, -1, 0, 0, 1, 0 ], [ 0, -1, 0, 1, -1, 0 ], [ 0, -1, 0, 1, -1, 1 ], [ 0, -1, 0, 1, 0, -1 ], 
      [ 0, -1, 0, 1, 0, 0 ], [ 0, -1, 1, -1, 0, 0 ], [ 0, -1, 1, -1, 0, 1 ], [ 0, -1, 1, -1, 1, -1 ], 
      [ 0, -1, 1, -1, 1, 0 ], [ 0, -1, 1, 0, -1, 0 ], [ 0, -1, 1, 0, -1, 1 ], [ 0, -1, 1, 0, 0, -1 ], 
      [ 0, -1, 1, 0, 0, 0 ], [ 0, 0, -1, 0, 0, 1 ], [ 0, 0, -1, 0, 1, -1 ], [ 0, 0, -1, 0, 1, 0 ], 
      [ 0, 0, -1, 1, -1, 0 ], [ 0, 0, -1, 1, -1, 1 ], [ 0, 0, -1, 1, 0, -1 ], [ 0, 0, -1, 1, 0, 0 ], 
      [ 0, 0, 0, -1, 0, 0 ], [ 0, 0, 0, -1, 0, 1 ], [ 0, 0, 0, -1, 1, -1 ], [ 0, 0, 0, -1, 1, 0 ], 
      [ 0, 0, 0, 0, -1, 0 ], [ 0, 0, 0, 0, -1, 1 ], [ 0, 0, 0, 0, 0, -1 ], [ 0, 0, 0, 0, 0, 1 ], 
      [ 0, 0, 0, 0, 1, -1 ], [ 0, 0, 0, 0, 1, 0 ], [ 0, 0, 0, 1, -1, 0 ], [ 0, 0, 0, 1, -1, 1 ], 
      [ 0, 0, 0, 1, 0, -1 ], [ 0, 0, 0, 1, 0, 0 ], [ 0, 0, 1, -1, 0, 0 ], [ 0, 0, 1, -1, 0, 1 ], 
      [ 0, 0, 1, -1, 1, -1 ], [ 0, 0, 1, -1, 1, 0 ], [ 0, 0, 1, 0, -1, 0 ], [ 0, 0, 1, 0, -1, 1 ], 
      [ 0, 0, 1, 0, 0, -1 ], [ 0, 1, -1, 0, 0, 0 ], [ 0, 1, -1, 0, 0, 1 ], [ 0, 1, -1, 0, 1, -1 ], 
      [ 0, 1, -1, 0, 1, 0 ], [ 0, 1, -1, 1, -1, 0 ], [ 0, 1, -1, 1, -1, 1 ], [ 0, 1, -1, 1, 0, -1 ], 
      [ 0, 1, -1, 1, 0, 0 ], [ 0, 1, 0, -1, 0, 0 ], [ 0, 1, 0, -1, 0, 1 ], [ 0, 1, 0, -1, 1, -1 ], 
      [ 0, 1, 0, -1, 1, 0 ], [ 0, 1, 0, 0, -1, 0 ], [ 0, 1, 0, 0, -1, 1 ], [ 0, 1, 0, 0, 0, -1 ], 
      [ 0, 1, 0, 0, 0, 0 ], [ 1, -2, 1, 0, 0, 0 ], [ 1, -1, 0, 0, 0, 0 ], [ 1, -1, 0, 0, 0, 1 ], 
      [ 1, -1, 0, 0, 1, -1 ], [ 1, -1, 0, 0, 1, 0 ], [ 1, -1, 0, 1, -1, 0 ], [ 1, -1, 0, 1, -1, 1 ], 
      [ 1, -1, 0, 1, 0, -1 ], [ 1, -1, 0, 1, 0, 0 ], [ 1, -1, 1, -1, 0, 0 ], [ 1, -1, 1, -1, 0, 1 ], 
      [ 1, -1, 1, -1, 1, -1 ], [ 1, -1, 1, -1, 1, 0 ], [ 1, -1, 1, 0, -1, 0 ], [ 1, -1, 1, 0, -1, 1 ], 
      [ 1, -1, 1, 0, 0, -1 ], [ 1, -1, 1, 0, 0, 0 ], [ 1, 0, -1, 0, 0, 1 ], [ 1, 0, -1, 0, 1, -1 ], 
      [ 1, 0, -1, 0, 1, 0 ], [ 1, 0, -1, 1, -1, 0 ], [ 1, 0, -1, 1, -1, 1 ], [ 1, 0, -1, 1, 0, 0 ], 
      [ 1, 0, -1, 1, 0, 1 ], [ 1, 0, 0, -1, 0, 1 ], [ 1, 0, 0, -1, 1, -1 ], [ 1, 0, 0, -1, 1, 0 ], 
      [ 1, 0, 0, 0, 0, 0 ], [ 1, 0, 0, 0, 0, 1 ], [ 1, 0, 0, 0, 1, -1 ], [ 1, 0, 0, 0, 1, 0 ], 
      [ 1, 0, 0, 1, 0, 0 ], [ 2, -2, 1, 0, 0, 0 ] ],
  eInvariant := rec(
      nbFac := 22,
      nbIneq := 909 ) );
