return rec(
  CharMat := [ [ 13, 9, 5, 1, -1, -3 ], [ 9, 21, 20, 12, 7, 1 ], [ 5, 20, 34, 22, 15, 5 ], 
      [ 1, 12, 22, 30, 21, 9 ], [ -1, 7, 15, 21, 23, 12 ], [ -3, 1, 5, 9, 12, 15 ] ],
  ListInequalities := [ [ 0, 0, 0, 0, 0, 0, 0, 0, -1, 1, 0, 0, 0, 0, 0, 0, 0, 0, 0, -1, 1 ], 
      [ 0, 0, 0, 0, 0, 0, 0, 0, -1, 1, -1, 0, 0, 0, 0, 0, 0, 0, 0, 0, 0 ], 
      [ 0, 0, 0, 0, 0, 1, 0, 0, 0, -1, 1, 0, 0, 0, 0, 0, 0, 0, 0, 0, -1 ], 
      [ 0, 0, 0, 0, 0, 0, 0, 0, 0, -1, 0, 0, 0, 0, 0, 0, 0, 0, 0, 0, 0 ], 
      [ 0, 0, 0, 0, 0, 0, 0, 0, 1, 0, 0, 0, 0, 0, 0, 0, 0, 0, 0, 0, 0 ], 
      [ 0, 0, 0, 0, 0, 0, 0, 1, -1, 0, 1, 0, 0, 0, 0, 0, 0, 0, 0, 0, 0 ], 
      [ 0, 0, 0, 0, 0, 0, 1, -1, 0, 0, 1, 0, 0, 0, 0, 0, 0, 0, 0, 0, 0 ], 
      [ 1, 0, 0, 0, 0, 0, -1, 0, 0, 0, 1, 0, 0, 0, 0, 0, 0, 0, 0, 0, 0 ], 
      [ 0, 0, 0, 0, 1, 0, 0, 0, 1, -1, 0, 0, 0, 0, 0, 0, 0, 0, -1, 1, -1 ], 
      [ 0, 0, 0, 0, 1, 1, 0, 0, 1, -1, 1, 0, 0, 0, 0, 0, 0, 0, -1, 1, -2 ], 
      [ 0, 0, 0, 0, 1, 0, 0, 0, 0, 1, -1, 0, 0, 0, 0, 0, 0, 0, -1, 1, -1 ], 
      [ 0, 0, 0, 0, 1, 0, 0, 0, 0, 1, 0, 0, 0, 0, 0, 0, 0, 0, -1, 0, 0 ], 
      [ 0, 1, 1, 0, 0, 0, -1, 1, 0, 0, 0, -2, 1, 0, 0, -1, 0, 0, 0, 0, 0 ], 
      [ 0, 1, 0, 0, 0, 0, -1, 0, 1, 0, 0, 0, -1, 0, 0, 0, 0, 0, 0, 0, 0 ], 
      [ 0, 0, 0, 0, 0, 0, 0, 0, 0, 0, 1, 0, 0, 0, 0, 0, 0, -1, 0, 1, 0 ], 
      [ 0, 1, 0, 0, 0, 0, -1, 1, 0, 0, 0, -1, 0, -1, 1, 0, 1, -1, 0, 0, 0 ], 
      [ 0, 1, 0, 0, 0, 0, -1, 1, 0, -1, 1, -1, 0, 1, -1, 0, 0, 0, 0, 0, 0 ], 
      [ 0, 1, 0, 0, 0, 0, -1, 1, 0, 0, 0, -1, 0, 0, -1, 0, 0, 1, 0, 0, 0 ], 
      [ 0, 1, 0, 0, 0, 0, -1, 1, 0, 0, -1, -1, 0, 0, 1, 0, 0, 0, 0, 0, 0 ], 
      [ 0, 0, 0, 0, 0, 0, 0, 0, 0, 0, 1, 0, 0, 0, -1, 0, 0, 1, 0, 0, 0 ], 
      [ 1, 1, 0, 0, 0, 0, -2, 1, 0, 0, 0, -1, 0, 0, 0, 0, 0, 0, 0, 0, 0 ], 
      [ 0, -1, 0, 0, 0, 0, 1, -1, 0, 0, 0, 1, 1, -1, 0, -1, 1, 0, 0, 0, 0 ], 
      [ 0, 0, 0, 0, 0, 0, 0, 0, -1, 1, 0, 0, 2, -2, 0, -1, 1, 0, 0, 0, 0 ], 
      [ 0, 0, 0, 0, 0, 0, 0, 0, 0, 0, 0, 0, 0, 0, 1, 0, 0, 0, 0, 0, 0 ], 
      [ 0, 1, 0, 0, 0, 0, 0, 0, 0, 0, 0, -1, 0, 0, 0, 0, 0, 0, 0, 0, 0 ], 
      [ 0, 0, 0, 0, 1, 0, 0, 0, 0, 0, 0, 0, -1, 1, 0, 1, -1, 0, -1, 1, -1 ], 
      [ 0, 0, 0, 0, 1, 0, 0, 0, 0, 0, 0, 0, 0, 0, 0, 0, -1, 1, 0, 0, -1 ], 
      [ 0, 0, 0, 1, 1, 0, 0, 0, 0, 0, 0, 0, 0, 0, 0, -1, 1, 0, -2, 1, -1 ], 
      [ 0, 0, 0, 0, -1, 0, 0, 0, 0, 0, 0, 0, 0, 0, 0, 0, 0, 0, 1, -1, 1 ] ],
  ListInformations := 
   [ [ [ 1, [ 68, 124 ] ], [ 1, [ 68, 124 ] ], [ 126, [ 3, 59 ] ], [ 126, [ 3, 59 ] ], [ 126, [ 3, 59 ] ], 
          [ 1, [ 68, 124 ] ] ], [ [ 1, [ 69, 123 ] ], [ 1, [ 69, 123 ] ], [ 126, [ 4, 58 ] ], [ 126, [ 4, 58 ] ],
          [ 126, [ 4, 58 ] ], [ 1, [ 69, 123 ] ] ], 
      [ [ 2, [ 65, 124 ] ], [ 2, [ 65, 124 ] ], [ 125, [ 3, 62 ] ], [ 125, [ 3, 62 ] ], [ 125, [ 3, 62 ] ], 
          [ 2, [ 65, 124 ] ] ], [ [ 2, [ 66, 123 ] ], [ 2, [ 66, 123 ] ], [ 125, [ 4, 61 ] ], [ 125, [ 4, 61 ] ],
          [ 125, [ 4, 61 ] ], [ 2, [ 66, 123 ] ] ], 
      [ [ 119, [ 4, 70 ] ], [ 119, [ 4, 70 ] ], [ 8, [ 57, 123 ] ], [ 8, [ 57, 123 ] ], [ 8, [ 57, 123 ] ], 
          [ 119, [ 4, 70 ] ] ], 
      [ [ 117, [ 4, 72 ] ], [ 117, [ 4, 72 ] ], [ 10, [ 55, 123 ] ], [ 10, [ 55, 123 ] ], [ 10, [ 55, 123 ] ], 
          [ 117, [ 4, 72 ] ] ], 
      [ [ 111, [ 4, 80 ] ], [ 111, [ 4, 80 ] ], [ 16, [ 47, 123 ] ], [ 16, [ 47, 123 ] ], [ 16, [ 47, 123 ] ], 
          [ 111, [ 4, 80 ] ] ], [ [ 93, [ 98, 4 ] ], [ 93, [ 98, 4 ] ], [ 34, [ 123, 29 ] ], [ 34, [ 123, 29 ] ],
          [ 34, [ 123, 29 ] ], [ 93, [ 98, 4 ] ] ], 
      [ [ 120, [ 5, 68 ] ], [ 120, [ 5, 68 ] ], [ 7, [ 59, 122 ] ], [ 7, [ 59, 122 ] ], [ 7, [ 59, 122 ] ], 
          [ 120, [ 5, 68 ] ] ], [ [ 119, [ 5, 69 ] ], [ 119, [ 5, 69 ] ], [ 8, [ 58, 122 ] ], [ 8, [ 58, 122 ] ],
          [ 8, [ 58, 122 ] ], [ 119, [ 5, 69 ] ] ], 
      [ [ 120, [ 6, 65 ] ], [ 120, [ 6, 65 ] ], [ 7, [ 62, 121 ] ], [ 7, [ 62, 121 ] ], [ 7, [ 62, 121 ] ], 
          [ 120, [ 6, 65 ] ] ], [ [ 119, [ 6, 66 ] ], [ 119, [ 6, 66 ] ], [ 8, [ 61, 121 ] ], [ 8, [ 61, 121 ] ],
          [ 8, [ 61, 121 ] ], [ 119, [ 6, 66 ] ] ], 
      [ [ 8, [ 79, 105 ] ], [ 8, [ 79, 105 ] ], [ 119, [ 22, 48 ] ], [ 119, [ 22, 48 ] ], [ 119, [ 22, 48 ] ], 
          [ 8, [ 79, 105 ] ] ], [ [ 8, [ 87, 97 ] ], [ 8, [ 87, 97 ] ], [ 119, [ 30, 40 ] ], [ 119, [ 30, 40 ] ],
          [ 119, [ 30, 40 ] ], [ 8, [ 87, 97 ] ] ], 
      [ [ 117, [ 9, 64 ] ], [ 117, [ 9, 64 ] ], [ 10, [ 63, 118 ] ], [ 10, [ 63, 118 ] ], [ 10, [ 63, 118 ] ], 
          [ 117, [ 9, 64 ] ] ], 
      [ [ 13, [ 79, 99 ] ], [ 13, [ 79, 99 ] ], [ 114, [ 28, 48 ] ], [ 114, [ 28, 48 ] ], [ 114, [ 28, 48 ] ], 
          [ 13, [ 79, 99 ] ] ], 
      [ [ 13, [ 81, 97 ] ], [ 13, [ 81, 97 ] ], [ 114, [ 30, 46 ] ], [ 114, [ 30, 46 ] ], [ 114, [ 30, 46 ] ], 
          [ 13, [ 81, 97 ] ] ], 
      [ [ 14, [ 79, 98 ] ], [ 14, [ 79, 98 ] ], [ 113, [ 29, 48 ] ], [ 113, [ 29, 48 ] ], [ 113, [ 29, 48 ] ], 
          [ 14, [ 79, 98 ] ] ], 
      [ [ 14, [ 80, 97 ] ], [ 14, [ 80, 97 ] ], [ 113, [ 30, 47 ] ], [ 113, [ 30, 47 ] ], [ 113, [ 30, 47 ] ], 
          [ 14, [ 80, 97 ] ] ], [ [ 111, [ 15, 64 ] ], [ 111, [ 15, 64 ] ], [ 16, [ 63, 112 ] ], 
          [ 16, [ 63, 112 ] ], [ 16, [ 63, 112 ] ], [ 111, [ 15, 64 ] ] ], 
      [ [ 78, [ 97, 15 ] ], [ 78, [ 97, 15 ] ], [ 49, [ 112, 30 ] ], [ 49, [ 112, 30 ] ], [ 49, [ 112, 30 ] ], 
          [ 78, [ 97, 15 ] ] ], 
      [ [ 96, [ 26, 79 ] ], [ 96, [ 26, 79 ] ], [ 31, [ 48, 101 ] ], [ 31, [ 48, 101 ] ], [ 31, [ 48, 101 ] ], 
          [ 96, [ 26, 79 ] ] ], [ [ 31, [ 68, 95 ] ], [ 31, [ 68, 95 ] ], [ 96, [ 32, 59 ] ], [ 96, [ 32, 59 ] ],
          [ 96, [ 32, 59 ] ], [ 31, [ 68, 95 ] ] ], 
      [ [ 93, [ 33, 64 ] ], [ 93, [ 33, 64 ] ], [ 34, [ 63, 94 ] ], [ 34, [ 63, 94 ] ], [ 34, [ 63, 94 ] ], 
          [ 93, [ 33, 64 ] ] ], [ [ 78, [ 79, 33 ] ], [ 78, [ 79, 33 ] ], [ 49, [ 94, 48 ] ], [ 49, [ 94, 48 ] ],
          [ 49, [ 94, 48 ] ], [ 78, [ 79, 33 ] ] ], 
      [ [ 42, [ 68, 81 ] ], [ 42, [ 68, 81 ] ], [ 85, [ 46, 59 ] ], [ 85, [ 46, 59 ] ], [ 85, [ 46, 59 ] ], 
          [ 42, [ 68, 81 ] ] ], [ [ 50, [ 65, 75 ] ], [ 50, [ 65, 75 ] ], [ 77, [ 52, 62 ] ], [ 77, [ 52, 62 ] ],
          [ 77, [ 52, 62 ] ], [ 50, [ 65, 75 ] ] ], 
      [ [ 50, [ 68, 73 ] ], [ 50, [ 68, 73 ] ], [ 77, [ 54, 59 ] ], [ 77, [ 54, 59 ] ], [ 77, [ 54, 59 ] ], 
          [ 50, [ 68, 73 ] ] ], [ [ 67, [ 59, 65 ] ], [ 67, [ 59, 65 ] ], [ 60, [ 62, 68 ] ], [ 60, [ 62, 68 ] ],
          [ 60, [ 62, 68 ] ], [ 67, [ 59, 65 ] ] ] ],
  Status := "NO",
  TheCtype := [ [ -1, 0, 0, -1, 1, -1 ], [ -1, 0, 0, 0, -1, 0 ], [ -1, 0, 0, 0, 0, -1 ], [ -1, 0, 0, 0, 0, 0 ], 
      [ -1, 0, 0, 0, 1, -1 ], [ -1, 0, 0, 1, -1, 0 ], [ -1, 0, 0, 1, 0, -1 ], [ -1, 0, 0, 1, 0, 0 ], 
      [ -1, 0, 1, -1, 0, 0 ], [ -1, 0, 1, -1, 0, 1 ], [ -1, 0, 1, -1, 1, -1 ], [ -1, 0, 1, 0, -1, 0 ], 
      [ -1, 0, 1, 0, -1, 1 ], [ -1, 0, 1, 0, 0, -1 ], [ -1, 1, -1, 0, 0, 0 ], [ -1, 1, -1, 0, 0, 1 ], 
      [ -1, 1, -1, 0, 1, -1 ], [ -1, 1, -1, 0, 1, 0 ], [ -1, 1, -1, 1, -1, 0 ], [ -1, 1, -1, 1, -1, 1 ], 
      [ -1, 1, -1, 1, 0, -1 ], [ -1, 1, -1, 1, 0, 0 ], [ -1, 1, 0, -1, 0, 0 ], [ -1, 1, 0, -1, 0, 1 ], 
      [ -1, 1, 0, -1, 1, -1 ], [ -1, 1, 0, -1, 1, 0 ], [ -1, 1, 0, 0, -1, 0 ], [ -1, 1, 0, 0, -1, 1 ], 
      [ -1, 1, 0, 0, 0, -1 ], [ -1, 1, 0, 0, 0, 0 ], [ -1, 2, -1, -1, 1, 0 ], [ -1, 2, -1, 0, 0, 0 ], 
      [ 0, -1, 0, 0, 0, 0 ], [ 0, -1, 0, 0, 0, 1 ], [ 0, -1, 0, 0, 1, -1 ], [ 0, -1, 0, 0, 1, 0 ], 
      [ 0, -1, 0, 1, -1, 0 ], [ 0, -1, 0, 1, -1, 1 ], [ 0, -1, 0, 1, 0, -1 ], [ 0, -1, 0, 1, 0, 0 ], 
      [ 0, -1, 1, -1, 0, 0 ], [ 0, -1, 1, -1, 0, 1 ], [ 0, -1, 1, -1, 1, -1 ], [ 0, -1, 1, -1, 1, 0 ], 
      [ 0, -1, 1, 0, -1, 0 ], [ 0, -1, 1, 0, -1, 1 ], [ 0, -1, 1, 0, 0, -1 ], [ 0, -1, 1, 0, 0, 0 ], 
      [ 0, 0, -1, 0, 0, 0 ], [ 0, 0, -1, 0, 0, 1 ], [ 0, 0, -1, 0, 1, -1 ], [ 0, 0, -1, 0, 1, 0 ], 
      [ 0, 0, -1, 1, -1, 0 ], [ 0, 0, -1, 1, -1, 1 ], [ 0, 0, -1, 1, 0, -1 ], [ 0, 0, -1, 1, 0, 0 ], 
      [ 0, 0, 0, -1, 0, 0 ], [ 0, 0, 0, -1, 1, -1 ], [ 0, 0, 0, -1, 1, 0 ], [ 0, 0, 0, -1, 2, -1 ], 
      [ 0, 0, 0, 0, -1, 0 ], [ 0, 0, 0, 0, -1, 1 ], [ 0, 0, 0, 0, 0, -1 ], [ 0, 0, 0, 0, 0, 1 ], 
      [ 0, 0, 0, 0, 1, -1 ], [ 0, 0, 0, 0, 1, 0 ], [ 0, 0, 0, 1, -2, 1 ], [ 0, 0, 0, 1, -1, 0 ], 
      [ 0, 0, 0, 1, -1, 1 ], [ 0, 0, 0, 1, 0, 0 ], [ 0, 0, 1, -1, 0, 0 ], [ 0, 0, 1, -1, 0, 1 ], 
      [ 0, 0, 1, -1, 1, -1 ], [ 0, 0, 1, -1, 1, 0 ], [ 0, 0, 1, 0, -1, 0 ], [ 0, 0, 1, 0, -1, 1 ], 
      [ 0, 0, 1, 0, 0, -1 ], [ 0, 0, 1, 0, 0, 0 ], [ 0, 1, -1, 0, 0, 0 ], [ 0, 1, -1, 0, 0, 1 ], 
      [ 0, 1, -1, 0, 1, -1 ], [ 0, 1, -1, 0, 1, 0 ], [ 0, 1, -1, 1, -1, 0 ], [ 0, 1, -1, 1, -1, 1 ], 
      [ 0, 1, -1, 1, 0, -1 ], [ 0, 1, -1, 1, 0, 0 ], [ 0, 1, 0, -1, 0, 0 ], [ 0, 1, 0, -1, 0, 1 ], 
      [ 0, 1, 0, -1, 1, -1 ], [ 0, 1, 0, -1, 1, 0 ], [ 0, 1, 0, 0, -1, 0 ], [ 0, 1, 0, 0, -1, 1 ], 
      [ 0, 1, 0, 0, 0, -1 ], [ 0, 1, 0, 0, 0, 0 ], [ 1, -2, 1, 0, 0, 0 ], [ 1, -2, 1, 1, -1, 0 ], 
      [ 1, -1, 0, 0, 0, 0 ], [ 1, -1, 0, 0, 0, 1 ], [ 1, -1, 0, 0, 1, -1 ], [ 1, -1, 0, 0, 1, 0 ], 
      [ 1, -1, 0, 1, -1, 0 ], [ 1, -1, 0, 1, -1, 1 ], [ 1, -1, 0, 1, 0, -1 ], [ 1, -1, 0, 1, 0, 0 ], 
      [ 1, -1, 1, -1, 0, 0 ], [ 1, -1, 1, -1, 0, 1 ], [ 1, -1, 1, -1, 1, -1 ], [ 1, -1, 1, -1, 1, 0 ], 
      [ 1, -1, 1, 0, -1, 0 ], [ 1, -1, 1, 0, -1, 1 ], [ 1, -1, 1, 0, 0, -1 ], [ 1, -1, 1, 0, 0, 0 ], 
      [ 1, 0, -1, 0, 0, 1 ], [ 1, 0, -1, 0, 1, -1 ], [ 1, 0, -1, 0, 1, 0 ], [ 1, 0, -1, 1, -1, 1 ], 
      [ 1, 0, -1, 1, 0, -1 ], [ 1, 0, -1, 1, 0, 0 ], [ 1, 0, 0, -1, 0, 0 ], [ 1, 0, 0, -1, 0, 1 ], 
      [ 1, 0, 0, -1, 1, 0 ], [ 1, 0, 0, 0, -1, 1 ], [ 1, 0, 0, 0, 0, 0 ], [ 1, 0, 0, 0, 0, 1 ], 
      [ 1, 0, 0, 0, 1, 0 ], [ 1, 0, 0, 1, -1, 1 ] ],
  eInvariant := rec(
      nbFac := 29,
      nbIneq := 921 ) );
