return rec(
  CharMat := [ [ 25, 17, 9, 1, -7, -6 ], [ 17, 34, 21, 8, 4, 1 ], [ 9, 21, 36, 22, 13, 8 ], 
      [ 1, 8, 22, 36, 22, 15 ], [ -7, 4, 13, 22, 30, 20 ], [ -6, 1, 8, 15, 20, 22 ] ],
  ListInequalities := [ [ 0, 0, 0, 0, 0, 0, 0, 0, 0, -1, 1, 0, 0, 0, 0, 0, 0, 0, 0, 0, 0 ], 
      [ 0, 0, 0, 0, 0, 0, 0, 0, 1, 0, 0, 0, 0, 0, 0, 0, 0, 0, 0, 0, 0 ], 
      [ 0, 0, 0, 0, 0, 0, 0, 1, -1, 1, 0, 0, 0, 0, 0, 0, 0, 0, 0, 0, 0 ], 
      [ 1, 0, 0, 0, 0, 0, -1, 0, 0, 1, 0, 0, 0, 0, 0, 0, 0, 0, 0, 0, 0 ], 
      [ 0, 0, 0, 0, 0, 0, 0, 0, 0, 0, -1, 0, 0, 0, 0, 0, 0, 0, 0, 1, -1 ], 
      [ 0, 0, 0, 0, 1, 0, 0, 0, 0, 1, 0, 0, 0, 0, 0, 0, 0, 0, -1, 0, 0 ], 
      [ 0, 0, 0, 0, 0, 1, 0, 0, 0, 0, 1, 0, 0, 0, 0, 0, 0, 0, 0, -1, 0 ], 
      [ 0, 0, 0, 0, 0, 0, 0, 0, 0, 0, 1, 0, 0, 0, 0, 0, 0, -1, 0, 1, 0 ], 
      [ 0, 0, 0, 0, 0, 0, 0, 0, 0, 1, -1, 0, 0, 0, 0, 0, -1, 1, 1, -1, 0 ], 
      [ 0, 0, 0, 0, 0, 0, 0, 0, -1, 1, 0, 0, 0, 0, 0, 1, -1, 0, 0, 0, 0 ], 
      [ 0, 1, 0, 0, 0, 0, -1, 1, -1, 1, 0, -1, 1, -1, 0, 0, 0, 0, 0, 0, 0 ], 
      [ 0, 0, 0, 0, 0, 0, 0, 0, -1, 1, 0, 0, 1, -1, 0, 0, 0, 0, 0, -1, 1 ], 
      [ 0, 0, 0, 0, -1, 0, 0, 0, 1, -1, 0, 0, -1, 1, 0, 0, 0, 0, 1, -1, 1 ], 
      [ 0, 0, 0, 0, -1, 0, 0, 0, 0, -1, 1, 0, 0, 1, -1, 0, 0, 0, 1, -1, 1 ], 
      [ 0, 0, 0, 0, 0, 0, 0, 0, 0, 0, 0, 0, 0, 0, 1, 0, 0, 0, 0, 0, 0 ], 
      [ 0, 0, 1, 0, 0, 0, 0, 0, 0, 0, 0, -1, 1, 0, 0, -1, 0, 0, 0, 0, 0 ] ],
  ListInformations := 
   [ [ [ 2, [ 65, 123 ] ], [ 2, [ 65, 123 ] ], [ 125, [ 4, 62 ] ], [ 125, [ 4, 62 ] ], [ 125, [ 4, 62 ] ], 
          [ 2, [ 65, 123 ] ] ], [ [ 119, [ 4, 70 ] ], [ 119, [ 4, 70 ] ], [ 8, [ 57, 123 ] ], [ 8, [ 57, 123 ] ],
          [ 8, [ 57, 123 ] ], [ 119, [ 4, 70 ] ] ], 
      [ [ 115, [ 4, 74 ] ], [ 115, [ 4, 74 ] ], [ 12, [ 53, 123 ] ], [ 12, [ 53, 123 ] ], [ 12, [ 53, 123 ] ], 
          [ 115, [ 4, 74 ] ] ], 
      [ [ 91, [ 100, 4 ] ], [ 91, [ 100, 4 ] ], [ 36, [ 123, 27 ] ], [ 36, [ 123, 27 ] ], [ 36, [ 123, 27 ] ], 
          [ 91, [ 100, 4 ] ] ], [ [ 5, [ 64, 121 ] ], [ 5, [ 64, 121 ] ], [ 122, [ 6, 63 ] ], [ 122, [ 6, 63 ] ],
          [ 122, [ 6, 63 ] ], [ 5, [ 64, 121 ] ] ], 
      [ [ 119, [ 6, 66 ] ], [ 119, [ 6, 66 ] ], [ 8, [ 61, 121 ] ], [ 8, [ 61, 121 ] ], [ 8, [ 61, 121 ] ], 
          [ 119, [ 6, 66 ] ] ], [ [ 119, [ 7, 64 ] ], [ 119, [ 7, 64 ] ], [ 8, [ 63, 120 ] ], [ 8, [ 63, 120 ] ],
          [ 8, [ 63, 120 ] ], [ 119, [ 7, 64 ] ] ], 
      [ [ 117, [ 9, 64 ] ], [ 117, [ 9, 64 ] ], [ 10, [ 63, 118 ] ], [ 10, [ 63, 118 ] ], [ 10, [ 63, 118 ] ], 
          [ 117, [ 9, 64 ] ] ], 
      [ [ 116, [ 9, 65 ] ], [ 116, [ 9, 65 ] ], [ 11, [ 62, 118 ] ], [ 11, [ 62, 118 ] ], [ 11, [ 62, 118 ] ], 
          [ 116, [ 9, 65 ] ] ], [ [ 12, [ 67, 111 ] ], [ 12, [ 67, 111 ] ], [ 115, [ 16, 60 ] ], 
          [ 115, [ 16, 60 ] ], [ 115, [ 16, 60 ] ], [ 12, [ 67, 111 ] ] ], 
      [ [ 12, [ 83, 97 ] ], [ 12, [ 83, 97 ] ], [ 115, [ 30, 44 ] ], [ 115, [ 30, 44 ] ], [ 115, [ 30, 44 ] ], 
          [ 12, [ 83, 97 ] ] ], 
      [ [ 26, [ 67, 98 ] ], [ 26, [ 67, 98 ] ], [ 101, [ 29, 60 ] ], [ 101, [ 29, 60 ] ], [ 101, [ 29, 60 ] ], 
          [ 26, [ 67, 98 ] ] ], [ [ 96, [ 28, 67 ] ], [ 96, [ 28, 67 ] ], [ 31, [ 60, 99 ] ], [ 31, [ 60, 99 ] ],
          [ 31, [ 60, 99 ] ], [ 96, [ 28, 67 ] ] ], 
      [ [ 31, [ 65, 95 ] ], [ 31, [ 65, 95 ] ], [ 96, [ 32, 62 ] ], [ 96, [ 32, 62 ] ], [ 96, [ 32, 62 ] ], 
          [ 31, [ 65, 95 ] ] ], [ [ 93, [ 33, 64 ] ], [ 93, [ 33, 64 ] ], [ 34, [ 63, 94 ] ], [ 34, [ 63, 94 ] ],
          [ 34, [ 63, 94 ] ], [ 93, [ 33, 64 ] ] ], 
      [ [ 40, [ 71, 79 ] ], [ 40, [ 71, 79 ] ], [ 87, [ 48, 56 ] ], [ 87, [ 48, 56 ] ], [ 87, [ 48, 56 ] ], 
          [ 40, [ 71, 79 ] ] ] ],
  Status := "YES",
  TheCtype := [ [ -1, 0, 0, 0, -1, 0 ], [ -1, 0, 0, 0, -1, 1 ], [ -1, 0, 0, 0, 0, -1 ], [ -1, 0, 0, 0, 0, 0 ], 
      [ -1, 0, 0, 1, -1, -1 ], [ -1, 0, 0, 1, -1, 0 ], [ -1, 0, 0, 1, 0, -1 ], [ -1, 0, 0, 1, 0, 0 ], 
      [ -1, 0, 1, -1, 0, 0 ], [ -1, 0, 1, -1, 0, 1 ], [ -1, 0, 1, -1, 1, -1 ], [ -1, 0, 1, -1, 1, 0 ], 
      [ -1, 0, 1, 0, -1, 0 ], [ -1, 0, 1, 0, -1, 1 ], [ -1, 0, 1, 0, 0, -1 ], [ -1, 0, 1, 0, 0, 0 ], 
      [ -1, 1, -1, 0, 0, 0 ], [ -1, 1, -1, 0, 0, 1 ], [ -1, 1, -1, 0, 1, -1 ], [ -1, 1, -1, 0, 1, 0 ], 
      [ -1, 1, -1, 1, -1, 0 ], [ -1, 1, -1, 1, -1, 1 ], [ -1, 1, -1, 1, 0, -1 ], [ -1, 1, -1, 1, 0, 0 ], 
      [ -1, 1, 0, -1, 0, 0 ], [ -1, 1, 0, -1, 1, -1 ], [ -1, 1, 0, 0, -1, 0 ], [ -1, 1, 0, 0, -1, 1 ], 
      [ -1, 1, 0, 0, 0, -1 ], [ -1, 1, 0, 0, 0, 0 ], [ -1, 1, 0, 1, -2, 1 ], [ -1, 1, 0, 1, -1, 0 ], 
      [ 0, -1, 0, 0, 0, 0 ], [ 0, -1, 0, 0, 0, 1 ], [ 0, -1, 0, 0, 1, -1 ], [ 0, -1, 0, 0, 1, 0 ], 
      [ 0, -1, 0, 1, -1, 0 ], [ 0, -1, 0, 1, -1, 1 ], [ 0, -1, 0, 1, 0, -1 ], [ 0, -1, 0, 1, 0, 0 ], 
      [ 0, -1, 1, -1, 0, 0 ], [ 0, -1, 1, -1, 0, 1 ], [ 0, -1, 1, -1, 1, -1 ], [ 0, -1, 1, -1, 1, 0 ], 
      [ 0, -1, 1, 0, -1, 0 ], [ 0, -1, 1, 0, -1, 1 ], [ 0, -1, 1, 0, 0, -1 ], [ 0, -1, 1, 0, 0, 0 ], 
      [ 0, 0, -1, 0, 0, 0 ], [ 0, 0, -1, 0, 0, 1 ], [ 0, 0, -1, 0, 1, -1 ], [ 0, 0, -1, 0, 1, 0 ], 
      [ 0, 0, -1, 1, -1, 0 ], [ 0, 0, -1, 1, -1, 1 ], [ 0, 0, -1, 1, 0, -1 ], [ 0, 0, -1, 1, 0, 0 ], 
      [ 0, 0, 0, -1, 0, 0 ], [ 0, 0, 0, -1, 0, 1 ], [ 0, 0, 0, -1, 1, -1 ], [ 0, 0, 0, -1, 1, 0 ], 
      [ 0, 0, 0, 0, -1, 0 ], [ 0, 0, 0, 0, -1, 1 ], [ 0, 0, 0, 0, 0, -1 ], [ 0, 0, 0, 0, 0, 1 ], 
      [ 0, 0, 0, 0, 1, -1 ], [ 0, 0, 0, 0, 1, 0 ], [ 0, 0, 0, 1, -1, 0 ], [ 0, 0, 0, 1, -1, 1 ], 
      [ 0, 0, 0, 1, 0, -1 ], [ 0, 0, 0, 1, 0, 0 ], [ 0, 0, 1, -1, 0, 0 ], [ 0, 0, 1, -1, 0, 1 ], 
      [ 0, 0, 1, -1, 1, -1 ], [ 0, 0, 1, -1, 1, 0 ], [ 0, 0, 1, 0, -1, 0 ], [ 0, 0, 1, 0, -1, 1 ], 
      [ 0, 0, 1, 0, 0, -1 ], [ 0, 0, 1, 0, 0, 0 ], [ 0, 1, -1, 0, 0, 0 ], [ 0, 1, -1, 0, 0, 1 ], 
      [ 0, 1, -1, 0, 1, -1 ], [ 0, 1, -1, 0, 1, 0 ], [ 0, 1, -1, 1, -1, 0 ], [ 0, 1, -1, 1, -1, 1 ], 
      [ 0, 1, -1, 1, 0, -1 ], [ 0, 1, -1, 1, 0, 0 ], [ 0, 1, 0, -1, 0, 0 ], [ 0, 1, 0, -1, 0, 1 ], 
      [ 0, 1, 0, -1, 1, -1 ], [ 0, 1, 0, -1, 1, 0 ], [ 0, 1, 0, 0, -1, 0 ], [ 0, 1, 0, 0, -1, 1 ], 
      [ 0, 1, 0, 0, 0, -1 ], [ 0, 1, 0, 0, 0, 0 ], [ 1, -1, 0, -1, 1, 0 ], [ 1, -1, 0, -1, 2, -1 ], 
      [ 1, -1, 0, 0, 0, 0 ], [ 1, -1, 0, 0, 0, 1 ], [ 1, -1, 0, 0, 1, -1 ], [ 1, -1, 0, 0, 1, 0 ], 
      [ 1, -1, 0, 1, -1, 1 ], [ 1, -1, 0, 1, 0, 0 ], [ 1, -1, 1, -1, 0, 0 ], [ 1, -1, 1, -1, 0, 1 ], 
      [ 1, -1, 1, -1, 1, -1 ], [ 1, -1, 1, -1, 1, 0 ], [ 1, -1, 1, 0, -1, 0 ], [ 1, -1, 1, 0, -1, 1 ], 
      [ 1, -1, 1, 0, 0, -1 ], [ 1, -1, 1, 0, 0, 0 ], [ 1, 0, -1, 0, 0, 0 ], [ 1, 0, -1, 0, 0, 1 ], 
      [ 1, 0, -1, 0, 1, -1 ], [ 1, 0, -1, 0, 1, 0 ], [ 1, 0, -1, 1, -1, 0 ], [ 1, 0, -1, 1, -1, 1 ], 
      [ 1, 0, -1, 1, 0, -1 ], [ 1, 0, -1, 1, 0, 0 ], [ 1, 0, 0, -1, 0, 0 ], [ 1, 0, 0, -1, 0, 1 ], 
      [ 1, 0, 0, -1, 1, 0 ], [ 1, 0, 0, -1, 1, 1 ], [ 1, 0, 0, 0, 0, 0 ], [ 1, 0, 0, 0, 0, 1 ], 
      [ 1, 0, 0, 0, 1, -1 ], [ 1, 0, 0, 0, 1, 0 ] ],
  eInvariant := rec(
      nbFac := 21,
      nbIneq := 906 ) );
