return rec(
  CharMat := [ [ 23, 16, 9, 4, -1, -2 ], [ 16, 37, 36, 25, 13, 5 ], [ 9, 36, 62, 46, 27, 12 ], 
      [ 4, 25, 46, 50, 35, 15 ], [ -1, 13, 27, 35, 44, 19 ], [ -2, 5, 12, 15, 19, 21 ] ],
  ListInequalities := [ [ 0, 0, 0, 0, 0, 1, 0, 0, 0, -1, 1, 0, 0, 0, 0, 0, 0, 0, 0, 0, -1 ], 
      [ 0, 0, 0, 0, 0, 0, 0, 0, 0, -1, 0, 0, 0, 0, 0, 0, 0, 0, 0, 0, 0 ], 
      [ 0, 0, 0, 0, 0, 0, 0, 0, 0, 1, -1, 0, 0, 0, 0, 0, 0, 0, 0, 0, 0 ], 
      [ 0, 0, 0, 1, 0, 0, 0, 1, -1, 0, 0, 0, 0, 0, 0, -1, 1, 0, -1, 0, 0 ], 
      [ 0, 0, 0, 0, 0, 0, 0, 0, 0, 0, 1, 0, 0, 0, 0, 0, 0, -1, 0, 1, 0 ], 
      [ 0, 0, 0, 1, 0, 0, 0, 0, 1, -1, 0, 0, 0, 0, 0, -1, 1, 0, -1, 0, 0 ], 
      [ 0, 1, 0, 0, 0, 0, -1, 1, 0, 0, 0, -1, -1, 1, 0, 1, -1, 0, 0, 0, 0 ], 
      [ 0, 1, 0, 0, 0, 0, -1, 1, -1, 1, 0, -1, 1, -1, 0, 0, 0, 0, 0, 0, 0 ], 
      [ 0, 1, 0, 0, 0, 0, -1, 1, 0, 0, 0, -1, 0, -1, 1, 0, 1, -1, 0, 0, 0 ], 
      [ 0, 1, 0, 0, 0, 0, -1, 1, 0, -1, 1, -1, 0, 1, -1, 0, 0, 0, 0, 0, 0 ], 
      [ 0, 1, 0, 0, 0, 0, -1, 1, 0, 0, 0, -1, 0, 0, -1, 0, 0, 1, 0, 0, 0 ], 
      [ 0, 1, 0, 0, 0, 0, -1, 1, 0, 0, -1, -1, 0, 0, 1, 0, 0, 0, 0, 0, 0 ], 
      [ 1, 1, 0, 0, 0, 0, -2, 1, 0, 0, 0, -1, 0, 0, 0, 0, 0, 0, 0, 0, 0 ], 
      [ 0, -1, -1, 0, 0, 0, 1, -1, 0, 0, 0, 2, -1, 0, 0, 1, 0, 0, 0, 0, 0 ], 
      [ 0, 0, -1, 0, 0, 0, 0, -1, 1, 0, 0, 2, -2, 0, 0, 1, 0, 0, 0, 0, 0 ], 
      [ 0, 1, 0, 0, 0, 0, 0, 0, 0, 0, 0, -1, 0, 0, 0, 0, 0, 0, 0, 0, 0 ], 
      [ 0, 0, 1, 1, 0, 0, 0, 0, 0, 0, 0, -1, 1, 0, 0, -2, 1, 0, -1, 0, 0 ], 
      [ 0, 0, 0, 1, 1, 0, 0, 0, 0, 0, 0, 0, 0, 0, 0, -1, 1, 0, -2, 1, -1 ], 
      [ 0, 0, 0, 1, 0, 0, 0, 0, 0, 0, 0, 0, 0, 0, 0, -1, 0, 1, 0, -1, 0 ], 
      [ 0, 0, 0, -1, 0, 0, 0, 0, 0, 0, 0, 0, 0, 0, 0, 1, -1, 1, 1, -1, 0 ], 
      [ 0, 0, 0, 0, 0, 0, 0, 0, 0, 0, 0, 0, 0, 0, 0, 0, 0, 1, 0, -2, 1 ] ],
  ListInformations := 
   [ [ [ 1, [ 65, 125 ] ], [ 1, [ 65, 125 ] ], [ 126, [ 2, 62 ] ], [ 126, [ 2, 62 ] ], [ 126, [ 2, 62 ] ], 
          [ 1, [ 65, 125 ] ] ], [ [ 1, [ 66, 124 ] ], [ 1, [ 66, 124 ] ], [ 126, [ 3, 61 ] ], [ 126, [ 3, 61 ] ],
          [ 126, [ 3, 61 ] ], [ 1, [ 66, 124 ] ] ], 
      [ [ 123, [ 3, 65 ] ], [ 123, [ 3, 65 ] ], [ 4, [ 62, 124 ] ], [ 4, [ 62, 124 ] ], [ 4, [ 62, 124 ] ], 
          [ 123, [ 3, 65 ] ] ], 
      [ [ 115, [ 5, 73 ] ], [ 115, [ 5, 73 ] ], [ 12, [ 54, 122 ] ], [ 12, [ 54, 122 ] ], [ 12, [ 54, 122 ] ], 
          [ 115, [ 5, 73 ] ] ], [ [ 118, [ 8, 64 ] ], [ 118, [ 8, 64 ] ], [ 9, [ 63, 119 ] ], [ 9, [ 63, 119 ] ],
          [ 9, [ 63, 119 ] ], [ 118, [ 8, 64 ] ] ], 
      [ [ 115, [ 8, 67 ] ], [ 115, [ 8, 67 ] ], [ 12, [ 60, 119 ] ], [ 12, [ 60, 119 ] ], [ 12, [ 60, 119 ] ], 
          [ 115, [ 8, 67 ] ] ], [ [ 11, [ 79, 101 ] ], [ 11, [ 79, 101 ] ], [ 116, [ 26, 48 ] ], 
          [ 116, [ 26, 48 ] ], [ 116, [ 26, 48 ] ], [ 11, [ 79, 101 ] ] ], 
      [ [ 11, [ 83, 97 ] ], [ 11, [ 83, 97 ] ], [ 116, [ 30, 44 ] ], [ 116, [ 30, 44 ] ], [ 116, [ 30, 44 ] ], 
          [ 11, [ 83, 97 ] ] ], 
      [ [ 13, [ 79, 99 ] ], [ 13, [ 79, 99 ] ], [ 114, [ 28, 48 ] ], [ 114, [ 28, 48 ] ], [ 114, [ 28, 48 ] ], 
          [ 13, [ 79, 99 ] ] ], 
      [ [ 13, [ 81, 97 ] ], [ 13, [ 81, 97 ] ], [ 114, [ 30, 46 ] ], [ 114, [ 30, 46 ] ], [ 114, [ 30, 46 ] ], 
          [ 13, [ 81, 97 ] ] ], 
      [ [ 14, [ 79, 98 ] ], [ 14, [ 79, 98 ] ], [ 113, [ 29, 48 ] ], [ 113, [ 29, 48 ] ], [ 113, [ 29, 48 ] ], 
          [ 14, [ 79, 98 ] ] ], 
      [ [ 14, [ 80, 97 ] ], [ 14, [ 80, 97 ] ], [ 113, [ 30, 47 ] ], [ 113, [ 30, 47 ] ], [ 113, [ 30, 47 ] ], 
          [ 14, [ 80, 97 ] ] ], 
      [ [ 78, [ 97, 15 ] ], [ 78, [ 97, 15 ] ], [ 49, [ 112, 30 ] ], [ 49, [ 112, 30 ] ], [ 49, [ 112, 30 ] ], 
          [ 78, [ 97, 15 ] ] ], 
      [ [ 96, [ 22, 79 ] ], [ 96, [ 22, 79 ] ], [ 31, [ 48, 105 ] ], [ 31, [ 48, 105 ] ], [ 31, [ 48, 105 ] ], 
          [ 96, [ 22, 79 ] ] ], [ [ 31, [ 73, 95 ] ], [ 31, [ 73, 95 ] ], [ 96, [ 32, 54 ] ], [ 96, [ 32, 54 ] ],
          [ 96, [ 32, 54 ] ], [ 31, [ 73, 95 ] ] ], 
      [ [ 78, [ 79, 33 ] ], [ 78, [ 79, 33 ] ], [ 49, [ 94, 48 ] ], [ 49, [ 94, 48 ] ], [ 49, [ 94, 48 ] ], 
          [ 78, [ 79, 33 ] ] ], [ [ 36, [ 73, 83 ] ], [ 36, [ 73, 83 ] ], [ 91, [ 44, 54 ] ], [ 91, [ 44, 54 ] ],
          [ 91, [ 44, 54 ] ], [ 36, [ 73, 83 ] ] ], 
      [ [ 50, [ 67, 75 ] ], [ 50, [ 67, 75 ] ], [ 77, [ 52, 60 ] ], [ 77, [ 52, 60 ] ], [ 77, [ 52, 60 ] ], 
          [ 50, [ 67, 75 ] ] ], [ [ 50, [ 69, 73 ] ], [ 50, [ 69, 73 ] ], [ 77, [ 54, 58 ] ], [ 77, [ 54, 58 ] ],
          [ 77, [ 54, 58 ] ], [ 50, [ 69, 73 ] ] ], 
      [ [ 71, [ 54, 68 ] ], [ 71, [ 54, 68 ] ], [ 56, [ 59, 73 ] ], [ 56, [ 59, 73 ] ], [ 56, [ 59, 73 ] ], 
          [ 71, [ 54, 68 ] ] ], [ [ 71, [ 55, 64 ] ], [ 71, [ 55, 64 ] ], [ 56, [ 63, 72 ] ], [ 56, [ 63, 72 ] ],
          [ 56, [ 63, 72 ] ], [ 71, [ 55, 64 ] ] ] ],
  Status := "NO",
  TheCtype := [ [ -1, 0, 0, 0, -1, 0 ], [ -1, 0, 0, 0, 0, -1 ], [ -1, 0, 0, 0, 0, 0 ], [ -1, 0, 0, 0, 1, -1 ], 
      [ -1, 0, 0, 1, -1, 0 ], [ -1, 0, 0, 1, -1, 1 ], [ -1, 0, 0, 1, 0, -1 ], [ -1, 0, 1, -1, 0, 0 ], 
      [ -1, 0, 1, -1, 0, 1 ], [ -1, 0, 1, -1, 1, -1 ], [ -1, 0, 1, -1, 1, 0 ], [ -1, 0, 1, 0, -1, 0 ], 
      [ -1, 0, 1, 0, -1, 1 ], [ -1, 0, 1, 0, 0, -1 ], [ -1, 1, -1, 0, 0, 0 ], [ -1, 1, -1, 0, 0, 1 ], 
      [ -1, 1, -1, 0, 1, -1 ], [ -1, 1, -1, 0, 1, 0 ], [ -1, 1, -1, 1, -1, 0 ], [ -1, 1, -1, 1, -1, 1 ], 
      [ -1, 1, -1, 1, 0, -1 ], [ -1, 1, -1, 1, 0, 0 ], [ -1, 1, 0, -1, 0, 0 ], [ -1, 1, 0, -1, 0, 1 ], 
      [ -1, 1, 0, -1, 1, -1 ], [ -1, 1, 0, -1, 1, 0 ], [ -1, 1, 0, 0, -1, 0 ], [ -1, 1, 0, 0, -1, 1 ], 
      [ -1, 1, 0, 0, 0, -1 ], [ -1, 1, 0, 0, 0, 0 ], [ -1, 2, -2, 1, 0, 0 ], [ -1, 2, -1, 0, 0, 0 ], 
      [ 0, -1, 0, 0, 0, 0 ], [ 0, -1, 0, 0, 0, 1 ], [ 0, -1, 0, 0, 1, -1 ], [ 0, -1, 0, 0, 1, 0 ], 
      [ 0, -1, 0, 1, -1, 0 ], [ 0, -1, 0, 1, -1, 1 ], [ 0, -1, 0, 1, 0, -1 ], [ 0, -1, 0, 1, 0, 0 ], 
      [ 0, -1, 1, -1, 0, 0 ], [ 0, -1, 1, -1, 0, 1 ], [ 0, -1, 1, -1, 1, -1 ], [ 0, -1, 1, -1, 1, 0 ], 
      [ 0, -1, 1, 0, -1, 0 ], [ 0, -1, 1, 0, -1, 1 ], [ 0, -1, 1, 0, 0, -1 ], [ 0, -1, 1, 0, 0, 0 ], 
      [ 0, 0, -1, 0, 0, 0 ], [ 0, 0, -1, 0, 0, 1 ], [ 0, 0, -1, 1, -1, 0 ], [ 0, 0, -1, 1, -1, 1 ], 
      [ 0, 0, -1, 1, 0, -1 ], [ 0, 0, -1, 1, 0, 0 ], [ 0, 0, -1, 2, -1, 0 ], [ 0, 0, -1, 2, -1, 1 ], 
      [ 0, 0, 0, -1, 0, 0 ], [ 0, 0, 0, -1, 0, 1 ], [ 0, 0, 0, -1, 1, -1 ], [ 0, 0, 0, -1, 1, 0 ], 
      [ 0, 0, 0, 0, -1, 0 ], [ 0, 0, 0, 0, -1, 1 ], [ 0, 0, 0, 0, 0, -1 ], [ 0, 0, 0, 0, 0, 1 ], 
      [ 0, 0, 0, 0, 1, -1 ], [ 0, 0, 0, 0, 1, 0 ], [ 0, 0, 0, 1, -1, 0 ], [ 0, 0, 0, 1, -1, 1 ], 
      [ 0, 0, 0, 1, 0, -1 ], [ 0, 0, 0, 1, 0, 0 ], [ 0, 0, 1, -2, 1, -1 ], [ 0, 0, 1, -2, 1, 0 ], 
      [ 0, 0, 1, -1, 0, 0 ], [ 0, 0, 1, -1, 0, 1 ], [ 0, 0, 1, -1, 1, -1 ], [ 0, 0, 1, -1, 1, 0 ], 
      [ 0, 0, 1, 0, 0, -1 ], [ 0, 0, 1, 0, 0, 0 ], [ 0, 1, -1, 0, 0, 0 ], [ 0, 1, -1, 0, 0, 1 ], 
      [ 0, 1, -1, 0, 1, -1 ], [ 0, 1, -1, 0, 1, 0 ], [ 0, 1, -1, 1, -1, 0 ], [ 0, 1, -1, 1, -1, 1 ], 
      [ 0, 1, -1, 1, 0, -1 ], [ 0, 1, -1, 1, 0, 0 ], [ 0, 1, 0, -1, 0, 0 ], [ 0, 1, 0, -1, 0, 1 ], 
      [ 0, 1, 0, -1, 1, -1 ], [ 0, 1, 0, -1, 1, 0 ], [ 0, 1, 0, 0, -1, 0 ], [ 0, 1, 0, 0, -1, 1 ], 
      [ 0, 1, 0, 0, 0, -1 ], [ 0, 1, 0, 0, 0, 0 ], [ 1, -2, 1, 0, 0, 0 ], [ 1, -2, 2, -1, 0, 0 ], 
      [ 1, -1, 0, 0, 0, 0 ], [ 1, -1, 0, 0, 0, 1 ], [ 1, -1, 0, 0, 1, -1 ], [ 1, -1, 0, 0, 1, 0 ], 
      [ 1, -1, 0, 1, -1, 0 ], [ 1, -1, 0, 1, -1, 1 ], [ 1, -1, 0, 1, 0, -1 ], [ 1, -1, 0, 1, 0, 0 ], 
      [ 1, -1, 1, -1, 0, 0 ], [ 1, -1, 1, -1, 0, 1 ], [ 1, -1, 1, -1, 1, -1 ], [ 1, -1, 1, -1, 1, 0 ], 
      [ 1, -1, 1, 0, -1, 0 ], [ 1, -1, 1, 0, -1, 1 ], [ 1, -1, 1, 0, 0, -1 ], [ 1, -1, 1, 0, 0, 0 ], 
      [ 1, 0, -1, 0, 0, 1 ], [ 1, 0, -1, 0, 1, -1 ], [ 1, 0, -1, 0, 1, 0 ], [ 1, 0, -1, 1, -1, 0 ], 
      [ 1, 0, -1, 1, -1, 1 ], [ 1, 0, -1, 1, 0, -1 ], [ 1, 0, -1, 1, 0, 0 ], [ 1, 0, 0, -1, 0, 1 ], 
      [ 1, 0, 0, -1, 1, -1 ], [ 1, 0, 0, -1, 1, 0 ], [ 1, 0, 0, 0, -1, 1 ], [ 1, 0, 0, 0, 0, 0 ], 
      [ 1, 0, 0, 0, 0, 1 ], [ 1, 0, 0, 0, 1, 0 ] ],
  eInvariant := rec(
      nbFac := 21,
      nbIneq := 915 ) );
