return rec(
  CharMat := [ [ 11, 8, 4, 1, -2, -1 ], [ 8, 23, 23, 15, 7, 4 ], [ 4, 23, 41, 28, 15, 9 ], 
      [ 1, 15, 28, 31, 19, 11 ], [ -2, 7, 15, 19, 23, 13 ], [ -1, 4, 9, 11, 13, 14 ] ],
  ListInequalities := [ [ -1, 0, 0, 0, 0, 0, 2, -1, 0, 0, 0, 0, 0, 0, 0, 0, 0, 0, 0, 0, 0 ], 
      [ -1, -1, 0, 0, 0, 0, 2, -1, 0, 0, 0, 1, 0, 0, 0, 0, 0, 0, 0, 0, 0 ], 
      [ 0, 0, 0, 0, 0, 0, 0, 0, 0, -1, 1, 0, 0, 0, 0, 0, 0, 0, 0, 0, 0 ], 
      [ 0, 0, 0, 0, 0, 0, 0, 0, 0, 0, -1, 0, 0, 0, 0, 0, 0, 0, 0, 0, 0 ], 
      [ 0, 0, 0, 0, 0, 0, 0, 0, 1, 0, 0, 0, 0, 0, 0, 0, 0, 0, 0, 0, 0 ], 
      [ 1, 0, 0, 0, 0, 0, -1, 0, 0, 1, 0, 0, 0, 0, 0, 0, 0, 0, 0, 0, 0 ], 
      [ 0, 0, 0, 0, 0, 0, 0, 0, 0, 0, 1, 0, 0, 0, 0, 0, 0, 0, 0, -1, 1 ], 
      [ 0, 0, 0, 0, 1, 0, 0, 0, 0, 1, -1, 0, 0, 0, 0, 0, 0, 0, -1, 1, -1 ], 
      [ 0, 0, 0, 1, 0, 0, 0, 1, -1, 0, 0, 0, 0, 0, 0, -1, 1, 0, -1, 0, 0 ], 
      [ 0, 1, 1, 0, 0, 0, -1, 1, 0, 0, 0, -2, 1, 0, 0, -1, 0, 0, 0, 0, 0 ], 
      [ 0, 1, 0, 0, 0, 0, -1, 0, 1, 0, 0, 0, -1, 0, 0, 0, 0, 0, 0, 0, 0 ], 
      [ 0, 1, 0, 0, 0, 0, -1, 1, 0, 0, 0, -1, 0, 0, -1, 0, 0, 1, 0, 0, 0 ], 
      [ 0, 1, 0, 0, 0, 0, -1, 1, 0, 0, -1, -1, 0, 0, 1, 0, 0, 0, 0, 0, 0 ], 
      [ 1, 1, 0, 0, 0, 0, -2, 1, 0, 1, -1, -1, 0, -1, 1, 0, 1, -1, 0, 0, 0 ], 
      [ 0, 0, 0, 1, 0, 0, 0, 0, -1, 1, 0, 0, 1, -1, 0, -1, 1, 0, -1, 0, 0 ], 
      [ 0, -1, 0, 0, 0, 0, 1, -1, 0, 0, 0, 1, 0, 1, -1, 0, -1, 1, 0, 0, 0 ], 
      [ 0, 0, 0, 0, 0, 0, 0, 0, 0, -1, 1, 0, 0, 2, -2, 0, -1, 1, 0, 0, 0 ], 
      [ 0, 0, 0, 1, 0, 0, 0, 0, 0, 0, 0, 0, -1, 1, 0, 0, 0, 0, -1, 0, 0 ], 
      [ 0, 0, 0, 1, 1, 0, 0, 0, 0, 0, 0, 0, 0, 0, 0, -1, 1, 0, -2, 1, -1 ], 
      [ 0, 0, 0, 1, 0, 0, 0, 0, 0, 0, 0, 0, 0, 0, 0, -1, 1, 0, -1, -1, 1 ], 
      [ 0, 0, 0, -1, 0, 0, 0, 0, 0, 0, 0, 0, 0, 0, 0, 1, -1, 0, 1, 0, 0 ], 
      [ 0, 0, 0, 0, 0, 1, 0, 0, 0, 0, 0, 0, 0, 0, 0, 0, 0, 0, 0, 0, -1 ] ],
  ListInformations := 
   [ [ [ 1, [ 94, 122 ] ], [ 1, [ 94, 122 ] ], [ 126, [ 5, 33 ] ], [ 126, [ 5, 33 ] ], [ 126, [ 5, 33 ] ], 
          [ 1, [ 94, 122 ] ] ], 
      [ [ 1, [ 96, 111 ] ], [ 1, [ 96, 111 ] ], [ 126, [ 16, 31 ] ], [ 126, [ 16, 31 ] ], [ 126, [ 16, 31 ] ], 
          [ 1, [ 96, 111 ] ] ], 
      [ [ 3, [ 65, 122 ] ], [ 3, [ 65, 122 ] ], [ 124, [ 5, 62 ] ], [ 124, [ 5, 62 ] ], [ 124, [ 5, 62 ] ], 
          [ 3, [ 65, 122 ] ] ], 
      [ [ 4, [ 64, 122 ] ], [ 4, [ 64, 122 ] ], [ 123, [ 5, 63 ] ], [ 123, [ 5, 63 ] ], [ 123, [ 5, 63 ] ], 
          [ 4, [ 64, 122 ] ] ], 
      [ [ 118, [ 5, 70 ] ], [ 118, [ 5, 70 ] ], [ 9, [ 57, 122 ] ], [ 9, [ 57, 122 ] ], [ 9, [ 57, 122 ] ], 
          [ 118, [ 5, 70 ] ] ], 
      [ [ 90, [ 99, 5 ] ], [ 90, [ 99, 5 ] ], [ 37, [ 122, 28 ] ], [ 37, [ 122, 28 ] ], [ 37, [ 122, 28 ] ], 
          [ 90, [ 99, 5 ] ] ], [ [ 120, [ 6, 64 ] ], [ 120, [ 6, 64 ] ], [ 7, [ 63, 121 ] ], [ 7, [ 63, 121 ] ],
          [ 7, [ 63, 121 ] ], [ 120, [ 6, 64 ] ] ], 
      [ [ 119, [ 6, 65 ] ], [ 119, [ 6, 65 ] ], [ 8, [ 62, 121 ] ], [ 8, [ 62, 121 ] ], [ 8, [ 62, 121 ] ], 
          [ 119, [ 6, 65 ] ] ], 
      [ [ 113, [ 6, 72 ] ], [ 113, [ 6, 72 ] ], [ 14, [ 55, 121 ] ], [ 14, [ 55, 121 ] ], [ 14, [ 55, 121 ] ], 
          [ 113, [ 6, 72 ] ] ], 
      [ [ 9, [ 78, 104 ] ], [ 9, [ 78, 104 ] ], [ 118, [ 23, 49 ] ], [ 118, [ 23, 49 ] ], [ 118, [ 23, 49 ] ], 
          [ 9, [ 78, 104 ] ] ], 
      [ [ 9, [ 86, 96 ] ], [ 9, [ 86, 96 ] ], [ 118, [ 31, 41 ] ], [ 118, [ 31, 41 ] ], [ 118, [ 31, 41 ] ], 
          [ 9, [ 86, 96 ] ] ], 
      [ [ 15, [ 78, 97 ] ], [ 15, [ 78, 97 ] ], [ 112, [ 30, 49 ] ], [ 112, [ 30, 49 ] ], [ 112, [ 30, 49 ] ], 
          [ 15, [ 78, 97 ] ] ], 
      [ [ 15, [ 79, 96 ] ], [ 15, [ 79, 96 ] ], [ 112, [ 31, 48 ] ], [ 112, [ 31, 48 ] ], [ 112, [ 31, 48 ] ], 
          [ 15, [ 79, 96 ] ] ], 
      [ [ 76, [ 98, 16 ] ], [ 76, [ 98, 16 ] ], [ 51, [ 111, 29 ] ], [ 51, [ 111, 29 ] ], [ 51, [ 111, 29 ] ], 
          [ 76, [ 98, 16 ] ] ], [ [ 19, [ 67, 104 ] ], [ 19, [ 67, 104 ] ], [ 108, [ 23, 60 ] ], 
          [ 108, [ 23, 60 ] ], [ 108, [ 23, 60 ] ], [ 19, [ 67, 104 ] ] ], 
      [ [ 95, [ 29, 78 ] ], [ 95, [ 29, 78 ] ], [ 32, [ 49, 98 ] ], [ 32, [ 49, 98 ] ], [ 32, [ 49, 98 ] ], 
          [ 95, [ 29, 78 ] ] ], 
      [ [ 32, [ 65, 94 ] ], [ 32, [ 65, 94 ] ], [ 95, [ 33, 62 ] ], [ 95, [ 33, 62 ] ], [ 95, [ 33, 62 ] ], 
          [ 32, [ 65, 94 ] ] ], 
      [ [ 37, [ 67, 86 ] ], [ 37, [ 67, 86 ] ], [ 90, [ 41, 60 ] ], [ 90, [ 41, 60 ] ], [ 90, [ 41, 60 ] ], 
          [ 37, [ 67, 86 ] ] ], 
      [ [ 50, [ 67, 74 ] ], [ 50, [ 67, 74 ] ], [ 77, [ 53, 60 ] ], [ 77, [ 53, 60 ] ], [ 77, [ 53, 60 ] ], 
          [ 50, [ 67, 74 ] ] ], 
      [ [ 51, [ 67, 73 ] ], [ 51, [ 67, 73 ] ], [ 76, [ 54, 60 ] ], [ 76, [ 54, 60 ] ], [ 76, [ 54, 60 ] ], 
          [ 51, [ 67, 73 ] ] ], 
      [ [ 71, [ 55, 67 ] ], [ 71, [ 55, 67 ] ], [ 56, [ 60, 72 ] ], [ 56, [ 60, 72 ] ], [ 56, [ 60, 72 ] ], 
          [ 71, [ 55, 67 ] ] ], 
      [ [ 61, [ 64, 65 ] ], [ 61, [ 64, 65 ] ], [ 66, [ 62, 63 ] ], [ 66, [ 62, 63 ] ], [ 66, [ 62, 63 ] ], 
          [ 61, [ 64, 65 ] ] ] ],
  Status := "NO",
  TheCtype := [ [ -2, 2, -1, 0, 0, 0 ], [ -1, 0, 0, 0, -1, 0 ], [ -1, 0, 0, 0, -1, 1 ], [ -1, 0, 0, 0, 0, -1 ], 
      [ -1, 0, 0, 0, 0, 0 ], [ -1, 0, 0, 1, -1, 0 ], [ -1, 0, 0, 1, -1, 1 ], [ -1, 0, 0, 1, 0, -1 ], 
      [ -1, 0, 0, 1, 0, 0 ], [ -1, 0, 1, -1, 0, 0 ], [ -1, 0, 1, -1, 0, 1 ], [ -1, 0, 1, -1, 1, -1 ], 
      [ -1, 0, 1, -1, 1, 0 ], [ -1, 0, 1, 0, -1, 0 ], [ -1, 0, 1, 0, 0, -1 ], [ -1, 1, -1, 0, 0, 0 ], 
      [ -1, 1, -1, 0, 0, 1 ], [ -1, 1, -1, 0, 1, -1 ], [ -1, 1, -1, 0, 1, 0 ], [ -1, 1, -1, 1, -1, 0 ], 
      [ -1, 1, -1, 1, -1, 1 ], [ -1, 1, -1, 1, 0, -1 ], [ -1, 1, -1, 1, 0, 0 ], [ -1, 1, 0, -1, 0, 0 ], 
      [ -1, 1, 0, -1, 0, 1 ], [ -1, 1, 0, -1, 1, -1 ], [ -1, 1, 0, -1, 1, 0 ], [ -1, 1, 0, 0, -1, 0 ], 
      [ -1, 1, 0, 0, -1, 1 ], [ -1, 1, 0, 0, 0, -1 ], [ -1, 1, 0, 0, 0, 0 ], [ -1, 2, -1, 0, -1, 1 ], 
      [ -1, 2, -1, 0, 0, 0 ], [ 0, -1, 0, 0, 0, 0 ], [ 0, -1, 0, 0, 0, 1 ], [ 0, -1, 0, 0, 1, -1 ], 
      [ 0, -1, 0, 0, 1, 0 ], [ 0, -1, 0, 1, -1, 0 ], [ 0, -1, 0, 1, -1, 1 ], [ 0, -1, 0, 1, 0, -1 ], 
      [ 0, -1, 0, 1, 0, 0 ], [ 0, -1, 1, -1, 0, 0 ], [ 0, -1, 1, -1, 0, 1 ], [ 0, -1, 1, -1, 1, -1 ], 
      [ 0, -1, 1, -1, 1, 0 ], [ 0, -1, 1, 0, -1, 0 ], [ 0, -1, 1, 0, -1, 1 ], [ 0, -1, 1, 0, 0, -1 ], 
      [ 0, -1, 1, 0, 0, 0 ], [ 0, 0, -1, 0, 0, 1 ], [ 0, 0, -1, 0, 1, -1 ], [ 0, 0, -1, 1, -1, 0 ], 
      [ 0, 0, -1, 1, -1, 1 ], [ 0, 0, -1, 1, 0, -1 ], [ 0, 0, -1, 1, 0, 0 ], [ 0, 0, -1, 2, -1, 0 ], 
      [ 0, 0, 0, -1, 0, 0 ], [ 0, 0, 0, -1, 0, 1 ], [ 0, 0, 0, -1, 1, -1 ], [ 0, 0, 0, -1, 1, 0 ], 
      [ 0, 0, 0, 0, -1, 0 ], [ 0, 0, 0, 0, -1, 1 ], [ 0, 0, 0, 0, 0, -1 ], [ 0, 0, 0, 0, 0, 1 ], 
      [ 0, 0, 0, 0, 1, -1 ], [ 0, 0, 0, 0, 1, 0 ], [ 0, 0, 0, 1, -1, 0 ], [ 0, 0, 0, 1, -1, 1 ], 
      [ 0, 0, 0, 1, 0, -1 ], [ 0, 0, 0, 1, 0, 0 ], [ 0, 0, 1, -2, 1, 0 ], [ 0, 0, 1, -1, 0, 0 ], 
      [ 0, 0, 1, -1, 0, 1 ], [ 0, 0, 1, -1, 1, -1 ], [ 0, 0, 1, -1, 1, 0 ], [ 0, 0, 1, 0, -1, 1 ], 
      [ 0, 0, 1, 0, 0, -1 ], [ 0, 1, -1, 0, 0, 0 ], [ 0, 1, -1, 0, 0, 1 ], [ 0, 1, -1, 0, 1, -1 ], 
      [ 0, 1, -1, 0, 1, 0 ], [ 0, 1, -1, 1, -1, 0 ], [ 0, 1, -1, 1, -1, 1 ], [ 0, 1, -1, 1, 0, -1 ], 
      [ 0, 1, -1, 1, 0, 0 ], [ 0, 1, 0, -1, 0, 0 ], [ 0, 1, 0, -1, 0, 1 ], [ 0, 1, 0, -1, 1, -1 ], 
      [ 0, 1, 0, -1, 1, 0 ], [ 0, 1, 0, 0, -1, 0 ], [ 0, 1, 0, 0, -1, 1 ], [ 0, 1, 0, 0, 0, -1 ], 
      [ 0, 1, 0, 0, 0, 0 ], [ 1, -2, 1, 0, 0, 0 ], [ 1, -2, 1, 0, 1, -1 ], [ 1, -1, 0, 0, 0, 0 ], 
      [ 1, -1, 0, 0, 0, 1 ], [ 1, -1, 0, 0, 1, -1 ], [ 1, -1, 0, 0, 1, 0 ], [ 1, -1, 0, 1, -1, 0 ], 
      [ 1, -1, 0, 1, -1, 1 ], [ 1, -1, 0, 1, 0, -1 ], [ 1, -1, 0, 1, 0, 0 ], [ 1, -1, 1, -1, 0, 0 ], 
      [ 1, -1, 1, -1, 0, 1 ], [ 1, -1, 1, -1, 1, -1 ], [ 1, -1, 1, -1, 1, 0 ], [ 1, -1, 1, 0, -1, 0 ], 
      [ 1, -1, 1, 0, -1, 1 ], [ 1, -1, 1, 0, 0, -1 ], [ 1, -1, 1, 0, 0, 0 ], [ 1, 0, -1, 0, 0, 1 ], 
      [ 1, 0, -1, 0, 1, 0 ], [ 1, 0, -1, 1, -1, 0 ], [ 1, 0, -1, 1, -1, 1 ], [ 1, 0, -1, 1, 0, -1 ], 
      [ 1, 0, -1, 1, 0, 0 ], [ 1, 0, 0, -1, 0, 0 ], [ 1, 0, 0, -1, 0, 1 ], [ 1, 0, 0, -1, 1, -1 ], 
      [ 1, 0, 0, -1, 1, 0 ], [ 1, 0, 0, 0, 0, 0 ], [ 1, 0, 0, 0, 0, 1 ], [ 1, 0, 0, 0, 1, -1 ], 
      [ 1, 0, 0, 0, 1, 0 ], [ 2, -2, 1, 0, 0, 0 ] ],
  eInvariant := rec(
      nbFac := 32,
      nbIneq := 918 ) );
