return rec(
  CharMat := [ [ 12, 7, 2, -1, -4, -2 ], [ 7, 15, 9, 7, 2, 1 ], [ 2, 9, 17, 14, 8, 4 ], [ -1, 7, 14, 22, 14, 7 ],
      [ -4, 2, 8, 14, 18, 8 ], [ -2, 1, 4, 7, 8, 9 ] ],
  ListInequalities := [ [ 0, 0, 0, 0, 0, 0, 0, -1, 1, -1, 0, 0, 0, 0, 0, 0, 0, 0, 0, 0, 0 ], 
      [ 0, 0, 0, 0, 1, 0, 0, 0, -1, 1, 0, 0, 0, 0, 0, 0, 0, 0, -1, 0, 0 ], 
      [ 0, 0, 0, 0, 0, 1, 0, 0, -1, 0, 1, 0, 0, 0, 0, 0, 0, 0, 0, -1, 0 ], 
      [ 0, 0, 0, 0, 0, 0, 0, 0, -1, 0, 0, 0, 0, 0, 0, 0, 0, 0, 0, 0, 0 ], 
      [ 0, 0, 1, 0, 0, 0, 0, -1, 0, 0, 0, 0, 0, 0, 0, -1, 0, 0, 0, 0, 0 ], 
      [ 0, 1, 0, 0, 0, 0, -1, 0, 0, 0, 0, 0, -1, 0, 0, 0, 0, 0, 0, 0, 0 ], 
      [ 0, 0, 0, 0, 0, 0, 0, 0, 1, -1, 0, 0, 0, 0, 0, 0, 0, 0, 0, 1, -1 ], 
      [ 0, 0, 0, 0, 0, 0, 0, 0, 1, 0, -1, 0, 0, 0, 0, 0, 0, 0, 0, 0, 0 ], 
      [ 0, 0, 0, 0, 0, 0, 0, 1, -1, 0, 1, 0, 0, 0, 0, 0, 0, 0, 0, 0, 0 ], 
      [ 0, 0, 0, 0, 0, 0, 0, 1, -1, 1, -1, 0, 0, 0, 0, 0, 0, 0, 0, 0, 0 ], 
      [ 0, 0, 0, 0, 0, 0, 1, -1, 0, 1, 0, 0, 0, 0, 0, 0, 0, 0, 0, 0, 0 ], 
      [ 1, 0, 0, 0, 0, 0, -1, 0, 0, 1, 0, 0, 0, 0, 0, 0, 0, 0, 0, 0, 0 ], 
      [ 0, 0, 0, 0, 0, 0, 0, 0, 0, 0, -1, 0, 0, 0, 0, 0, 0, 0, 0, 1, -1 ], 
      [ 0, 0, 0, 0, 1, 0, 0, 0, 0, 1, -1, 0, 0, 0, 0, 0, 0, 0, -1, 1, -1 ], 
      [ 0, 0, 0, 0, 0, 0, 0, 0, 0, 0, 1, 0, 0, 0, 0, 0, 0, -1, 0, 1, 0 ], 
      [ 0, 0, 0, 0, 0, 0, 0, 0, 0, 1, -1, 0, 0, 0, 0, 0, -1, 1, 1, -1, 0 ], 
      [ 0, 1, 0, 0, 0, 0, -1, 1, 0, 0, 0, -1, 0, 0, 0, 0, 0, 0, 0, 0, 0 ], 
      [ 0, 0, 0, 0, 0, 0, 0, 0, 0, 0, 1, 0, 0, 0, -1, 0, 0, 1, 0, 0, 0 ], 
      [ 0, 0, 0, 0, 0, 0, 0, 0, 0, 1, -1, 0, 0, -1, 1, 0, 1, -1, 0, 0, 0 ], 
      [ 0, 0, 0, 1, 0, 0, 0, -1, 1, 0, 0, 1, -1, 0, 0, -1, 1, 0, -1, 0, 0 ], 
      [ 0, 0, 0, 0, 0, 0, 0, -1, 0, 1, 0, 1, 0, -1, 0, 0, 0, 0, 0, 0, 0 ], 
      [ 0, 0, 0, 0, 0, 0, 0, -1, 1, 0, 0, 1, -1, 0, 0, 0, -1, 1, 1, -1, 0 ], 
      [ 0, 0, 0, 0, 0, 0, 0, -1, 1, -1, 1, 1, -1, 1, -1, 0, 0, 0, 0, 0, 0 ], 
      [ 0, 0, 0, 0, 0, 0, 0, -1, 1, 0, 0, 1, -1, 0, 0, 0, 0, -1, 0, 1, 0 ], 
      [ 0, 0, 0, 0, 0, 0, 0, -1, 1, 0, -1, 1, -1, 0, 1, 0, 0, 0, 0, 0, 0 ], 
      [ 0, 0, 0, 0, 0, 0, 0, 1, -1, 0, 0, -1, 1, 0, 0, 0, 0, 0, 0, 0, 0 ], 
      [ 0, 0, 0, 0, 0, 0, 0, 0, 0, 0, 0, 0, 0, 0, 1, 0, 0, 0, 0, 0, 0 ], 
      [ 0, 0, 0, 0, 0, 0, 0, 0, 0, 0, 0, 0, 0, 1, -1, 0, 0, 0, 0, 0, 0 ], 
      [ 0, 0, 0, 0, 0, 0, 0, 0, 0, 0, 0, 1, -1, 0, 0, 0, 0, 0, 0, 0, 0 ], 
      [ 0, 0, 1, 0, 0, 0, 0, 0, 0, 0, 0, -1, 1, 0, 0, -1, 0, 0, 0, 0, 0 ], 
      [ 0, 0, 0, 0, 0, 0, 0, 0, 0, 0, 0, 0, -1, 1, 0, 1, -1, 0, 0, 0, 0 ], 
      [ 0, 0, 0, 0, 0, 0, 0, 0, 0, 0, 0, 0, 0, 0, 0, 0, 0, 0, 0, -1, 1 ], 
      [ 0, 0, 0, 0, 0, 1, 0, 0, 0, 0, 0, 0, 0, 0, 0, 0, 0, 0, 0, 0, -1 ] ],
  ListInformations := 
   [ [ [ 1, [ 74, 121 ] ], [ 1, [ 74, 121 ] ], [ 126, [ 6, 53 ] ], [ 126, [ 6, 53 ] ], [ 126, [ 6, 53 ] ], 
          [ 1, [ 74, 121 ] ] ], [ [ 2, [ 67, 124 ] ], [ 2, [ 67, 124 ] ], [ 125, [ 3, 60 ] ], [ 125, [ 3, 60 ] ],
          [ 125, [ 3, 60 ] ], [ 2, [ 67, 124 ] ] ], 
      [ [ 2, [ 69, 122 ] ], [ 2, [ 69, 122 ] ], [ 125, [ 5, 58 ] ], [ 125, [ 5, 58 ] ], [ 125, [ 5, 58 ] ], 
          [ 2, [ 69, 122 ] ] ], [ [ 2, [ 70, 121 ] ], [ 2, [ 70, 121 ] ], [ 125, [ 6, 57 ] ], [ 125, [ 6, 57 ] ],
          [ 125, [ 6, 57 ] ], [ 2, [ 70, 121 ] ] ], 
      [ [ 2, [ 78, 117 ] ], [ 2, [ 78, 117 ] ], [ 125, [ 10, 49 ] ], [ 125, [ 10, 49 ] ], [ 125, [ 10, 49 ] ], 
          [ 2, [ 78, 117 ] ] ], 
      [ [ 2, [ 94, 103 ] ], [ 2, [ 94, 103 ] ], [ 125, [ 24, 33 ] ], [ 125, [ 24, 33 ] ], [ 125, [ 24, 33 ] ], 
          [ 2, [ 94, 103 ] ] ], [ [ 120, [ 5, 67 ] ], [ 120, [ 5, 67 ] ], [ 7, [ 60, 122 ] ], [ 7, [ 60, 122 ] ],
          [ 7, [ 60, 122 ] ], [ 120, [ 5, 67 ] ] ], 
      [ [ 118, [ 6, 69 ] ], [ 118, [ 6, 69 ] ], [ 9, [ 58, 121 ] ], [ 9, [ 58, 121 ] ], [ 9, [ 58, 121 ] ], 
          [ 118, [ 6, 69 ] ] ], 
      [ [ 116, [ 6, 72 ] ], [ 116, [ 6, 72 ] ], [ 11, [ 55, 121 ] ], [ 11, [ 55, 121 ] ], [ 11, [ 55, 121 ] ], 
          [ 116, [ 6, 72 ] ] ], 
      [ [ 115, [ 6, 73 ] ], [ 115, [ 6, 73 ] ], [ 12, [ 54, 121 ] ], [ 12, [ 54, 121 ] ], [ 12, [ 54, 121 ] ], 
          [ 115, [ 6, 73 ] ] ], 
      [ [ 107, [ 6, 82 ] ], [ 107, [ 6, 82 ] ], [ 20, [ 45, 121 ] ], [ 20, [ 45, 121 ] ], [ 20, [ 45, 121 ] ], 
          [ 107, [ 6, 82 ] ] ], [ [ 91, [ 99, 6 ] ], [ 91, [ 99, 6 ] ], [ 36, [ 121, 28 ] ], [ 36, [ 121, 28 ] ],
          [ 36, [ 121, 28 ] ], [ 91, [ 99, 6 ] ] ], 
      [ [ 7, [ 64, 119 ] ], [ 7, [ 64, 119 ] ], [ 120, [ 8, 63 ] ], [ 120, [ 8, 63 ] ], [ 120, [ 8, 63 ] ], 
          [ 7, [ 64, 119 ] ] ], [ [ 118, [ 8, 65 ] ], [ 118, [ 8, 65 ] ], [ 9, [ 62, 119 ] ], [ 9, [ 62, 119 ] ],
          [ 9, [ 62, 119 ] ], [ 118, [ 8, 65 ] ] ], 
      [ [ 116, [ 10, 64 ] ], [ 116, [ 10, 64 ] ], [ 11, [ 63, 117 ] ], [ 11, [ 63, 117 ] ], [ 11, [ 63, 117 ] ], 
          [ 116, [ 10, 64 ] ] ], [ [ 115, [ 10, 65 ] ], [ 115, [ 10, 65 ] ], [ 12, [ 62, 117 ] ], 
          [ 12, [ 62, 117 ] ], [ 12, [ 62, 117 ] ], [ 115, [ 10, 65 ] ] ], 
      [ [ 16, [ 79, 96 ] ], [ 16, [ 79, 96 ] ], [ 111, [ 31, 48 ] ], [ 111, [ 31, 48 ] ], [ 111, [ 31, 48 ] ], 
          [ 16, [ 79, 96 ] ] ], [ [ 109, [ 17, 64 ] ], [ 109, [ 17, 64 ] ], [ 18, [ 63, 110 ] ], 
          [ 18, [ 63, 110 ] ], [ 18, [ 63, 110 ] ], [ 109, [ 17, 64 ] ] ], 
      [ [ 108, [ 17, 65 ] ], [ 108, [ 17, 65 ] ], [ 19, [ 62, 110 ] ], [ 19, [ 62, 110 ] ], [ 19, [ 62, 110 ] ], 
          [ 108, [ 17, 65 ] ] ], [ [ 20, [ 71, 100 ] ], [ 20, [ 71, 100 ] ], [ 107, [ 27, 56 ] ], 
          [ 107, [ 27, 56 ] ], [ 107, [ 27, 56 ] ], [ 20, [ 71, 100 ] ] ], 
      [ [ 20, [ 75, 96 ] ], [ 20, [ 75, 96 ] ], [ 107, [ 31, 52 ] ], [ 107, [ 31, 52 ] ], [ 107, [ 31, 52 ] ], 
          [ 20, [ 75, 96 ] ] ], 
      [ [ 22, [ 71, 98 ] ], [ 22, [ 71, 98 ] ], [ 105, [ 29, 56 ] ], [ 105, [ 29, 56 ] ], [ 105, [ 29, 56 ] ], 
          [ 22, [ 71, 98 ] ] ], 
      [ [ 22, [ 73, 96 ] ], [ 22, [ 73, 96 ] ], [ 105, [ 31, 54 ] ], [ 105, [ 31, 54 ] ], [ 105, [ 31, 54 ] ], 
          [ 22, [ 73, 96 ] ] ], 
      [ [ 23, [ 71, 97 ] ], [ 23, [ 71, 97 ] ], [ 104, [ 30, 56 ] ], [ 104, [ 30, 56 ] ], [ 104, [ 30, 56 ] ], 
          [ 23, [ 71, 97 ] ] ], 
      [ [ 23, [ 72, 96 ] ], [ 23, [ 72, 96 ] ], [ 104, [ 31, 55 ] ], [ 104, [ 31, 55 ] ], [ 104, [ 31, 55 ] ], 
          [ 23, [ 72, 96 ] ] ], [ [ 95, [ 31, 71 ] ], [ 95, [ 31, 71 ] ], [ 32, [ 56, 96 ] ], [ 32, [ 56, 96 ] ],
          [ 32, [ 56, 96 ] ], [ 95, [ 31, 71 ] ] ], 
      [ [ 93, [ 33, 64 ] ], [ 93, [ 33, 64 ] ], [ 34, [ 63, 94 ] ], [ 34, [ 63, 94 ] ], [ 34, [ 63, 94 ] ], 
          [ 93, [ 33, 64 ] ] ], [ [ 92, [ 33, 65 ] ], [ 92, [ 33, 65 ] ], [ 35, [ 62, 94 ] ], [ 35, [ 62, 94 ] ],
          [ 35, [ 62, 94 ] ], [ 92, [ 33, 65 ] ] ], 
      [ [ 86, [ 33, 71 ] ], [ 86, [ 33, 71 ] ], [ 41, [ 56, 94 ] ], [ 41, [ 56, 94 ] ], [ 41, [ 56, 94 ] ], 
          [ 86, [ 33, 71 ] ] ], [ [ 40, [ 71, 79 ] ], [ 40, [ 71, 79 ] ], [ 87, [ 48, 56 ] ], [ 87, [ 48, 56 ] ],
          [ 87, [ 48, 56 ] ], [ 40, [ 71, 79 ] ] ], 
      [ [ 44, [ 67, 79 ] ], [ 44, [ 67, 79 ] ], [ 83, [ 48, 60 ] ], [ 83, [ 48, 60 ] ], [ 83, [ 48, 60 ] ], 
          [ 44, [ 67, 79 ] ] ], [ [ 59, [ 64, 67 ] ], [ 59, [ 64, 67 ] ], [ 68, [ 60, 63 ] ], [ 68, [ 60, 63 ] ],
          [ 68, [ 60, 63 ] ], [ 59, [ 64, 67 ] ] ], 
      [ [ 61, [ 64, 65 ] ], [ 61, [ 64, 65 ] ], [ 66, [ 62, 63 ] ], [ 66, [ 62, 63 ] ], [ 66, [ 62, 63 ] ], 
          [ 61, [ 64, 65 ] ] ] ],
  Status := "NO",
  TheCtype := [ [ -1, 0, -1, 1, -1, 0 ], [ -1, 0, 0, -1, 0, 0 ], [ -1, 0, 0, 0, -1, 0 ], [ -1, 0, 0, 0, -1, 1 ], 
      [ -1, 0, 0, 0, 0, -1 ], [ -1, 0, 0, 0, 0, 0 ], [ -1, 0, 0, 1, -1, -1 ], [ -1, 0, 0, 1, -1, 0 ], 
      [ -1, 0, 0, 1, 0, -1 ], [ -1, 0, 1, -1, 0, 0 ], [ -1, 0, 1, -1, 0, 1 ], [ -1, 0, 1, -1, 1, -1 ], 
      [ -1, 0, 1, 0, -1, 0 ], [ -1, 0, 1, 0, -1, 1 ], [ -1, 0, 1, 0, 0, -1 ], [ -1, 0, 1, 0, 0, 0 ], 
      [ -1, 1, -1, 0, 0, 0 ], [ -1, 1, -1, 0, 0, 1 ], [ -1, 1, -1, 0, 1, -1 ], [ -1, 1, -1, 0, 1, 0 ], 
      [ -1, 1, -1, 1, -1, 0 ], [ -1, 1, -1, 1, -1, 1 ], [ -1, 1, -1, 1, 0, -1 ], [ -1, 1, 0, -1, 0, 0 ], 
      [ -1, 1, 0, -1, 0, 1 ], [ -1, 1, 0, -1, 1, -1 ], [ -1, 1, 0, -1, 1, 0 ], [ -1, 1, 0, 0, -1, 0 ], 
      [ -1, 1, 0, 0, -1, 1 ], [ -1, 1, 0, 0, 0, -1 ], [ -1, 1, 0, 0, 0, 0 ], [ -1, 1, 1, -1, 0, 0 ], 
      [ 0, -1, 0, 0, 0, 0 ], [ 0, -1, 0, 0, 0, 1 ], [ 0, -1, 0, 0, 1, -1 ], [ 0, -1, 0, 0, 1, 0 ], 
      [ 0, -1, 0, 1, -1, 0 ], [ 0, -1, 0, 1, -1, 1 ], [ 0, -1, 0, 1, 0, -1 ], [ 0, -1, 0, 1, 0, 0 ], 
      [ 0, -1, 1, -1, 0, 0 ], [ 0, -1, 1, -1, 0, 1 ], [ 0, -1, 1, -1, 1, -1 ], [ 0, -1, 1, -1, 1, 0 ], 
      [ 0, -1, 1, 0, -1, 0 ], [ 0, -1, 1, 0, -1, 1 ], [ 0, -1, 1, 0, 0, -1 ], [ 0, -1, 1, 0, 0, 0 ], 
      [ 0, 0, -1, 0, 0, 0 ], [ 0, 0, -1, 0, 0, 1 ], [ 0, 0, -1, 0, 1, -1 ], [ 0, 0, -1, 0, 1, 0 ], 
      [ 0, 0, -1, 1, -1, 0 ], [ 0, 0, -1, 1, -1, 1 ], [ 0, 0, -1, 1, 0, -1 ], [ 0, 0, -1, 1, 0, 0 ], 
      [ 0, 0, 0, -1, 0, 0 ], [ 0, 0, 0, -1, 0, 1 ], [ 0, 0, 0, -1, 1, -1 ], [ 0, 0, 0, -1, 1, 0 ], 
      [ 0, 0, 0, 0, -1, 0 ], [ 0, 0, 0, 0, -1, 1 ], [ 0, 0, 0, 0, 0, -1 ], [ 0, 0, 0, 0, 0, 1 ], 
      [ 0, 0, 0, 0, 1, -1 ], [ 0, 0, 0, 0, 1, 0 ], [ 0, 0, 0, 1, -1, 0 ], [ 0, 0, 0, 1, -1, 1 ], 
      [ 0, 0, 0, 1, 0, -1 ], [ 0, 0, 0, 1, 0, 0 ], [ 0, 0, 1, -1, 0, 0 ], [ 0, 0, 1, -1, 0, 1 ], 
      [ 0, 0, 1, -1, 1, -1 ], [ 0, 0, 1, -1, 1, 0 ], [ 0, 0, 1, 0, -1, 0 ], [ 0, 0, 1, 0, -1, 1 ], 
      [ 0, 0, 1, 0, 0, -1 ], [ 0, 0, 1, 0, 0, 0 ], [ 0, 1, -1, 0, 0, 0 ], [ 0, 1, -1, 0, 0, 1 ], 
      [ 0, 1, -1, 0, 1, -1 ], [ 0, 1, -1, 0, 1, 0 ], [ 0, 1, -1, 1, -1, 0 ], [ 0, 1, -1, 1, -1, 1 ], 
      [ 0, 1, -1, 1, 0, -1 ], [ 0, 1, -1, 1, 0, 0 ], [ 0, 1, 0, -1, 0, 0 ], [ 0, 1, 0, -1, 0, 1 ], 
      [ 0, 1, 0, -1, 1, -1 ], [ 0, 1, 0, -1, 1, 0 ], [ 0, 1, 0, 0, -1, 0 ], [ 0, 1, 0, 0, -1, 1 ], 
      [ 0, 1, 0, 0, 0, -1 ], [ 0, 1, 0, 0, 0, 0 ], [ 1, -1, -1, 1, 0, 0 ], [ 1, -1, 0, 0, 0, 0 ], 
      [ 1, -1, 0, 0, 0, 1 ], [ 1, -1, 0, 0, 1, -1 ], [ 1, -1, 0, 0, 1, 0 ], [ 1, -1, 0, 1, -1, 0 ], 
      [ 1, -1, 0, 1, -1, 1 ], [ 1, -1, 0, 1, 0, -1 ], [ 1, -1, 0, 1, 0, 0 ], [ 1, -1, 1, -1, 0, 1 ], 
      [ 1, -1, 1, -1, 1, -1 ], [ 1, -1, 1, -1, 1, 0 ], [ 1, -1, 1, 0, -1, 0 ], [ 1, -1, 1, 0, -1, 1 ], 
      [ 1, -1, 1, 0, 0, -1 ], [ 1, -1, 1, 0, 0, 0 ], [ 1, 0, -1, 0, 0, 0 ], [ 1, 0, -1, 0, 0, 1 ], 
      [ 1, 0, -1, 0, 1, -1 ], [ 1, 0, -1, 0, 1, 0 ], [ 1, 0, -1, 1, -1, 1 ], [ 1, 0, -1, 1, 0, -1 ], 
      [ 1, 0, -1, 1, 0, 0 ], [ 1, 0, 0, -1, 0, 1 ], [ 1, 0, 0, -1, 1, 0 ], [ 1, 0, 0, -1, 1, 1 ], 
      [ 1, 0, 0, 0, 0, 0 ], [ 1, 0, 0, 0, 0, 1 ], [ 1, 0, 0, 0, 1, -1 ], [ 1, 0, 0, 0, 1, 0 ], 
      [ 1, 0, 0, 1, 0, 0 ], [ 1, 0, 1, -1, 1, 0 ] ],
  eInvariant := rec(
      nbFac := 33,
      nbIneq := 921 ) );
