return rec(
  CharMat := [ [ 11, 7, 3, 0, -2, -1 ], [ 7, 17, 16, 10, 4, 2 ], [ 3, 16, 26, 18, 8, 4 ], 
      [ 0, 10, 18, 23, 12, 6 ], [ -2, 4, 8, 12, 16, 8 ], [ -1, 2, 4, 6, 8, 9 ] ],
  ListInequalities := [ [ 0, 0, 0, 0, 0, 0, 0, 0, 0, -1, 1, 0, 0, 0, 0, 0, 0, 0, 0, 0, 0 ], 
      [ 0, 0, 0, 0, 0, 0, 0, 0, 1, -1, 1, 0, 0, 0, 0, 0, 0, 0, 0, 0, 0 ], 
      [ 0, 0, 0, 0, 0, 0, 0, 1, -1, 1, 0, 0, 0, 0, 0, 0, 0, 0, 0, 0, 0 ], 
      [ 0, 0, 0, 0, 0, 0, 1, -1, 0, 1, 0, 0, 0, 0, 0, 0, 0, 0, 0, 0, 0 ], 
      [ 1, 0, 0, 0, 0, 0, -1, 0, 0, 1, 0, 0, 0, 0, 0, 0, 0, 0, 0, 0, 0 ], 
      [ 0, 0, 0, 0, 0, 0, 0, 0, 0, 0, 1, 0, 0, 0, 0, 0, 0, 0, 0, -1, 1 ], 
      [ 0, 1, 1, 0, 0, 0, -1, 1, 0, 0, 0, -2, 1, -1, 1, -1, 1, -1, 0, 0, 0 ], 
      [ 0, 0, 0, 0, 0, 0, 0, 0, 0, 0, 1, 0, 0, 0, 0, 0, 0, -1, 0, 1, 0 ], 
      [ 0, 1, 0, 0, 0, 0, -1, 1, 0, 0, 0, -1, -1, 1, 0, 1, -1, 0, 0, 0, 0 ], 
      [ 0, 1, 0, 0, 0, 0, -1, 1, -1, 1, 0, -1, 1, -1, 0, 0, 0, 0, 0, 0, 0 ], 
      [ 0, 1, 0, 0, 0, 0, -1, 1, 0, 0, 0, -1, 0, -1, 0, 0, 1, 0, 0, 0, 0 ], 
      [ 0, 0, 0, 0, 0, 0, 0, 0, 0, 0, 1, 0, 0, 0, -1, 0, 0, 1, 0, 0, 0 ], 
      [ 1, 1, 0, 0, 0, 0, -2, 1, 0, 0, 0, -1, 0, 0, 0, 0, 0, 0, 0, 0, 0 ], 
      [ 0, -1, -1, 0, 0, 0, 1, -1, 1, 0, 0, 2, -1, 0, 0, 1, 0, 0, 0, 0, 0 ], 
      [ 0, -1, -1, 0, 0, 0, 1, -1, 0, 0, 0, 2, -1, 0, 0, 1, 0, 0, 0, 0, 0 ], 
      [ 0, -1, 0, 0, 0, 0, 1, -1, 0, 0, 0, 1, 0, 1, -1, 0, -1, 1, 0, 0, 0 ], 
      [ 0, 0, -1, 0, 0, 0, 0, -1, 1, 0, 0, 2, -2, 0, 0, 1, 0, 0, 0, 0, 0 ], 
      [ 0, 0, 0, 0, 0, 0, 0, 0, 0, -1, 1, 0, 0, 2, -2, 0, -1, 1, 0, 0, 0 ], 
      [ 0, 1, 0, 0, 0, 0, 0, 0, 0, 0, 0, -1, 0, 0, 0, 0, 0, 0, 0, 0, 0 ], 
      [ 0, 0, 0, 1, 0, 0, 0, 0, 0, 0, 0, 0, 0, 0, 0, -1, 1, 0, -1, 0, 0 ], 
      [ 0, 0, 0, 0, 0, 1, 0, 0, 0, 0, 0, 0, 0, 0, 0, 0, 0, 0, 0, 0, -1 ] ],
  ListInformations := 
   [ [ [ 2, [ 65, 123 ] ], [ 2, [ 65, 123 ] ], [ 125, [ 4, 62 ] ], [ 125, [ 4, 62 ] ], [ 125, [ 4, 62 ] ], 
          [ 2, [ 65, 123 ] ] ], 
      [ [ 121, [ 4, 68 ] ], [ 121, [ 4, 68 ] ], [ 6, [ 59, 123 ] ], [ 6, [ 59, 123 ] ], [ 6, [ 59, 123 ] ], 
          [ 121, [ 4, 68 ] ] ], 
      [ [ 116, [ 4, 74 ] ], [ 116, [ 4, 74 ] ], [ 11, [ 53, 123 ] ], [ 11, [ 53, 123 ] ], [ 11, [ 53, 123 ] ], 
          [ 116, [ 4, 74 ] ] ], 
      [ [ 111, [ 4, 82 ] ], [ 111, [ 4, 82 ] ], [ 16, [ 45, 123 ] ], [ 16, [ 45, 123 ] ], [ 16, [ 45, 123 ] ], 
          [ 111, [ 4, 82 ] ] ], 
      [ [ 91, [ 102, 4 ] ], [ 91, [ 102, 4 ] ], [ 36, [ 123, 25 ] ], [ 36, [ 123, 25 ] ], [ 36, [ 123, 25 ] ], 
          [ 91, [ 102, 4 ] ] ], 
      [ [ 121, [ 5, 64 ] ], [ 121, [ 5, 64 ] ], [ 6, [ 63, 122 ] ], [ 6, [ 63, 122 ] ], [ 6, [ 63, 122 ] ], 
          [ 121, [ 5, 64 ] ] ], 
      [ [ 6, [ 79, 109 ] ], [ 6, [ 79, 109 ] ], [ 121, [ 18, 48 ] ], [ 121, [ 18, 48 ] ], [ 121, [ 18, 48 ] ], 
          [ 6, [ 79, 109 ] ] ], 
      [ [ 118, [ 8, 64 ] ], [ 118, [ 8, 64 ] ], [ 9, [ 63, 119 ] ], [ 9, [ 63, 119 ] ], [ 9, [ 63, 119 ] ], 
          [ 118, [ 8, 64 ] ] ], [ [ 11, [ 79, 103 ] ], [ 11, [ 79, 103 ] ], [ 116, [ 24, 48 ] ], 
          [ 116, [ 24, 48 ] ], [ 116, [ 24, 48 ] ], [ 11, [ 79, 103 ] ] ], 
      [ [ 11, [ 83, 99 ] ], [ 11, [ 83, 99 ] ], [ 116, [ 28, 44 ] ], [ 116, [ 28, 44 ] ], [ 116, [ 28, 44 ] ], 
          [ 11, [ 83, 99 ] ] ], [ [ 12, [ 79, 102 ] ], [ 12, [ 79, 102 ] ], [ 115, [ 25, 48 ] ], 
          [ 115, [ 25, 48 ] ], [ 115, [ 25, 48 ] ], [ 12, [ 79, 102 ] ] ], 
      [ [ 113, [ 13, 64 ] ], [ 113, [ 13, 64 ] ], [ 14, [ 63, 114 ] ], [ 14, [ 63, 114 ] ], [ 14, [ 63, 114 ] ],
          [ 113, [ 13, 64 ] ] ], 
      [ [ 78, [ 99, 13 ] ], [ 78, [ 99, 13 ] ], [ 49, [ 114, 28 ] ], [ 49, [ 114, 28 ] ], [ 49, [ 114, 28 ] ], 
          [ 78, [ 99, 13 ] ] ], 
      [ [ 98, [ 13, 86 ] ], [ 98, [ 13, 86 ] ], [ 29, [ 41, 114 ] ], [ 29, [ 41, 114 ] ], [ 29, [ 41, 114 ] ], 
          [ 98, [ 13, 86 ] ] ], 
      [ [ 98, [ 20, 79 ] ], [ 98, [ 20, 79 ] ], [ 29, [ 48, 107 ] ], [ 29, [ 48, 107 ] ], [ 29, [ 48, 107 ] ], 
          [ 98, [ 20, 79 ] ] ], 
      [ [ 97, [ 26, 79 ] ], [ 97, [ 26, 79 ] ], [ 30, [ 48, 101 ] ], [ 30, [ 48, 101 ] ], [ 30, [ 48, 101 ] ], 
          [ 97, [ 26, 79 ] ] ], 
      [ [ 29, [ 71, 95 ] ], [ 29, [ 71, 95 ] ], [ 98, [ 32, 56 ] ], [ 98, [ 32, 56 ] ], [ 98, [ 32, 56 ] ], 
          [ 29, [ 71, 95 ] ] ], 
      [ [ 30, [ 65, 95 ] ], [ 30, [ 65, 95 ] ], [ 97, [ 32, 62 ] ], [ 97, [ 32, 62 ] ], [ 97, [ 32, 62 ] ], 
          [ 30, [ 65, 95 ] ] ], 
      [ [ 78, [ 79, 33 ] ], [ 78, [ 79, 33 ] ], [ 49, [ 94, 48 ] ], [ 49, [ 94, 48 ] ], [ 49, [ 94, 48 ] ], 
          [ 78, [ 79, 33 ] ] ], 
      [ [ 52, [ 67, 71 ] ], [ 52, [ 67, 71 ] ], [ 75, [ 56, 60 ] ], [ 75, [ 56, 60 ] ], [ 75, [ 56, 60 ] ], 
          [ 52, [ 67, 71 ] ] ], 
      [ [ 61, [ 64, 65 ] ], [ 61, [ 64, 65 ] ], [ 66, [ 62, 63 ] ], [ 66, [ 62, 63 ] ], [ 66, [ 62, 63 ] ], 
          [ 61, [ 64, 65 ] ] ] ],
  Status := "NO",
  TheCtype := [ [ -1, 0, 0, 0, -1, 0 ], [ -1, 0, 0, 0, -1, 1 ], [ -1, 0, 0, 0, 0, -1 ], [ -1, 0, 0, 0, 0, 0 ], 
      [ -1, 0, 0, 1, -1, 0 ], [ -1, 0, 0, 1, -1, 1 ], [ -1, 0, 0, 1, 0, -1 ], [ -1, 0, 1, -1, 0, 0 ], 
      [ -1, 0, 1, -1, 0, 1 ], [ -1, 0, 1, -1, 1, -1 ], [ -1, 0, 1, -1, 1, 0 ], [ -1, 0, 1, 0, -1, 0 ], 
      [ -1, 1, -1, 0, 0, 0 ], [ -1, 1, -1, 0, 0, 1 ], [ -1, 1, -1, 0, 1, -1 ], [ -1, 1, -1, 0, 1, 0 ], 
      [ -1, 1, -1, 1, -1, 0 ], [ -1, 1, -1, 1, -1, 1 ], [ -1, 1, -1, 1, 0, -1 ], [ -1, 1, -1, 1, 0, 0 ], 
      [ -1, 1, 0, -1, 0, 0 ], [ -1, 1, 0, -1, 0, 1 ], [ -1, 1, 0, -1, 1, -1 ], [ -1, 1, 0, -1, 1, 0 ], 
      [ -1, 1, 0, 0, -1, 0 ], [ -1, 1, 0, 0, -1, 1 ], [ -1, 1, 0, 0, 0, -1 ], [ -1, 1, 0, 0, 0, 0 ], 
      [ -1, 2, -2, 1, 0, 0 ], [ -1, 2, -1, 0, -1, 1 ], [ -1, 2, -1, 0, 0, -1 ], [ -1, 2, -1, 0, 0, 0 ], 
      [ 0, -1, 0, 0, 0, 0 ], [ 0, -1, 0, 0, 0, 1 ], [ 0, -1, 0, 0, 1, -1 ], [ 0, -1, 0, 0, 1, 0 ], 
      [ 0, -1, 0, 1, -1, 0 ], [ 0, -1, 0, 1, -1, 1 ], [ 0, -1, 0, 1, 0, -1 ], [ 0, -1, 0, 1, 0, 0 ], 
      [ 0, -1, 1, -1, 0, 0 ], [ 0, -1, 1, -1, 0, 1 ], [ 0, -1, 1, -1, 1, -1 ], [ 0, -1, 1, -1, 1, 0 ], 
      [ 0, -1, 1, 0, -1, 0 ], [ 0, -1, 1, 0, -1, 1 ], [ 0, -1, 1, 0, 0, -1 ], [ 0, -1, 1, 0, 0, 0 ], 
      [ 0, 0, -1, 0, 0, 0 ], [ 0, 0, -1, 0, 0, 1 ], [ 0, 0, -1, 0, 1, -1 ], [ 0, 0, -1, 0, 1, 0 ], 
      [ 0, 0, -1, 1, -1, 0 ], [ 0, 0, -1, 1, -1, 1 ], [ 0, 0, -1, 1, 0, -1 ], [ 0, 0, -1, 1, 0, 0 ], 
      [ 0, 0, 0, -1, 0, 0 ], [ 0, 0, 0, -1, 0, 1 ], [ 0, 0, 0, -1, 1, -1 ], [ 0, 0, 0, -1, 1, 0 ], 
      [ 0, 0, 0, 0, -1, 0 ], [ 0, 0, 0, 0, -1, 1 ], [ 0, 0, 0, 0, 0, -1 ], [ 0, 0, 0, 0, 0, 1 ], 
      [ 0, 0, 0, 0, 1, -1 ], [ 0, 0, 0, 0, 1, 0 ], [ 0, 0, 0, 1, -1, 0 ], [ 0, 0, 0, 1, -1, 1 ], 
      [ 0, 0, 0, 1, 0, -1 ], [ 0, 0, 0, 1, 0, 0 ], [ 0, 0, 1, -1, 0, 0 ], [ 0, 0, 1, -1, 0, 1 ], 
      [ 0, 0, 1, -1, 1, -1 ], [ 0, 0, 1, -1, 1, 0 ], [ 0, 0, 1, 0, -1, 0 ], [ 0, 0, 1, 0, -1, 1 ], 
      [ 0, 0, 1, 0, 0, -1 ], [ 0, 0, 1, 0, 0, 0 ], [ 0, 1, -1, 0, 0, 0 ], [ 0, 1, -1, 0, 0, 1 ], 
      [ 0, 1, -1, 0, 1, -1 ], [ 0, 1, -1, 0, 1, 0 ], [ 0, 1, -1, 1, -1, 0 ], [ 0, 1, -1, 1, -1, 1 ], 
      [ 0, 1, -1, 1, 0, -1 ], [ 0, 1, -1, 1, 0, 0 ], [ 0, 1, 0, -1, 0, 0 ], [ 0, 1, 0, -1, 0, 1 ], 
      [ 0, 1, 0, -1, 1, -1 ], [ 0, 1, 0, -1, 1, 0 ], [ 0, 1, 0, 0, -1, 0 ], [ 0, 1, 0, 0, -1, 1 ], 
      [ 0, 1, 0, 0, 0, -1 ], [ 0, 1, 0, 0, 0, 0 ], [ 1, -2, 1, 0, 0, 0 ], [ 1, -2, 1, 0, 0, 1 ], 
      [ 1, -2, 1, 0, 1, -1 ], [ 1, -2, 2, -1, 0, 0 ], [ 1, -1, 0, 0, 0, 0 ], [ 1, -1, 0, 0, 0, 1 ], 
      [ 1, -1, 0, 0, 1, -1 ], [ 1, -1, 0, 0, 1, 0 ], [ 1, -1, 0, 1, -1, 0 ], [ 1, -1, 0, 1, -1, 1 ], 
      [ 1, -1, 0, 1, 0, -1 ], [ 1, -1, 0, 1, 0, 0 ], [ 1, -1, 1, -1, 0, 0 ], [ 1, -1, 1, -1, 0, 1 ], 
      [ 1, -1, 1, -1, 1, -1 ], [ 1, -1, 1, -1, 1, 0 ], [ 1, -1, 1, 0, -1, 0 ], [ 1, -1, 1, 0, -1, 1 ], 
      [ 1, -1, 1, 0, 0, -1 ], [ 1, -1, 1, 0, 0, 0 ], [ 1, 0, -1, 0, 1, 0 ], [ 1, 0, -1, 1, -1, 0 ], 
      [ 1, 0, -1, 1, -1, 1 ], [ 1, 0, -1, 1, 0, -1 ], [ 1, 0, -1, 1, 0, 0 ], [ 1, 0, 0, -1, 0, 1 ], 
      [ 1, 0, 0, -1, 1, -1 ], [ 1, 0, 0, -1, 1, 0 ], [ 1, 0, 0, 0, 0, 0 ], [ 1, 0, 0, 0, 0, 1 ], 
      [ 1, 0, 0, 0, 1, -1 ], [ 1, 0, 0, 0, 1, 0 ] ],
  eInvariant := rec(
      nbFac := 29,
      nbIneq := 921 ) );
