return rec(
  CharMat := [ [ 11, 6, 1, -2, -4, -3 ], [ 6, 15, 9, 5, 2, 1 ], [ 1, 9, 17, 12, 8, 5 ], [ -2, 5, 12, 17, 12, 7 ],
      [ -4, 2, 8, 12, 17, 10 ], [ -3, 1, 5, 7, 10, 11 ] ],
  ListInequalities := [ [ 0, 0, 0, 0, 0, 0, 0, -1, 1, 0, 0, 0, 0, 0, 0, 0, -1, 0, 1, 0, 0 ], 
      [ 0, 0, 0, 0, 0, 1, 0, -1, 1, -1, 1, 0, 0, 0, 0, 0, 0, -1, 0, 1, -1 ], 
      [ 0, 0, 0, 0, 0, 0, 0, -1, 1, -1, 0, 0, 0, 0, 0, 0, 0, 0, 0, 0, 0 ], 
      [ 0, 0, 0, 0, 0, 0, 0, 0, -1, 1, 0, 0, 0, 0, 0, 0, 0, 0, 0, -1, 1 ], 
      [ 0, 0, 0, 0, 0, 0, 0, 0, -1, 1, -1, 0, 0, 0, 0, 0, 0, 0, 0, 0, 0 ], 
      [ 0, 0, 0, 0, 0, 0, 0, 0, 0, -1, 1, 0, 0, 0, 0, 0, 0, 0, 0, 0, 0 ], 
      [ 0, 0, 0, 0, 0, 0, 0, 1, -1, 0, 0, 0, 0, 0, 0, 0, 0, 1, 0, -1, 0 ], 
      [ 0, 0, 0, 0, 0, 0, 0, 0, 1, 0, -1, 0, 0, 0, 0, 0, 0, 0, 0, 0, 0 ], 
      [ 0, 0, 0, 0, 0, 0, 0, 1, 0, 0, 0, 0, 0, 0, 0, 0, 0, 0, 0, 0, 0 ], 
      [ 0, 0, 0, 0, 0, 0, 1, -1, 0, 1, 0, 0, 0, 0, 0, 0, 0, 0, 0, 0, 0 ], 
      [ 0, 0, 0, 0, 1, 0, 0, 0, 0, 1, -1, 0, 0, 0, 0, 0, 0, 0, -1, 1, -1 ], 
      [ 0, 0, 0, 0, 0, 0, 0, 0, 0, 0, -1, 0, 0, 0, 0, 0, 0, 1, 0, -1, 0 ], 
      [ 0, 0, 0, 0, 0, 0, 0, 0, 0, 1, -1, 0, 0, 0, 0, 0, -1, 1, 1, -1, 0 ], 
      [ 0, 0, 0, 1, 0, 0, 0, 0, 1, -1, 1, 0, 0, 0, 0, -1, 1, -1, -1, 1, 0 ], 
      [ 0, 0, 0, 0, 0, 0, 0, 0, 0, 0, 1, 0, 0, 0, 0, 0, 0, -1, 0, 0, 1 ], 
      [ 0, 1, 0, 0, 0, 0, -1, 1, 0, 0, 0, -1, 0, 0, 0, 0, 0, 0, 0, 0, 0 ], 
      [ 0, 0, 0, 0, 0, 0, 0, 0, 0, 0, 1, 0, 0, 0, -1, 0, 0, 1, 0, 0, 0 ], 
      [ 0, 0, 0, 0, 0, 0, 0, 0, 0, 1, -1, 0, 0, -1, 1, 0, 1, -1, 0, 0, 0 ], 
      [ 0, 0, 0, 0, 0, 0, 0, -1, 1, 0, 0, 1, -1, 0, 0, 0, 0, 0, 0, 0, 0 ], 
      [ 0, 0, 0, 0, 0, 0, 0, 0, -1, 1, 0, 0, 1, -1, 0, 0, 0, 0, 0, 0, 0 ], 
      [ 0, 0, 0, 1, 0, 0, 0, 0, 0, 0, 0, 0, 0, 0, 0, -1, 1, 0, -1, 0, 0 ], 
      [ 0, 0, 0, 0, 0, 0, 0, 0, 0, 0, 0, 0, 0, 0, 0, 0, 0, -1, 0, 1, 0 ], 
      [ 0, 0, 0, 0, 0, 1, 0, 0, 0, 0, 0, 0, 0, 0, 0, 0, 0, 0, 0, 0, -1 ] ],
  ListInformations := 
   [ [ [ 1, [ 71, 123 ] ], [ 1, [ 71, 123 ] ], [ 126, [ 4, 56 ] ], [ 126, [ 4, 56 ] ], [ 126, [ 4, 56 ] ], 
          [ 1, [ 71, 123 ] ] ], [ [ 1, [ 73, 121 ] ], [ 1, [ 73, 121 ] ], [ 126, [ 6, 54 ] ], [ 126, [ 6, 54 ] ],
          [ 126, [ 6, 54 ] ], [ 1, [ 73, 121 ] ] ], 
      [ [ 1, [ 74, 120 ] ], [ 1, [ 74, 120 ] ], [ 126, [ 7, 53 ] ], [ 126, [ 7, 53 ] ], [ 126, [ 7, 53 ] ], 
          [ 1, [ 74, 120 ] ] ], [ [ 3, [ 67, 121 ] ], [ 3, [ 67, 121 ] ], [ 124, [ 6, 60 ] ], [ 124, [ 6, 60 ] ],
          [ 124, [ 6, 60 ] ], [ 3, [ 67, 121 ] ] ], 
      [ [ 3, [ 68, 120 ] ], [ 3, [ 68, 120 ] ], [ 124, [ 7, 59 ] ], [ 124, [ 7, 59 ] ], [ 124, [ 7, 59 ] ], 
          [ 3, [ 68, 120 ] ] ], [ [ 5, [ 65, 120 ] ], [ 5, [ 65, 120 ] ], [ 122, [ 7, 62 ] ], [ 122, [ 7, 62 ] ],
          [ 122, [ 7, 62 ] ], [ 5, [ 65, 120 ] ] ], 
      [ [ 117, [ 6, 71 ] ], [ 117, [ 6, 71 ] ], [ 10, [ 56, 121 ] ], [ 10, [ 56, 121 ] ], [ 10, [ 56, 121 ] ], 
          [ 117, [ 6, 71 ] ] ], [ [ 118, [ 7, 69 ] ], [ 118, [ 7, 69 ] ], [ 9, [ 58, 120 ] ], [ 9, [ 58, 120 ] ],
          [ 9, [ 58, 120 ] ], [ 118, [ 7, 69 ] ] ], 
      [ [ 111, [ 7, 78 ] ], [ 111, [ 7, 78 ] ], [ 16, [ 49, 120 ] ], [ 16, [ 49, 120 ] ], [ 16, [ 49, 120 ] ], 
          [ 111, [ 7, 78 ] ] ], 
      [ [ 107, [ 7, 82 ] ], [ 107, [ 7, 82 ] ], [ 20, [ 45, 120 ] ], [ 20, [ 45, 120 ] ], [ 20, [ 45, 120 ] ], 
          [ 107, [ 7, 82 ] ] ], [ [ 118, [ 8, 65 ] ], [ 118, [ 8, 65 ] ], [ 9, [ 62, 119 ] ], [ 9, [ 62, 119 ] ],
          [ 9, [ 62, 119 ] ], [ 118, [ 8, 65 ] ] ], 
      [ [ 10, [ 64, 116 ] ], [ 10, [ 64, 116 ] ], [ 117, [ 11, 63 ] ], [ 117, [ 11, 63 ] ], [ 117, [ 11, 63 ] ], 
          [ 10, [ 64, 116 ] ] ], [ [ 115, [ 11, 65 ] ], [ 115, [ 11, 65 ] ], [ 12, [ 62, 116 ] ], 
          [ 12, [ 62, 116 ] ], [ 12, [ 62, 116 ] ], [ 115, [ 11, 65 ] ] ], 
      [ [ 113, [ 11, 68 ] ], [ 113, [ 11, 68 ] ], [ 14, [ 59, 116 ] ], [ 14, [ 59, 116 ] ], [ 14, [ 59, 116 ] ], 
          [ 113, [ 11, 68 ] ] ], [ [ 113, [ 13, 64 ] ], [ 113, [ 13, 64 ] ], [ 14, [ 63, 114 ] ], 
          [ 14, [ 63, 114 ] ], [ 14, [ 63, 114 ] ], [ 113, [ 13, 64 ] ] ], 
      [ [ 16, [ 79, 95 ] ], [ 16, [ 79, 95 ] ], [ 111, [ 32, 48 ] ], [ 111, [ 32, 48 ] ], [ 111, [ 32, 48 ] ], 
          [ 16, [ 79, 95 ] ] ], [ [ 109, [ 17, 64 ] ], [ 109, [ 17, 64 ] ], [ 18, [ 63, 110 ] ], 
          [ 18, [ 63, 110 ] ], [ 18, [ 63, 110 ] ], [ 109, [ 17, 64 ] ] ], 
      [ [ 108, [ 17, 65 ] ], [ 108, [ 17, 65 ] ], [ 19, [ 62, 110 ] ], [ 19, [ 62, 110 ] ], [ 19, [ 62, 110 ] ], 
          [ 108, [ 17, 65 ] ] ], 
      [ [ 24, [ 71, 95 ] ], [ 24, [ 71, 95 ] ], [ 103, [ 32, 56 ] ], [ 103, [ 32, 56 ] ], [ 103, [ 32, 56 ] ], 
          [ 24, [ 71, 95 ] ] ], [ [ 28, [ 67, 95 ] ], [ 28, [ 67, 95 ] ], [ 99, [ 32, 60 ] ], [ 99, [ 32, 60 ] ],
          [ 99, [ 32, 60 ] ], [ 28, [ 67, 95 ] ] ], 
      [ [ 52, [ 67, 71 ] ], [ 52, [ 67, 71 ] ], [ 75, [ 56, 60 ] ], [ 75, [ 56, 60 ] ], [ 75, [ 56, 60 ] ], 
          [ 52, [ 67, 71 ] ] ], [ [ 55, [ 64, 71 ] ], [ 55, [ 64, 71 ] ], [ 72, [ 56, 63 ] ], [ 72, [ 56, 63 ] ],
          [ 72, [ 56, 63 ] ], [ 55, [ 64, 71 ] ] ], 
      [ [ 61, [ 64, 65 ] ], [ 61, [ 64, 65 ] ], [ 66, [ 62, 63 ] ], [ 66, [ 62, 63 ] ], [ 66, [ 62, 63 ] ], 
          [ 61, [ 64, 65 ] ] ] ],
  Status := "NO",
  TheCtype := [ [ -1, 0, -1, 1, -1, 0 ], [ -1, 0, 0, -1, 0, 0 ], [ -1, 0, 0, -1, 1, -1 ], [ -1, 0, 0, 0, -1, 0 ],
      [ -1, 0, 0, 0, -1, 1 ], [ -1, 0, 0, 0, 0, -1 ], [ -1, 0, 0, 0, 0, 0 ], [ -1, 0, 0, 1, -1, 0 ], 
      [ -1, 0, 0, 1, 0, -1 ], [ -1, 0, 1, -1, 0, -1 ], [ -1, 0, 1, -1, 0, 0 ], [ -1, 0, 1, -1, 1, -1 ], 
      [ -1, 0, 1, 0, -1, 0 ], [ -1, 0, 1, 0, -1, 1 ], [ -1, 0, 1, 0, 0, -1 ], [ -1, 0, 1, 0, 0, 0 ], 
      [ -1, 1, -1, 0, 0, 0 ], [ -1, 1, -1, 0, 0, 1 ], [ -1, 1, -1, 0, 1, -1 ], [ -1, 1, -1, 0, 1, 0 ], 
      [ -1, 1, -1, 1, -1, 0 ], [ -1, 1, -1, 1, -1, 1 ], [ -1, 1, -1, 1, 0, -1 ], [ -1, 1, -1, 1, 0, 0 ], 
      [ -1, 1, 0, -1, 0, 0 ], [ -1, 1, 0, -1, 0, 1 ], [ -1, 1, 0, -1, 1, -1 ], [ -1, 1, 0, -1, 1, 0 ], 
      [ -1, 1, 0, 0, -1, 0 ], [ -1, 1, 0, 0, -1, 1 ], [ -1, 1, 0, 0, 0, -1 ], [ -1, 1, 0, 0, 0, 0 ], 
      [ 0, -1, 0, 0, 0, 0 ], [ 0, -1, 0, 0, 0, 1 ], [ 0, -1, 0, 0, 1, -1 ], [ 0, -1, 0, 0, 1, 0 ], 
      [ 0, -1, 0, 1, -1, 0 ], [ 0, -1, 0, 1, -1, 1 ], [ 0, -1, 0, 1, 0, -1 ], [ 0, -1, 0, 1, 0, 0 ], 
      [ 0, -1, 1, -1, 0, 0 ], [ 0, -1, 1, -1, 0, 1 ], [ 0, -1, 1, -1, 1, -1 ], [ 0, -1, 1, -1, 1, 0 ], 
      [ 0, -1, 1, 0, -1, 0 ], [ 0, -1, 1, 0, -1, 1 ], [ 0, -1, 1, 0, 0, -1 ], [ 0, -1, 1, 0, 0, 0 ], 
      [ 0, 0, -1, 0, 0, 0 ], [ 0, 0, -1, 0, 0, 1 ], [ 0, 0, -1, 0, 1, -1 ], [ 0, 0, -1, 0, 1, 0 ], 
      [ 0, 0, -1, 1, -1, 0 ], [ 0, 0, -1, 1, -1, 1 ], [ 0, 0, -1, 1, 0, -1 ], [ 0, 0, -1, 1, 0, 0 ], 
      [ 0, 0, 0, -1, 0, 0 ], [ 0, 0, 0, -1, 0, 1 ], [ 0, 0, 0, -1, 1, -1 ], [ 0, 0, 0, -1, 1, 0 ], 
      [ 0, 0, 0, 0, -1, 0 ], [ 0, 0, 0, 0, -1, 1 ], [ 0, 0, 0, 0, 0, -1 ], [ 0, 0, 0, 0, 0, 1 ], 
      [ 0, 0, 0, 0, 1, -1 ], [ 0, 0, 0, 0, 1, 0 ], [ 0, 0, 0, 1, -1, 0 ], [ 0, 0, 0, 1, -1, 1 ], 
      [ 0, 0, 0, 1, 0, -1 ], [ 0, 0, 0, 1, 0, 0 ], [ 0, 0, 1, -1, 0, 0 ], [ 0, 0, 1, -1, 0, 1 ], 
      [ 0, 0, 1, -1, 1, -1 ], [ 0, 0, 1, -1, 1, 0 ], [ 0, 0, 1, 0, -1, 0 ], [ 0, 0, 1, 0, -1, 1 ], 
      [ 0, 0, 1, 0, 0, -1 ], [ 0, 0, 1, 0, 0, 0 ], [ 0, 1, -1, 0, 0, 0 ], [ 0, 1, -1, 0, 0, 1 ], 
      [ 0, 1, -1, 0, 1, -1 ], [ 0, 1, -1, 0, 1, 0 ], [ 0, 1, -1, 1, -1, 0 ], [ 0, 1, -1, 1, -1, 1 ], 
      [ 0, 1, -1, 1, 0, -1 ], [ 0, 1, -1, 1, 0, 0 ], [ 0, 1, 0, -1, 0, 0 ], [ 0, 1, 0, -1, 0, 1 ], 
      [ 0, 1, 0, -1, 1, -1 ], [ 0, 1, 0, -1, 1, 0 ], [ 0, 1, 0, 0, -1, 0 ], [ 0, 1, 0, 0, -1, 1 ], 
      [ 0, 1, 0, 0, 0, -1 ], [ 0, 1, 0, 0, 0, 0 ], [ 1, -1, 0, 0, 0, 0 ], [ 1, -1, 0, 0, 0, 1 ], 
      [ 1, -1, 0, 0, 1, -1 ], [ 1, -1, 0, 0, 1, 0 ], [ 1, -1, 0, 1, -1, 0 ], [ 1, -1, 0, 1, -1, 1 ], 
      [ 1, -1, 0, 1, 0, -1 ], [ 1, -1, 0, 1, 0, 0 ], [ 1, -1, 1, -1, 0, 0 ], [ 1, -1, 1, -1, 0, 1 ], 
      [ 1, -1, 1, -1, 1, -1 ], [ 1, -1, 1, -1, 1, 0 ], [ 1, -1, 1, 0, -1, 0 ], [ 1, -1, 1, 0, -1, 1 ], 
      [ 1, -1, 1, 0, 0, -1 ], [ 1, -1, 1, 0, 0, 0 ], [ 1, 0, -1, 0, 0, 0 ], [ 1, 0, -1, 0, 0, 1 ], 
      [ 1, 0, -1, 0, 1, -1 ], [ 1, 0, -1, 0, 1, 0 ], [ 1, 0, -1, 1, -1, 1 ], [ 1, 0, -1, 1, 0, 0 ], 
      [ 1, 0, -1, 1, 0, 1 ], [ 1, 0, 0, -1, 0, 1 ], [ 1, 0, 0, -1, 1, 0 ], [ 1, 0, 0, 0, 0, 0 ], 
      [ 1, 0, 0, 0, 0, 1 ], [ 1, 0, 0, 0, 1, -1 ], [ 1, 0, 0, 0, 1, 0 ], [ 1, 0, 0, 1, -1, 1 ], 
      [ 1, 0, 0, 1, 0, 0 ], [ 1, 0, 1, -1, 1, 0 ] ],
  eInvariant := rec(
      nbFac := 28,
      nbIneq := 912 ) );
