return rec(
  CharMat := [ [ 14, 9, 4, -1, -3, -4 ], [ 9, 23, 15, 6, 7, 2 ], [ 4, 15, 24, 14, 13, 7 ], 
      [ -1, 6, 14, 24, 19, 12 ], [ -3, 7, 13, 19, 27, 16 ], [ -4, 2, 7, 12, 16, 18 ] ],
  ListInequalities := [ [ 0, 0, 0, 0, 0, 0, 0, 0, -1, 0, 0, 0, 0, 0, 0, 0, 0, 0, 0, 0, 0 ], 
      [ 0, 0, 0, 0, 0, 1, 0, 0, 0, -1, 1, 0, 0, 0, 0, 0, 0, 0, 0, 0, -1 ], 
      [ 0, 0, 0, 0, 0, 0, 0, 0, 0, 1, -1, 0, 0, 0, 0, 0, 0, 0, 0, 0, 0 ], 
      [ 0, 0, 0, 0, 0, 0, 0, 1, -1, 0, 1, 0, 0, 0, 0, 0, 0, 0, 0, 0, 0 ], 
      [ 0, 0, 0, 0, 0, 0, 1, -1, 0, 0, 1, 0, 0, 0, 0, 0, 0, 0, 0, 0, 0 ], 
      [ 1, 0, 0, 0, 0, 0, -1, 0, 0, 0, 1, 0, 0, 0, 0, 0, 0, 0, 0, 0, 0 ], 
      [ 0, 0, 0, 0, 0, 0, 0, 0, 0, 0, 1, 0, 0, 0, 0, 0, 0, -1, 0, 1, 0 ], 
      [ 0, 0, 0, 0, 0, 0, 0, 0, 1, -1, 0, 0, 0, 0, 0, -1, 1, 0, 0, 0, 0 ], 
      [ 0, 1, 0, 0, 0, 0, -1, 1, 0, 0, 0, -1, 1, -1, 0, -1, 1, 0, 0, 0, 0 ], 
      [ 0, 0, 0, 0, 0, 0, 0, 0, 0, 0, 1, 0, 0, 0, -1, 0, 0, 1, 0, 0, 0 ], 
      [ 0, 0, 0, 1, 0, 0, 0, 0, -1, 1, 0, 0, 1, -1, 0, -1, 1, 0, -1, 0, 0 ], 
      [ 0, 0, 0, 0, 0, 0, 0, -1, 0, 1, 0, 1, 0, -1, 0, 0, 0, 0, 0, 0, 0 ], 
      [ 0, 0, 0, 0, 1, 0, 0, 0, -1, 1, 0, 0, 1, -1, 0, 0, 0, 0, -1, 1, -1 ], 
      [ 0, 0, 0, 0, 0, 0, 0, 0, -1, 0, 1, 0, 1, 0, -1, 0, 0, 0, 0, 0, 0 ], 
      [ 0, 0, 0, 0, 0, 0, 0, 0, -1, 1, 0, 0, 1, -1, 0, 0, 0, 0, 0, -1, 1 ], 
      [ 0, 0, 0, 0, 0, 0, 0, 0, 0, 0, 0, 0, -1, 1, 0, 0, 0, 0, 0, 0, 0 ], 
      [ 0, 0, 0, 0, 0, 0, 0, 0, 0, 0, 0, 0, 1, -1, 1, 0, 0, 0, 0, 0, 0 ], 
      [ 0, 0, 1, 0, 0, 0, 0, 0, 0, 0, 0, -1, 1, 0, 0, -1, 0, 0, 0, 0, 0 ], 
      [ 0, 0, 0, 0, 0, 0, 0, 0, 0, 0, 0, 0, 0, -1, 1, 0, 1, -1, 0, 0, 0 ], 
      [ 0, 0, 0, 0, 0, 0, 0, 0, 0, 0, 0, 0, 0, 0, 0, 1, -1, 0, 0, 0, 0 ], 
      [ 0, 0, 0, 0, 0, 0, 0, 0, 0, 0, 0, 0, 0, 0, 0, 0, -1, 1, 1, -1, 0 ] ],
  ListInformations := 
   [ [ [ 1, [ 70, 122 ] ], [ 1, [ 70, 122 ] ], [ 126, [ 5, 57 ] ], [ 126, [ 5, 57 ] ], [ 126, [ 5, 57 ] ], 
          [ 1, [ 70, 122 ] ] ], [ [ 3, [ 65, 123 ] ], [ 3, [ 65, 123 ] ], [ 124, [ 4, 62 ] ], [ 124, [ 4, 62 ] ],
          [ 124, [ 4, 62 ] ], [ 3, [ 65, 123 ] ] ], 
      [ [ 121, [ 5, 65 ] ], [ 121, [ 5, 65 ] ], [ 6, [ 62, 122 ] ], [ 6, [ 62, 122 ] ], [ 6, [ 62, 122 ] ], 
          [ 121, [ 5, 65 ] ] ], 
      [ [ 117, [ 5, 72 ] ], [ 117, [ 5, 72 ] ], [ 10, [ 55, 122 ] ], [ 10, [ 55, 122 ] ], [ 10, [ 55, 122 ] ], 
          [ 117, [ 5, 72 ] ] ], 
      [ [ 109, [ 5, 80 ] ], [ 109, [ 5, 80 ] ], [ 18, [ 47, 122 ] ], [ 18, [ 47, 122 ] ], [ 18, [ 47, 122 ] ], 
          [ 109, [ 5, 80 ] ] ], [ [ 92, [ 97, 5 ] ], [ 92, [ 97, 5 ] ], [ 35, [ 122, 30 ] ], [ 35, [ 122, 30 ] ],
          [ 35, [ 122, 30 ] ], [ 92, [ 97, 5 ] ] ], 
      [ [ 117, [ 9, 64 ] ], [ 117, [ 9, 64 ] ], [ 10, [ 63, 118 ] ], [ 10, [ 63, 118 ] ], [ 10, [ 63, 118 ] ], 
          [ 117, [ 9, 64 ] ] ], [ [ 111, [ 15, 67 ] ], [ 111, [ 15, 67 ] ], [ 16, [ 60, 112 ] ], 
          [ 16, [ 60, 112 ] ], [ 16, [ 60, 112 ] ], [ 111, [ 15, 67 ] ] ], 
      [ [ 16, [ 79, 95 ] ], [ 16, [ 79, 95 ] ], [ 111, [ 32, 48 ] ], [ 111, [ 32, 48 ] ], [ 111, [ 32, 48 ] ], 
          [ 16, [ 79, 95 ] ] ], [ [ 109, [ 17, 64 ] ], [ 109, [ 17, 64 ] ], [ 18, [ 63, 110 ] ], 
          [ 18, [ 63, 110 ] ], [ 18, [ 63, 110 ] ], [ 109, [ 17, 64 ] ] ], 
      [ [ 20, [ 67, 103 ] ], [ 20, [ 67, 103 ] ], [ 107, [ 24, 60 ] ], [ 107, [ 24, 60 ] ], [ 107, [ 24, 60 ] ], 
          [ 20, [ 67, 103 ] ] ], 
      [ [ 20, [ 75, 96 ] ], [ 20, [ 75, 96 ] ], [ 107, [ 31, 52 ] ], [ 107, [ 31, 52 ] ], [ 107, [ 31, 52 ] ], 
          [ 20, [ 75, 96 ] ] ], 
      [ [ 26, [ 67, 98 ] ], [ 26, [ 67, 98 ] ], [ 101, [ 29, 60 ] ], [ 101, [ 29, 60 ] ], [ 101, [ 29, 60 ] ], 
          [ 26, [ 67, 98 ] ] ], 
      [ [ 26, [ 69, 96 ] ], [ 26, [ 69, 96 ] ], [ 101, [ 31, 58 ] ], [ 101, [ 31, 58 ] ], [ 101, [ 31, 58 ] ], 
          [ 26, [ 69, 96 ] ] ], 
      [ [ 27, [ 67, 97 ] ], [ 27, [ 67, 97 ] ], [ 100, [ 30, 60 ] ], [ 100, [ 30, 60 ] ], [ 100, [ 30, 60 ] ], 
          [ 27, [ 67, 97 ] ] ], [ [ 33, [ 67, 93 ] ], [ 33, [ 67, 93 ] ], [ 94, [ 34, 60 ] ], [ 94, [ 34, 60 ] ],
          [ 94, [ 34, 60 ] ], [ 33, [ 67, 93 ] ] ], 
      [ [ 89, [ 34, 68 ] ], [ 89, [ 34, 68 ] ], [ 38, [ 59, 93 ] ], [ 38, [ 59, 93 ] ], [ 38, [ 59, 93 ] ], 
          [ 89, [ 34, 68 ] ] ], [ [ 40, [ 71, 79 ] ], [ 40, [ 71, 79 ] ], [ 87, [ 48, 56 ] ], [ 87, [ 48, 56 ] ],
          [ 87, [ 48, 56 ] ], [ 40, [ 71, 79 ] ] ], 
      [ [ 46, [ 65, 79 ] ], [ 46, [ 65, 79 ] ], [ 81, [ 48, 62 ] ], [ 81, [ 48, 62 ] ], [ 81, [ 48, 62 ] ], 
          [ 46, [ 65, 79 ] ] ], [ [ 74, [ 49, 67 ] ], [ 74, [ 49, 67 ] ], [ 53, [ 60, 78 ] ], [ 53, [ 60, 78 ] ],
          [ 53, [ 60, 78 ] ], [ 74, [ 49, 67 ] ] ], 
      [ [ 54, [ 65, 71 ] ], [ 54, [ 65, 71 ] ], [ 73, [ 56, 62 ] ], [ 73, [ 56, 62 ] ], [ 73, [ 56, 62 ] ], 
          [ 54, [ 65, 71 ] ] ] ],
  Status := "NO",
  TheCtype := [ [ -1, 0, 0, -1, 0, 0 ], [ -1, 0, 0, -1, 1, -1 ], [ -1, 0, 0, 0, -1, 0 ], [ -1, 0, 0, 0, 0, -1 ], 
      [ -1, 0, 0, 0, 0, 0 ], [ -1, 0, 0, 0, 1, -1 ], [ -1, 0, 0, 1, -1, 0 ], [ -1, 0, 0, 1, 0, -1 ], 
      [ -1, 0, 1, -1, 0, 0 ], [ -1, 0, 1, -1, 0, 1 ], [ -1, 0, 1, -1, 1, -1 ], [ -1, 0, 1, 0, -1, 0 ], 
      [ -1, 0, 1, 0, -1, 1 ], [ -1, 0, 1, 0, 0, -1 ], [ -1, 0, 1, 0, 0, 0 ], [ -1, 0, 1, 1, -1, 0 ], 
      [ -1, 1, -1, 0, 0, 0 ], [ -1, 1, -1, 0, 0, 1 ], [ -1, 1, -1, 0, 1, -1 ], [ -1, 1, -1, 0, 1, 0 ], 
      [ -1, 1, -1, 1, -1, 0 ], [ -1, 1, -1, 1, -1, 1 ], [ -1, 1, -1, 1, 0, -1 ], [ -1, 1, -1, 1, 0, 0 ], 
      [ -1, 1, 0, -1, 0, 0 ], [ -1, 1, 0, -1, 0, 1 ], [ -1, 1, 0, -1, 1, -1 ], [ -1, 1, 0, 0, -1, 0 ], 
      [ -1, 1, 0, 0, -1, 1 ], [ -1, 1, 0, 0, 0, -1 ], [ -1, 1, 0, 0, 0, 0 ], [ -1, 1, 0, 1, -1, 0 ], 
      [ 0, -1, 0, -1, 1, 0 ], [ 0, -1, 0, 0, 0, 0 ], [ 0, -1, 0, 0, 0, 1 ], [ 0, -1, 0, 0, 1, -1 ], 
      [ 0, -1, 0, 0, 1, 0 ], [ 0, -1, 0, 1, -1, 1 ], [ 0, -1, 0, 1, 0, -1 ], [ 0, -1, 0, 1, 0, 0 ], 
      [ 0, -1, 1, -1, 0, 0 ], [ 0, -1, 1, -1, 0, 1 ], [ 0, -1, 1, -1, 1, -1 ], [ 0, -1, 1, -1, 1, 0 ], 
      [ 0, -1, 1, 0, -1, 0 ], [ 0, -1, 1, 0, -1, 1 ], [ 0, -1, 1, 0, 0, -1 ], [ 0, -1, 1, 0, 0, 0 ], 
      [ 0, 0, -1, 0, 0, 0 ], [ 0, 0, -1, 0, 0, 1 ], [ 0, 0, -1, 0, 1, -1 ], [ 0, 0, -1, 0, 1, 0 ], 
      [ 0, 0, -1, 1, -1, 0 ], [ 0, 0, -1, 1, -1, 1 ], [ 0, 0, -1, 1, 0, -1 ], [ 0, 0, -1, 1, 0, 0 ], 
      [ 0, 0, 0, -1, 0, 0 ], [ 0, 0, 0, -1, 0, 1 ], [ 0, 0, 0, -1, 1, -1 ], [ 0, 0, 0, -1, 1, 0 ], 
      [ 0, 0, 0, 0, -1, 0 ], [ 0, 0, 0, 0, -1, 1 ], [ 0, 0, 0, 0, 0, -1 ], [ 0, 0, 0, 0, 0, 1 ], 
      [ 0, 0, 0, 0, 1, -1 ], [ 0, 0, 0, 0, 1, 0 ], [ 0, 0, 0, 1, -1, 0 ], [ 0, 0, 0, 1, -1, 1 ], 
      [ 0, 0, 0, 1, 0, -1 ], [ 0, 0, 0, 1, 0, 0 ], [ 0, 0, 1, -1, 0, 0 ], [ 0, 0, 1, -1, 0, 1 ], 
      [ 0, 0, 1, -1, 1, -1 ], [ 0, 0, 1, -1, 1, 0 ], [ 0, 0, 1, 0, -1, 0 ], [ 0, 0, 1, 0, -1, 1 ], 
      [ 0, 0, 1, 0, 0, -1 ], [ 0, 0, 1, 0, 0, 0 ], [ 0, 1, -1, 0, 0, 0 ], [ 0, 1, -1, 0, 0, 1 ], 
      [ 0, 1, -1, 0, 1, -1 ], [ 0, 1, -1, 0, 1, 0 ], [ 0, 1, -1, 1, -1, 0 ], [ 0, 1, -1, 1, -1, 1 ], 
      [ 0, 1, -1, 1, 0, -1 ], [ 0, 1, -1, 1, 0, 0 ], [ 0, 1, 0, -1, 0, 0 ], [ 0, 1, 0, -1, 0, 1 ], 
      [ 0, 1, 0, -1, 1, -1 ], [ 0, 1, 0, 0, -1, 0 ], [ 0, 1, 0, 0, -1, 1 ], [ 0, 1, 0, 0, 0, -1 ], 
      [ 0, 1, 0, 0, 0, 0 ], [ 0, 1, 0, 1, -1, 0 ], [ 1, -1, 0, -1, 1, 0 ], [ 1, -1, 0, 0, 0, 0 ], 
      [ 1, -1, 0, 0, 0, 1 ], [ 1, -1, 0, 0, 1, -1 ], [ 1, -1, 0, 0, 1, 0 ], [ 1, -1, 0, 1, -1, 1 ], 
      [ 1, -1, 0, 1, 0, -1 ], [ 1, -1, 0, 1, 0, 0 ], [ 1, -1, 1, -1, 0, 0 ], [ 1, -1, 1, -1, 0, 1 ], 
      [ 1, -1, 1, -1, 1, -1 ], [ 1, -1, 1, -1, 1, 0 ], [ 1, -1, 1, 0, -1, 0 ], [ 1, -1, 1, 0, -1, 1 ], 
      [ 1, -1, 1, 0, 0, -1 ], [ 1, -1, 1, 0, 0, 0 ], [ 1, 0, -1, -1, 1, 0 ], [ 1, 0, -1, 0, 0, 0 ], 
      [ 1, 0, -1, 0, 0, 1 ], [ 1, 0, -1, 0, 1, -1 ], [ 1, 0, -1, 0, 1, 0 ], [ 1, 0, -1, 1, -1, 1 ], 
      [ 1, 0, -1, 1, 0, -1 ], [ 1, 0, -1, 1, 0, 0 ], [ 1, 0, 0, -1, 0, 1 ], [ 1, 0, 0, -1, 1, 0 ], 
      [ 1, 0, 0, 0, -1, 1 ], [ 1, 0, 0, 0, 0, 0 ], [ 1, 0, 0, 0, 0, 1 ], [ 1, 0, 0, 0, 1, 0 ], 
      [ 1, 0, 0, 1, -1, 1 ], [ 1, 0, 0, 1, 0, 0 ] ],
  eInvariant := rec(
      nbFac := 21,
      nbIneq := 903 ) );
