return rec(
  CharMat := [ [ 11, 7, 3, -1, -3, -2 ], [ 7, 19, 14, 9, 4, 3 ], [ 3, 14, 25, 19, 11, 8 ], 
      [ -1, 9, 19, 27, 16, 11 ], [ -3, 4, 11, 16, 19, 9 ], [ -2, 3, 8, 11, 9, 13 ] ],
  ListInequalities := [ [ 0, 0, 0, 0, 1, 0, 0, 0, -1, 1, 0, 0, 0, 0, 0, 0, 0, 0, -1, 0, 0 ], 
      [ 0, 0, 0, 0, 0, 1, 0, 0, -1, 0, 1, 0, 0, 0, 0, 0, 0, 0, 0, -1, 0 ], 
      [ 0, 0, 0, 0, 0, 0, 0, 0, -1, 0, 0, 0, 0, 0, 0, 0, 0, 0, 0, 0, 0 ], 
      [ 0, 0, 0, 0, 0, 0, 0, 0, 0, -1, 1, 0, 0, 0, 0, 0, 0, 0, 0, 0, 0 ], 
      [ 0, 0, 0, 0, 0, 0, 0, 0, 1, 0, -1, 0, 0, 0, 0, 0, 0, 0, 0, 0, 0 ], 
      [ 0, 0, 0, 0, 0, 0, 0, 1, -1, 1, 0, 0, 0, 0, 0, 0, 0, 0, 0, 0, 0 ], 
      [ 0, 0, 0, 0, 0, 0, 1, -1, 0, 1, 0, 0, 0, 0, 0, 0, 0, 0, 0, 0, 0 ], 
      [ 0, 0, 0, 0, 0, 0, 0, 0, 0, 0, 1, 0, 0, 0, 0, 0, 0, -1, 0, 1, 0 ], 
      [ 0, 0, 0, 0, 0, 0, 0, 0, 0, 1, -1, 0, 0, 0, 0, 0, -1, 1, 1, -1, 0 ], 
      [ 0, 0, 0, 0, 0, 0, 0, 0, 0, 0, -1, 0, 0, 0, 0, 0, 0, 1, 0, 0, -1 ], 
      [ 0, 1, 0, 0, 0, 0, -1, 1, 0, 0, 0, -1, 0, 0, 0, 0, 0, 0, 0, 0, 0 ], 
      [ 0, 0, 0, 0, 0, 0, 0, 0, 0, 1, -1, 0, 0, -1, 1, 0, 1, -1, 0, 0, 0 ], 
      [ 0, 0, 0, 0, 0, 0, 0, 0, 0, 0, 1, 0, 0, 0, -1, 0, 0, 1, 0, -1, 1 ], 
      [ 0, 0, 0, 0, 0, 0, 0, -1, 1, 0, 0, 1, -1, 0, 0, 0, 0, 0, 0, 0, 0 ], 
      [ 0, 0, 0, 0, 0, 0, 0, 0, -1, 1, 0, 0, 1, -1, 0, 0, 0, 0, 0, -1, 1 ], 
      [ 0, 0, 0, 0, 0, 0, 0, 0, 0, 0, 0, 0, 0, 0, 0, 0, 0, -1, 0, 0, 1 ], 
      [ 0, 0, 0, 1, 0, 0, 0, 0, 0, 0, 0, 0, 0, 0, 0, -1, 1, 0, -1, -1, 1 ] ],
  ListInformations := 
   [ [ [ 1, [ 68, 125 ] ], [ 1, [ 68, 125 ] ], [ 126, [ 2, 59 ] ], [ 126, [ 2, 59 ] ], [ 126, [ 2, 59 ] ], 
          [ 1, [ 68, 125 ] ] ], 
      [ [ 1, [ 69, 123 ] ], [ 1, [ 69, 123 ] ], [ 126, [ 4, 58 ] ], [ 126, [ 4, 58 ] ], [ 126, [ 4, 58 ] ], 
          [ 1, [ 69, 123 ] ] ], 
      [ [ 1, [ 70, 122 ] ], [ 1, [ 70, 122 ] ], [ 126, [ 5, 57 ] ], [ 126, [ 5, 57 ] ], [ 126, [ 5, 57 ] ], 
          [ 1, [ 70, 122 ] ] ], 
      [ [ 3, [ 65, 122 ] ], [ 3, [ 65, 122 ] ], [ 124, [ 5, 62 ] ], [ 124, [ 5, 62 ] ], [ 124, [ 5, 62 ] ], 
          [ 3, [ 65, 122 ] ] ], 
      [ [ 119, [ 5, 69 ] ], [ 119, [ 5, 69 ] ], [ 8, [ 58, 122 ] ], [ 8, [ 58, 122 ] ], [ 8, [ 58, 122 ] ], 
          [ 119, [ 5, 69 ] ] ], 
      [ [ 115, [ 5, 74 ] ], [ 115, [ 5, 74 ] ], [ 12, [ 53, 122 ] ], [ 12, [ 53, 122 ] ], [ 12, [ 53, 122 ] ], 
          [ 115, [ 5, 74 ] ] ], 
      [ [ 107, [ 5, 82 ] ], [ 107, [ 5, 82 ] ], [ 20, [ 45, 122 ] ], [ 20, [ 45, 122 ] ], [ 20, [ 45, 122 ] ], 
          [ 107, [ 5, 82 ] ] ], 
      [ [ 117, [ 9, 64 ] ], [ 117, [ 9, 64 ] ], [ 10, [ 63, 118 ] ], [ 10, [ 63, 118 ] ], [ 10, [ 63, 118 ] ], 
          [ 117, [ 9, 64 ] ] ], 
      [ [ 116, [ 9, 65 ] ], [ 116, [ 9, 65 ] ], [ 11, [ 62, 118 ] ], [ 11, [ 62, 118 ] ], [ 11, [ 62, 118 ] ], 
          [ 116, [ 9, 65 ] ] ], [ [ 13, [ 64, 113 ] ], [ 13, [ 64, 113 ] ], [ 114, [ 14, 63 ] ], 
          [ 114, [ 14, 63 ] ], [ 114, [ 14, 63 ] ], [ 13, [ 64, 113 ] ] ], 
      [ [ 16, [ 79, 95 ] ], [ 16, [ 79, 95 ] ], [ 111, [ 32, 48 ] ], [ 111, [ 32, 48 ] ], [ 111, [ 32, 48 ] ], 
          [ 16, [ 79, 95 ] ] ], [ [ 108, [ 17, 65 ] ], [ 108, [ 17, 65 ] ], [ 19, [ 62, 110 ] ], 
          [ 19, [ 62, 110 ] ], [ 19, [ 62, 110 ] ], [ 108, [ 17, 65 ] ] ], 
      [ [ 105, [ 21, 64 ] ], [ 105, [ 21, 64 ] ], [ 22, [ 63, 106 ] ], [ 22, [ 63, 106 ] ], [ 22, [ 63, 106 ] ],
          [ 105, [ 21, 64 ] ] ], 
      [ [ 24, [ 71, 95 ] ], [ 24, [ 71, 95 ] ], [ 103, [ 32, 56 ] ], [ 103, [ 32, 56 ] ], [ 103, [ 32, 56 ] ], 
          [ 24, [ 71, 95 ] ] ], 
      [ [ 27, [ 68, 96 ] ], [ 27, [ 68, 96 ] ], [ 100, [ 31, 59 ] ], [ 100, [ 31, 59 ] ], [ 100, [ 31, 59 ] ], 
          [ 27, [ 68, 96 ] ] ], 
      [ [ 51, [ 64, 75 ] ], [ 51, [ 64, 75 ] ], [ 76, [ 52, 63 ] ], [ 76, [ 52, 63 ] ], [ 76, [ 52, 63 ] ], 
          [ 51, [ 64, 75 ] ] ], 
      [ [ 51, [ 68, 72 ] ], [ 51, [ 68, 72 ] ], [ 76, [ 55, 59 ] ], [ 76, [ 55, 59 ] ], [ 76, [ 55, 59 ] ], 
          [ 51, [ 68, 72 ] ] ] ],
  Status := "NO",
  TheCtype := [ [ -1, 0, 0, -1, 0, 0 ], [ -1, 0, 0, 0, -1, 0 ], [ -1, 0, 0, 0, -1, 1 ], [ -1, 0, 0, 0, 0, -1 ], 
      [ -1, 0, 0, 0, 0, 0 ], [ -1, 0, 0, 1, -1, -1 ], [ -1, 0, 0, 1, -1, 0 ], [ -1, 0, 0, 1, 0, -1 ], 
      [ -1, 0, 1, -1, 0, 0 ], [ -1, 0, 1, -1, 0, 1 ], [ -1, 0, 1, -1, 1, -1 ], [ -1, 0, 1, -1, 1, 0 ], 
      [ -1, 0, 1, 0, -1, -1 ], [ -1, 0, 1, 0, -1, 0 ], [ -1, 0, 1, 0, 0, -1 ], [ -1, 0, 1, 0, 0, 0 ], 
      [ -1, 1, -1, 0, 0, 0 ], [ -1, 1, -1, 0, 0, 1 ], [ -1, 1, -1, 0, 1, -1 ], [ -1, 1, -1, 0, 1, 0 ], 
      [ -1, 1, -1, 1, -1, 0 ], [ -1, 1, -1, 1, -1, 1 ], [ -1, 1, -1, 1, 0, -1 ], [ -1, 1, -1, 1, 0, 0 ], 
      [ -1, 1, 0, -1, 0, 0 ], [ -1, 1, 0, -1, 0, 1 ], [ -1, 1, 0, -1, 1, -1 ], [ -1, 1, 0, -1, 1, 0 ], 
      [ -1, 1, 0, 0, -1, 0 ], [ -1, 1, 0, 0, -1, 1 ], [ -1, 1, 0, 0, 0, -1 ], [ -1, 1, 0, 0, 0, 0 ], 
      [ 0, -1, 0, 0, 0, 0 ], [ 0, -1, 0, 0, 0, 1 ], [ 0, -1, 0, 0, 1, -1 ], [ 0, -1, 0, 0, 1, 0 ], 
      [ 0, -1, 0, 1, -1, 0 ], [ 0, -1, 0, 1, -1, 1 ], [ 0, -1, 0, 1, 0, -1 ], [ 0, -1, 0, 1, 0, 0 ], 
      [ 0, -1, 1, -1, 0, 0 ], [ 0, -1, 1, -1, 0, 1 ], [ 0, -1, 1, -1, 1, -1 ], [ 0, -1, 1, -1, 1, 0 ], 
      [ 0, -1, 1, 0, -1, 0 ], [ 0, -1, 1, 0, -1, 1 ], [ 0, -1, 1, 0, 0, -1 ], [ 0, -1, 1, 0, 0, 0 ], 
      [ 0, 0, -1, 0, 0, 0 ], [ 0, 0, -1, 0, 0, 1 ], [ 0, 0, -1, 0, 1, -1 ], [ 0, 0, -1, 0, 1, 0 ], 
      [ 0, 0, -1, 1, -1, 0 ], [ 0, 0, -1, 1, -1, 1 ], [ 0, 0, -1, 1, 0, -1 ], [ 0, 0, -1, 1, 0, 0 ], 
      [ 0, 0, 0, -1, 0, 0 ], [ 0, 0, 0, -1, 0, 1 ], [ 0, 0, 0, -1, 1, 0 ], [ 0, 0, 0, -1, 1, 1 ], 
      [ 0, 0, 0, 0, -1, 0 ], [ 0, 0, 0, 0, -1, 1 ], [ 0, 0, 0, 0, 0, -1 ], [ 0, 0, 0, 0, 0, 1 ], 
      [ 0, 0, 0, 0, 1, -1 ], [ 0, 0, 0, 0, 1, 0 ], [ 0, 0, 0, 1, -1, -1 ], [ 0, 0, 0, 1, -1, 0 ], 
      [ 0, 0, 0, 1, 0, -1 ], [ 0, 0, 0, 1, 0, 0 ], [ 0, 0, 1, -1, 0, 0 ], [ 0, 0, 1, -1, 0, 1 ], 
      [ 0, 0, 1, -1, 1, -1 ], [ 0, 0, 1, -1, 1, 0 ], [ 0, 0, 1, 0, -1, 0 ], [ 0, 0, 1, 0, -1, 1 ], 
      [ 0, 0, 1, 0, 0, -1 ], [ 0, 0, 1, 0, 0, 0 ], [ 0, 1, -1, 0, 0, 0 ], [ 0, 1, -1, 0, 0, 1 ], 
      [ 0, 1, -1, 0, 1, -1 ], [ 0, 1, -1, 0, 1, 0 ], [ 0, 1, -1, 1, -1, 0 ], [ 0, 1, -1, 1, -1, 1 ], 
      [ 0, 1, -1, 1, 0, -1 ], [ 0, 1, -1, 1, 0, 0 ], [ 0, 1, 0, -1, 0, 0 ], [ 0, 1, 0, -1, 0, 1 ], 
      [ 0, 1, 0, -1, 1, -1 ], [ 0, 1, 0, -1, 1, 0 ], [ 0, 1, 0, 0, -1, 0 ], [ 0, 1, 0, 0, -1, 1 ], 
      [ 0, 1, 0, 0, 0, -1 ], [ 0, 1, 0, 0, 0, 0 ], [ 1, -1, 0, 0, 0, 0 ], [ 1, -1, 0, 0, 0, 1 ], 
      [ 1, -1, 0, 0, 1, -1 ], [ 1, -1, 0, 0, 1, 0 ], [ 1, -1, 0, 1, -1, 0 ], [ 1, -1, 0, 1, -1, 1 ], 
      [ 1, -1, 0, 1, 0, -1 ], [ 1, -1, 0, 1, 0, 0 ], [ 1, -1, 1, -1, 0, 0 ], [ 1, -1, 1, -1, 0, 1 ], 
      [ 1, -1, 1, -1, 1, -1 ], [ 1, -1, 1, -1, 1, 0 ], [ 1, -1, 1, 0, -1, 0 ], [ 1, -1, 1, 0, -1, 1 ], 
      [ 1, -1, 1, 0, 0, -1 ], [ 1, -1, 1, 0, 0, 0 ], [ 1, 0, -1, 0, 0, 0 ], [ 1, 0, -1, 0, 0, 1 ], 
      [ 1, 0, -1, 0, 1, 0 ], [ 1, 0, -1, 0, 1, 1 ], [ 1, 0, -1, 1, -1, 0 ], [ 1, 0, -1, 1, -1, 1 ], 
      [ 1, 0, -1, 1, 0, -1 ], [ 1, 0, -1, 1, 0, 0 ], [ 1, 0, 0, -1, 0, 1 ], [ 1, 0, 0, -1, 1, 0 ], 
      [ 1, 0, 0, -1, 1, 1 ], [ 1, 0, 0, 0, 0, 0 ], [ 1, 0, 0, 0, 0, 1 ], [ 1, 0, 0, 0, 1, -1 ], 
      [ 1, 0, 0, 0, 1, 0 ], [ 1, 0, 0, 1, 0, 0 ] ],
  eInvariant := rec(
      nbFac := 22,
      nbIneq := 903 ) );
