return rec(
  CharMat := [ [ 17, 11, 5, 0, -4, -3 ], [ 11, 28, 27, 17, 7, 2 ], [ 5, 27, 48, 33, 17, 6 ], 
      [ 0, 17, 33, 40, 23, 10 ], [ -4, 7, 17, 23, 27, 11 ], [ -3, 2, 6, 10, 11, 12 ] ],
  ListInequalities := [ [ 0, 0, 0, 0, 0, 0, 0, 0, 0, -1, 1, 0, 0, 0, 0, 0, 0, 0, 0, 0, 0 ], 
      [ 0, 0, 0, 0, 0, -1, 0, 0, 1, 0, -1, 0, 0, 0, 0, 0, 0, 0, 0, 1, 0 ], 
      [ 0, 0, 0, 0, 0, 0, 0, 1, -1, 1, 0, 0, 0, 0, 0, 0, 0, 0, 0, 0, 0 ], 
      [ 0, 0, 0, 0, 0, 0, 1, -1, 0, 1, 0, 0, 0, 0, 0, 0, 0, 0, 0, 0, 0 ], 
      [ 1, 0, 0, 0, 0, 0, -1, 0, 0, 1, 0, 0, 0, 0, 0, 0, 0, 0, 0, 0, 0 ], 
      [ 0, 0, 0, 0, 1, -1, 0, 0, 0, 1, -1, 0, 0, 0, 0, 0, 0, 0, -1, 1, 0 ], 
      [ 0, 0, 0, 0, 0, -1, 0, 0, 0, 0, -1, 0, 0, 0, 0, 0, 0, 0, 0, 1, 0 ], 
      [ 0, 1, 1, 0, 0, -1, -1, 1, 0, 0, -1, -2, 1, 0, 0, -1, 0, 0, 0, 1, 0 ], 
      [ 0, 1, 0, 0, 0, -1, -1, 0, 1, 0, -1, 0, -1, 0, 0, 0, 0, 0, 0, 1, 0 ], 
      [ 0, 0, 0, 0, 0, 0, 0, 0, 0, 0, 1, 0, 0, 0, 0, 0, 0, -1, 0, 1, 0 ], 
      [ 0, 0, 0, 0, 0, 0, 0, 0, 0, 1, -1, 0, 0, 0, 0, 0, -1, 1, 1, -1, 0 ], 
      [ 0, 1, 0, 0, 0, 0, -1, 1, 0, 0, 0, -1, -1, 1, 0, 1, -1, 0, 0, 0, 0 ], 
      [ 0, 1, 0, 0, 0, 0, -1, 1, -1, 1, 0, -1, 1, -1, 0, 0, 0, 0, 0, 0, 0 ], 
      [ 0, 1, 0, 0, 0, 0, -1, 1, 0, 0, 0, -1, 0, -1, 1, 0, 1, -1, 0, 0, 0 ], 
      [ 0, 1, 0, 0, 0, 0, -1, 1, 0, -1, 1, -1, 0, 1, -1, 0, 0, 0, 0, 0, 0 ], 
      [ 0, 0, 0, 0, 0, 0, 0, 0, 0, 0, 1, 0, 0, 0, -1, 0, 0, 1, 0, 0, 0 ], 
      [ 0, 0, 0, 0, 0, 0, 0, 0, 0, 1, -1, 0, 0, -1, 1, 0, 1, -1, 0, 0, 0 ], 
      [ 1, 1, 0, 0, 0, 0, -2, 1, 0, 0, 0, -1, 0, 0, 0, 0, 0, 0, 0, 0, 0 ], 
      [ 0, -1, 0, 0, 0, 0, 1, -1, 0, 0, 0, 1, 0, 0, 1, 0, 0, -1, 0, 0, 0 ], 
      [ 0, 0, 0, 0, 0, 0, 0, 0, 0, 0, -1, 0, 0, 0, 2, 0, 0, -1, 0, 0, 0 ], 
      [ 0, 0, 0, 0, 0, 0, 0, 0, 0, 0, 0, 0, 0, 1, -1, 0, 0, 0, 0, 0, 0 ], 
      [ 0, 1, 0, 0, 0, 0, 0, 0, 0, 0, 0, -1, 0, 0, 0, 0, 0, 0, 0, 0, 0 ], 
      [ 0, 0, 0, 1, 0, 0, 0, 0, 0, 0, 0, 0, 0, 0, 0, -1, 1, 0, -1, 0, 0 ], 
      [ 0, 0, 0, 0, 0, 0, 0, 0, 0, 0, 0, 0, 0, 0, 0, 0, 0, 0, 0, -1, 1 ], 
      [ 0, 0, 0, 0, 0, 1, 0, 0, 0, 0, 0, 0, 0, 0, 0, 0, 0, 0, 0, 0, -1 ] ],
  ListInformations := 
   [ [ [ 2, [ 65, 123 ] ], [ 2, [ 65, 123 ] ], [ 125, [ 4, 62 ] ], [ 125, [ 4, 62 ] ], [ 125, [ 4, 62 ] ], 
          [ 2, [ 65, 123 ] ] ], 
      [ [ 120, [ 3, 69 ] ], [ 120, [ 3, 69 ] ], [ 7, [ 58, 124 ] ], [ 7, [ 58, 124 ] ], [ 7, [ 58, 124 ] ], 
          [ 120, [ 3, 69 ] ] ], 
      [ [ 115, [ 4, 74 ] ], [ 115, [ 4, 74 ] ], [ 12, [ 53, 123 ] ], [ 12, [ 53, 123 ] ], [ 12, [ 53, 123 ] ], 
          [ 115, [ 4, 74 ] ] ], 
      [ [ 109, [ 4, 82 ] ], [ 109, [ 4, 82 ] ], [ 18, [ 45, 123 ] ], [ 18, [ 45, 123 ] ], [ 18, [ 45, 123 ] ], 
          [ 109, [ 4, 82 ] ] ], 
      [ [ 91, [ 100, 4 ] ], [ 91, [ 100, 4 ] ], [ 36, [ 123, 27 ] ], [ 36, [ 123, 27 ] ], [ 36, [ 123, 27 ] ], 
          [ 91, [ 100, 4 ] ] ], 
      [ [ 120, [ 5, 65 ] ], [ 120, [ 5, 65 ] ], [ 7, [ 62, 122 ] ], [ 7, [ 62, 122 ] ], [ 7, [ 62, 122 ] ], 
          [ 120, [ 5, 65 ] ] ], 
      [ [ 7, [ 64, 119 ] ], [ 7, [ 64, 119 ] ], [ 120, [ 8, 63 ] ], [ 120, [ 8, 63 ] ], [ 120, [ 8, 63 ] ], 
          [ 7, [ 64, 119 ] ] ], 
      [ [ 7, [ 80, 106 ] ], [ 7, [ 80, 106 ] ], [ 120, [ 21, 47 ] ], [ 120, [ 21, 47 ] ], [ 120, [ 21, 47 ] ], 
          [ 7, [ 80, 106 ] ] ], 
      [ [ 7, [ 88, 98 ] ], [ 7, [ 88, 98 ] ], [ 120, [ 29, 39 ] ], [ 120, [ 29, 39 ] ], [ 120, [ 29, 39 ] ], 
          [ 7, [ 88, 98 ] ] ], 
      [ [ 117, [ 9, 64 ] ], [ 117, [ 9, 64 ] ], [ 10, [ 63, 118 ] ], [ 10, [ 63, 118 ] ], [ 10, [ 63, 118 ] ], 
          [ 117, [ 9, 64 ] ] ], 
      [ [ 116, [ 9, 65 ] ], [ 116, [ 9, 65 ] ], [ 11, [ 62, 118 ] ], [ 11, [ 62, 118 ] ], [ 11, [ 62, 118 ] ], 
          [ 116, [ 9, 65 ] ] ], [ [ 12, [ 79, 101 ] ], [ 12, [ 79, 101 ] ], [ 115, [ 26, 48 ] ], 
          [ 115, [ 26, 48 ] ], [ 115, [ 26, 48 ] ], [ 12, [ 79, 101 ] ] ], 
      [ [ 12, [ 83, 97 ] ], [ 12, [ 83, 97 ] ], [ 115, [ 30, 44 ] ], [ 115, [ 30, 44 ] ], [ 115, [ 30, 44 ] ], 
          [ 12, [ 83, 97 ] ] ], 
      [ [ 14, [ 79, 99 ] ], [ 14, [ 79, 99 ] ], [ 113, [ 28, 48 ] ], [ 113, [ 28, 48 ] ], [ 113, [ 28, 48 ] ], 
          [ 14, [ 79, 99 ] ] ], 
      [ [ 14, [ 81, 97 ] ], [ 14, [ 81, 97 ] ], [ 113, [ 30, 46 ] ], [ 113, [ 30, 46 ] ], [ 113, [ 30, 46 ] ], 
          [ 14, [ 81, 97 ] ] ], [ [ 111, [ 15, 64 ] ], [ 111, [ 15, 64 ] ], [ 16, [ 63, 112 ] ], 
          [ 16, [ 63, 112 ] ], [ 16, [ 63, 112 ] ], [ 111, [ 15, 64 ] ] ], 
      [ [ 110, [ 15, 65 ] ], [ 110, [ 15, 65 ] ], [ 17, [ 62, 112 ] ], [ 17, [ 62, 112 ] ], [ 17, [ 62, 112 ] ],
          [ 110, [ 15, 65 ] ] ], 
      [ [ 78, [ 97, 15 ] ], [ 78, [ 97, 15 ] ], [ 49, [ 112, 30 ] ], [ 49, [ 112, 30 ] ], [ 49, [ 112, 30 ] ], 
          [ 78, [ 97, 15 ] ] ], 
      [ [ 96, [ 29, 79 ] ], [ 96, [ 29, 79 ] ], [ 31, [ 48, 98 ] ], [ 31, [ 48, 98 ] ], [ 31, [ 48, 98 ] ], 
          [ 96, [ 29, 79 ] ] ], 
      [ [ 31, [ 64, 95 ] ], [ 31, [ 64, 95 ] ], [ 96, [ 32, 63 ] ], [ 96, [ 32, 63 ] ], [ 96, [ 32, 63 ] ], 
          [ 31, [ 64, 95 ] ] ], 
      [ [ 92, [ 33, 65 ] ], [ 92, [ 33, 65 ] ], [ 35, [ 62, 94 ] ], [ 35, [ 62, 94 ] ], [ 35, [ 62, 94 ] ], 
          [ 92, [ 33, 65 ] ] ], 
      [ [ 78, [ 79, 33 ] ], [ 78, [ 79, 33 ] ], [ 49, [ 94, 48 ] ], [ 49, [ 94, 48 ] ], [ 49, [ 94, 48 ] ], 
          [ 78, [ 79, 33 ] ] ], 
      [ [ 52, [ 67, 71 ] ], [ 52, [ 67, 71 ] ], [ 75, [ 56, 60 ] ], [ 75, [ 56, 60 ] ], [ 75, [ 56, 60 ] ], 
          [ 52, [ 67, 71 ] ] ], 
      [ [ 59, [ 64, 67 ] ], [ 59, [ 64, 67 ] ], [ 68, [ 60, 63 ] ], [ 68, [ 60, 63 ] ], [ 68, [ 60, 63 ] ], 
          [ 59, [ 64, 67 ] ] ], 
      [ [ 61, [ 64, 65 ] ], [ 61, [ 64, 65 ] ], [ 66, [ 62, 63 ] ], [ 66, [ 62, 63 ] ], [ 66, [ 62, 63 ] ], 
          [ 61, [ 64, 65 ] ] ] ],
  Status := "NO",
  TheCtype := [ [ -1, 0, 0, 0, -1, 0 ], [ -1, 0, 0, 0, -1, 1 ], [ -1, 0, 0, 0, 0, -1 ], [ -1, 0, 0, 0, 0, 0 ], 
      [ -1, 0, 0, 1, -1, -1 ], [ -1, 0, 0, 1, -1, 0 ], [ -1, 0, 0, 1, 0, -2 ], [ -1, 0, 0, 1, 0, -1 ], 
      [ -1, 0, 1, -1, 0, 0 ], [ -1, 0, 1, -1, 0, 1 ], [ -1, 0, 1, -1, 1, -1 ], [ -1, 0, 1, -1, 1, 0 ], 
      [ -1, 0, 1, 0, -1, 0 ], [ -1, 0, 1, 0, -1, 1 ], [ -1, 1, -1, 0, 0, 0 ], [ -1, 1, -1, 0, 0, 1 ], 
      [ -1, 1, -1, 0, 1, -1 ], [ -1, 1, -1, 0, 1, 0 ], [ -1, 1, -1, 1, -1, 0 ], [ -1, 1, -1, 1, -1, 1 ], 
      [ -1, 1, -1, 1, 0, -1 ], [ -1, 1, -1, 1, 0, 0 ], [ -1, 1, 0, -1, 0, 0 ], [ -1, 1, 0, -1, 0, 1 ], 
      [ -1, 1, 0, -1, 1, -1 ], [ -1, 1, 0, -1, 1, 0 ], [ -1, 1, 0, 0, -1, 0 ], [ -1, 1, 0, 0, -1, 1 ], 
      [ -1, 1, 0, 0, 0, -1 ], [ -1, 1, 0, 0, 0, 0 ], [ -1, 2, -1, 0, 0, -1 ], [ -1, 2, -1, 0, 0, 0 ], 
      [ 0, -1, 0, 0, 0, 0 ], [ 0, -1, 0, 0, 0, 1 ], [ 0, -1, 0, 0, 1, -1 ], [ 0, -1, 0, 0, 1, 0 ], 
      [ 0, -1, 0, 1, -1, 0 ], [ 0, -1, 0, 1, -1, 1 ], [ 0, -1, 0, 1, 0, -1 ], [ 0, -1, 0, 1, 0, 0 ], 
      [ 0, -1, 1, -1, 0, 0 ], [ 0, -1, 1, -1, 0, 1 ], [ 0, -1, 1, -1, 1, -1 ], [ 0, -1, 1, -1, 1, 0 ], 
      [ 0, -1, 1, 0, -1, 0 ], [ 0, -1, 1, 0, -1, 1 ], [ 0, -1, 1, 0, 0, -1 ], [ 0, -1, 1, 0, 0, 0 ], 
      [ 0, 0, -1, 0, 0, 0 ], [ 0, 0, -1, 0, 0, 1 ], [ 0, 0, -1, 0, 1, -1 ], [ 0, 0, -1, 0, 1, 0 ], 
      [ 0, 0, -1, 1, -1, 0 ], [ 0, 0, -1, 1, -1, 1 ], [ 0, 0, -1, 1, 0, -1 ], [ 0, 0, -1, 1, 0, 0 ], 
      [ 0, 0, 0, -1, 0, 0 ], [ 0, 0, 0, -1, 0, 1 ], [ 0, 0, 0, -1, 1, -1 ], [ 0, 0, 0, -1, 1, 0 ], 
      [ 0, 0, 0, 0, -1, 0 ], [ 0, 0, 0, 0, -1, 1 ], [ 0, 0, 0, 0, 0, -1 ], [ 0, 0, 0, 0, 0, 1 ], 
      [ 0, 0, 0, 0, 1, -1 ], [ 0, 0, 0, 0, 1, 0 ], [ 0, 0, 0, 1, -1, 0 ], [ 0, 0, 0, 1, -1, 1 ], 
      [ 0, 0, 0, 1, 0, -1 ], [ 0, 0, 0, 1, 0, 0 ], [ 0, 0, 1, -1, 0, 0 ], [ 0, 0, 1, -1, 0, 1 ], 
      [ 0, 0, 1, -1, 1, -1 ], [ 0, 0, 1, -1, 1, 0 ], [ 0, 0, 1, 0, -1, 0 ], [ 0, 0, 1, 0, -1, 1 ], 
      [ 0, 0, 1, 0, 0, -1 ], [ 0, 0, 1, 0, 0, 0 ], [ 0, 1, -1, 0, 0, 0 ], [ 0, 1, -1, 0, 0, 1 ], 
      [ 0, 1, -1, 0, 1, -1 ], [ 0, 1, -1, 0, 1, 0 ], [ 0, 1, -1, 1, -1, 0 ], [ 0, 1, -1, 1, -1, 1 ], 
      [ 0, 1, -1, 1, 0, -1 ], [ 0, 1, -1, 1, 0, 0 ], [ 0, 1, 0, -1, 0, 0 ], [ 0, 1, 0, -1, 0, 1 ], 
      [ 0, 1, 0, -1, 1, -1 ], [ 0, 1, 0, -1, 1, 0 ], [ 0, 1, 0, 0, -1, 0 ], [ 0, 1, 0, 0, -1, 1 ], 
      [ 0, 1, 0, 0, 0, -1 ], [ 0, 1, 0, 0, 0, 0 ], [ 1, -2, 1, 0, 0, 0 ], [ 1, -2, 1, 0, 0, 1 ], 
      [ 1, -1, 0, 0, 0, 0 ], [ 1, -1, 0, 0, 0, 1 ], [ 1, -1, 0, 0, 1, -1 ], [ 1, -1, 0, 0, 1, 0 ], 
      [ 1, -1, 0, 1, -1, 0 ], [ 1, -1, 0, 1, -1, 1 ], [ 1, -1, 0, 1, 0, -1 ], [ 1, -1, 0, 1, 0, 0 ], 
      [ 1, -1, 1, -1, 0, 0 ], [ 1, -1, 1, -1, 0, 1 ], [ 1, -1, 1, -1, 1, -1 ], [ 1, -1, 1, -1, 1, 0 ], 
      [ 1, -1, 1, 0, -1, 0 ], [ 1, -1, 1, 0, -1, 1 ], [ 1, -1, 1, 0, 0, -1 ], [ 1, -1, 1, 0, 0, 0 ], 
      [ 1, 0, -1, 0, 1, -1 ], [ 1, 0, -1, 0, 1, 0 ], [ 1, 0, -1, 1, -1, 0 ], [ 1, 0, -1, 1, -1, 1 ], 
      [ 1, 0, -1, 1, 0, -1 ], [ 1, 0, -1, 1, 0, 0 ], [ 1, 0, 0, -1, 0, 1 ], [ 1, 0, 0, -1, 0, 2 ], 
      [ 1, 0, 0, -1, 1, 0 ], [ 1, 0, 0, -1, 1, 1 ], [ 1, 0, 0, 0, 0, 0 ], [ 1, 0, 0, 0, 0, 1 ], 
      [ 1, 0, 0, 0, 1, -1 ], [ 1, 0, 0, 0, 1, 0 ] ],
  eInvariant := rec(
      nbFac := 25,
      nbIneq := 912 ) );
