return rec(
  CharMat := [ [ 17, 11, 5, -1, -4, -5 ], [ 11, 22, 17, 9, 4, 1 ], [ 5, 17, 29, 19, 12, 7 ], 
      [ -1, 9, 19, 26, 20, 13 ], [ -4, 4, 12, 20, 24, 15 ], [ -5, 1, 7, 13, 15, 18 ] ],
  ListInequalities := [ [ 0, 0, 0, 0, 1, 0, 0, 0, -1, 1, 0, 0, 0, 0, 0, 0, 0, 0, -1, 0, 0 ], 
      [ 0, 0, 0, 0, 0, 1, 0, 0, -1, 0, 1, 0, 0, 0, 0, 0, 0, 0, 0, -1, 0 ], 
      [ 0, 0, 0, 0, 0, 0, 0, 0, -1, 0, 0, 0, 0, 0, 0, 0, 0, 0, 0, 0, 0 ], 
      [ 0, 1, 1, 0, 0, 0, -1, 1, -1, 0, 0, -2, 1, 0, 0, -1, 0, 0, 0, 0, 0 ], 
      [ 0, 0, 0, 0, 0, 0, 0, 0, 1, -1, 0, 0, 0, 0, 0, 0, 0, 0, 0, 1, -1 ], 
      [ 0, 0, 0, 0, 0, 0, 0, 0, 0, 1, -1, 0, 0, 0, 0, 0, 0, 0, 0, 0, 0 ], 
      [ 0, 0, 0, 0, 0, 0, 0, 1, -1, 0, 1, 0, 0, 0, 0, 0, 0, 0, 0, 0, 0 ], 
      [ 0, 0, 0, 0, 0, 0, 1, -1, 0, 0, 1, 0, 0, 0, 0, 0, 0, 0, 0, 0, 0 ], 
      [ 0, 0, 0, 0, 0, 0, 0, 0, 0, 0, 1, 0, 0, 0, 0, 0, 0, -1, 0, 1, 0 ], 
      [ 0, 1, 0, 0, 0, 0, -1, 1, 0, 0, 0, -1, -1, 1, 0, 1, -1, 0, 0, 0, 0 ], 
      [ 0, 1, 0, 0, 0, 0, -1, 1, 0, 0, 0, -1, 0, -1, 1, 0, 1, -1, 0, 0, 0 ], 
      [ 0, 1, 0, 0, 0, 0, -1, 1, 0, 0, 0, -1, 0, 0, -1, 0, 0, 1, 0, 0, 0 ], 
      [ 0, 0, 0, 0, 0, 0, 0, 0, 0, 0, 1, 0, 0, 0, -1, 0, 0, 1, 0, 0, 0 ], 
      [ 1, 1, 0, 0, 0, 0, -2, 1, 0, 0, 0, -1, 0, 0, 0, 0, 0, 0, 0, 0, 0 ], 
      [ 0, 0, 0, 1, 0, 0, 0, 0, -1, 1, 0, 0, 1, -1, 0, -1, 1, 0, -1, 0, 0 ], 
      [ 0, 0, 0, 1, 0, 0, 0, -1, 1, 0, 0, 1, -1, 0, 0, -1, 1, 0, -1, 0, 0 ], 
      [ 0, -1, 0, 0, 0, 0, 1, -1, 0, 0, 0, 1, 0, 0, 0, 0, 0, 0, 0, 0, 0 ], 
      [ 0, 0, 0, 1, 1, 0, 0, 0, 0, 0, 0, 0, 0, 0, 0, -1, 1, 0, -2, 1, -1 ], 
      [ 0, 0, 0, 1, 0, 0, 0, 0, 0, 0, 0, 0, 0, 0, 0, -1, 0, 1, 0, -1, 0 ], 
      [ 0, 0, 0, 1, 0, 0, 0, 0, 0, 0, 0, 0, 0, 0, 0, -1, 1, 0, -1, -1, 1 ], 
      [ 0, 0, 0, -1, 0, 0, 0, 0, 0, 0, 0, 0, 0, 0, 0, 1, -1, 0, 1, 0, 0 ] ],
  ListInformations := 
   [ [ [ 1, [ 67, 125 ] ], [ 1, [ 67, 125 ] ], [ 126, [ 2, 60 ] ], [ 126, [ 2, 60 ] ], [ 126, [ 2, 60 ] ], 
          [ 1, [ 67, 125 ] ] ], [ [ 1, [ 69, 124 ] ], [ 1, [ 69, 124 ] ], [ 126, [ 3, 58 ] ], [ 126, [ 3, 58 ] ],
          [ 126, [ 3, 58 ] ], [ 1, [ 69, 124 ] ] ], 
      [ [ 1, [ 70, 123 ] ], [ 1, [ 70, 123 ] ], [ 126, [ 4, 57 ] ], [ 126, [ 4, 57 ] ], [ 126, [ 4, 57 ] ], 
          [ 1, [ 70, 123 ] ] ], 
      [ [ 1, [ 86, 111 ] ], [ 1, [ 86, 111 ] ], [ 126, [ 16, 41 ] ], [ 126, [ 16, 41 ] ], [ 126, [ 16, 41 ] ], 
          [ 1, [ 86, 111 ] ] ], [ [ 121, [ 3, 67 ] ], [ 121, [ 3, 67 ] ], [ 6, [ 60, 124 ] ], [ 6, [ 60, 124 ] ],
          [ 6, [ 60, 124 ] ], [ 121, [ 3, 67 ] ] ], 
      [ [ 122, [ 4, 65 ] ], [ 122, [ 4, 65 ] ], [ 5, [ 62, 123 ] ], [ 5, [ 62, 123 ] ], [ 5, [ 62, 123 ] ], 
          [ 122, [ 4, 65 ] ] ], 
      [ [ 117, [ 4, 73 ] ], [ 117, [ 4, 73 ] ], [ 10, [ 54, 123 ] ], [ 10, [ 54, 123 ] ], [ 10, [ 54, 123 ] ], 
          [ 117, [ 4, 73 ] ] ], 
      [ [ 110, [ 4, 80 ] ], [ 110, [ 4, 80 ] ], [ 17, [ 47, 123 ] ], [ 17, [ 47, 123 ] ], [ 17, [ 47, 123 ] ], 
          [ 110, [ 4, 80 ] ] ], 
      [ [ 117, [ 9, 64 ] ], [ 117, [ 9, 64 ] ], [ 10, [ 63, 118 ] ], [ 10, [ 63, 118 ] ], [ 10, [ 63, 118 ] ], 
          [ 117, [ 9, 64 ] ] ], [ [ 12, [ 79, 100 ] ], [ 12, [ 79, 100 ] ], [ 115, [ 27, 48 ] ], 
          [ 115, [ 27, 48 ] ], [ 115, [ 27, 48 ] ], [ 12, [ 79, 100 ] ] ], 
      [ [ 14, [ 79, 98 ] ], [ 14, [ 79, 98 ] ], [ 113, [ 29, 48 ] ], [ 113, [ 29, 48 ] ], [ 113, [ 29, 48 ] ], 
          [ 14, [ 79, 98 ] ] ], 
      [ [ 15, [ 79, 97 ] ], [ 15, [ 79, 97 ] ], [ 112, [ 30, 48 ] ], [ 112, [ 30, 48 ] ], [ 112, [ 30, 48 ] ], 
          [ 15, [ 79, 97 ] ] ], [ [ 110, [ 16, 64 ] ], [ 110, [ 16, 64 ] ], [ 17, [ 63, 111 ] ], 
          [ 17, [ 63, 111 ] ], [ 17, [ 63, 111 ] ], [ 110, [ 16, 64 ] ] ], 
      [ [ 78, [ 96, 16 ] ], [ 78, [ 96, 16 ] ], [ 49, [ 111, 31 ] ], [ 49, [ 111, 31 ] ], [ 49, [ 111, 31 ] ], 
          [ 78, [ 96, 16 ] ] ], [ [ 19, [ 67, 104 ] ], [ 19, [ 67, 104 ] ], [ 108, [ 23, 60 ] ], 
          [ 108, [ 23, 60 ] ], [ 108, [ 23, 60 ] ], [ 19, [ 67, 104 ] ] ], 
      [ [ 19, [ 72, 100 ] ], [ 19, [ 72, 100 ] ], [ 108, [ 27, 55 ] ], [ 108, [ 27, 55 ] ], [ 108, [ 27, 55 ] ], 
          [ 19, [ 72, 100 ] ] ], 
      [ [ 95, [ 31, 79 ] ], [ 95, [ 31, 79 ] ], [ 32, [ 48, 96 ] ], [ 32, [ 48, 96 ] ], [ 32, [ 48, 96 ] ], 
          [ 95, [ 31, 79 ] ] ], [ [ 50, [ 67, 74 ] ], [ 50, [ 67, 74 ] ], [ 77, [ 53, 60 ] ], [ 77, [ 53, 60 ] ],
          [ 77, [ 53, 60 ] ], [ 50, [ 67, 74 ] ] ], 
      [ [ 50, [ 69, 72 ] ], [ 50, [ 69, 72 ] ], [ 77, [ 55, 58 ] ], [ 77, [ 55, 58 ] ], [ 77, [ 55, 58 ] ], 
          [ 50, [ 69, 72 ] ] ], [ [ 51, [ 67, 73 ] ], [ 51, [ 67, 73 ] ], [ 76, [ 54, 60 ] ], [ 76, [ 54, 60 ] ],
          [ 76, [ 54, 60 ] ], [ 51, [ 67, 73 ] ] ], 
      [ [ 71, [ 55, 67 ] ], [ 71, [ 55, 67 ] ], [ 56, [ 60, 72 ] ], [ 56, [ 60, 72 ] ], [ 56, [ 60, 72 ] ], 
          [ 71, [ 55, 67 ] ] ] ],
  Status := "NO",
  TheCtype := [ [ -1, 0, 0, -1, 0, 0 ], [ -1, 0, 0, 0, -1, 0 ], [ -1, 0, 0, 0, 0, -1 ], [ -1, 0, 0, 0, 0, 0 ], 
      [ -1, 0, 0, 0, 1, -1 ], [ -1, 0, 0, 1, -1, -1 ], [ -1, 0, 0, 1, -1, 0 ], [ -1, 0, 0, 1, 0, -1 ], 
      [ -1, 0, 1, -1, 0, 0 ], [ -1, 0, 1, -1, 0, 1 ], [ -1, 0, 1, -1, 1, -1 ], [ -1, 0, 1, -1, 1, 0 ], 
      [ -1, 0, 1, 0, -1, 0 ], [ -1, 0, 1, 0, -1, 1 ], [ -1, 0, 1, 0, 0, -1 ], [ -1, 1, -1, 0, 0, 0 ], 
      [ -1, 1, -1, 0, 0, 1 ], [ -1, 1, -1, 0, 1, -1 ], [ -1, 1, -1, 0, 1, 0 ], [ -1, 1, -1, 1, -1, 0 ], 
      [ -1, 1, -1, 1, -1, 1 ], [ -1, 1, -1, 1, 0, -1 ], [ -1, 1, -1, 1, 0, 0 ], [ -1, 1, 0, -1, 0, 0 ], 
      [ -1, 1, 0, -1, 0, 1 ], [ -1, 1, 0, -1, 1, -1 ], [ -1, 1, 0, -1, 1, 0 ], [ -1, 1, 0, 0, -1, 0 ], 
      [ -1, 1, 0, 0, -1, 1 ], [ -1, 1, 0, 0, 0, -1 ], [ -1, 1, 0, 0, 0, 0 ], [ -1, 2, -1, 0, 0, 0 ], 
      [ 0, -1, 0, 0, 0, 0 ], [ 0, -1, 0, 0, 0, 1 ], [ 0, -1, 0, 0, 1, -1 ], [ 0, -1, 0, 0, 1, 0 ], 
      [ 0, -1, 0, 1, -1, 0 ], [ 0, -1, 0, 1, -1, 1 ], [ 0, -1, 0, 1, 0, -1 ], [ 0, -1, 0, 1, 0, 0 ], 
      [ 0, -1, 1, -1, 0, 0 ], [ 0, -1, 1, -1, 0, 1 ], [ 0, -1, 1, -1, 1, -1 ], [ 0, -1, 1, -1, 1, 0 ], 
      [ 0, -1, 1, 0, -1, 0 ], [ 0, -1, 1, 0, -1, 1 ], [ 0, -1, 1, 0, 0, -1 ], [ 0, -1, 1, 0, 0, 0 ], 
      [ 0, 0, -1, 0, 0, 0 ], [ 0, 0, -1, 0, 0, 1 ], [ 0, 0, -1, 0, 1, -1 ], [ 0, 0, -1, 1, -1, 0 ], 
      [ 0, 0, -1, 1, -1, 1 ], [ 0, 0, -1, 1, 0, -1 ], [ 0, 0, -1, 1, 0, 0 ], [ 0, 0, -1, 2, -1, 0 ], 
      [ 0, 0, 0, -1, 0, 0 ], [ 0, 0, 0, -1, 0, 1 ], [ 0, 0, 0, -1, 1, -1 ], [ 0, 0, 0, -1, 1, 0 ], 
      [ 0, 0, 0, 0, -1, 0 ], [ 0, 0, 0, 0, -1, 1 ], [ 0, 0, 0, 0, 0, -1 ], [ 0, 0, 0, 0, 0, 1 ], 
      [ 0, 0, 0, 0, 1, -1 ], [ 0, 0, 0, 0, 1, 0 ], [ 0, 0, 0, 1, -1, 0 ], [ 0, 0, 0, 1, -1, 1 ], 
      [ 0, 0, 0, 1, 0, -1 ], [ 0, 0, 0, 1, 0, 0 ], [ 0, 0, 1, -2, 1, 0 ], [ 0, 0, 1, -1, 0, 0 ], 
      [ 0, 0, 1, -1, 0, 1 ], [ 0, 0, 1, -1, 1, -1 ], [ 0, 0, 1, -1, 1, 0 ], [ 0, 0, 1, 0, -1, 1 ], 
      [ 0, 0, 1, 0, 0, -1 ], [ 0, 0, 1, 0, 0, 0 ], [ 0, 1, -1, 0, 0, 0 ], [ 0, 1, -1, 0, 0, 1 ], 
      [ 0, 1, -1, 0, 1, -1 ], [ 0, 1, -1, 0, 1, 0 ], [ 0, 1, -1, 1, -1, 0 ], [ 0, 1, -1, 1, -1, 1 ], 
      [ 0, 1, -1, 1, 0, -1 ], [ 0, 1, -1, 1, 0, 0 ], [ 0, 1, 0, -1, 0, 0 ], [ 0, 1, 0, -1, 0, 1 ], 
      [ 0, 1, 0, -1, 1, -1 ], [ 0, 1, 0, -1, 1, 0 ], [ 0, 1, 0, 0, -1, 0 ], [ 0, 1, 0, 0, -1, 1 ], 
      [ 0, 1, 0, 0, 0, -1 ], [ 0, 1, 0, 0, 0, 0 ], [ 1, -2, 1, 0, 0, 0 ], [ 1, -1, 0, 0, 0, 0 ], 
      [ 1, -1, 0, 0, 0, 1 ], [ 1, -1, 0, 0, 1, -1 ], [ 1, -1, 0, 0, 1, 0 ], [ 1, -1, 0, 1, -1, 0 ], 
      [ 1, -1, 0, 1, -1, 1 ], [ 1, -1, 0, 1, 0, -1 ], [ 1, -1, 0, 1, 0, 0 ], [ 1, -1, 1, -1, 0, 0 ], 
      [ 1, -1, 1, -1, 0, 1 ], [ 1, -1, 1, -1, 1, -1 ], [ 1, -1, 1, -1, 1, 0 ], [ 1, -1, 1, 0, -1, 0 ], 
      [ 1, -1, 1, 0, -1, 1 ], [ 1, -1, 1, 0, 0, -1 ], [ 1, -1, 1, 0, 0, 0 ], [ 1, 0, -1, 0, 0, 1 ], 
      [ 1, 0, -1, 0, 1, -1 ], [ 1, 0, -1, 0, 1, 0 ], [ 1, 0, -1, 1, -1, 0 ], [ 1, 0, -1, 1, -1, 1 ], 
      [ 1, 0, -1, 1, 0, -1 ], [ 1, 0, -1, 1, 0, 0 ], [ 1, 0, 0, -1, 0, 1 ], [ 1, 0, 0, -1, 1, 0 ], 
      [ 1, 0, 0, -1, 1, 1 ], [ 1, 0, 0, 0, -1, 1 ], [ 1, 0, 0, 0, 0, 0 ], [ 1, 0, 0, 0, 0, 1 ], 
      [ 1, 0, 0, 0, 1, 0 ], [ 1, 0, 0, 1, 0, 0 ] ],
  eInvariant := rec(
      nbFac := 30,
      nbIneq := 915 ) );
