return rec(
  CharMat := [ [ 17, 11, 6, 1, -5, -4 ], [ 11, 19, 13, 7, 3, 1 ], [ 6, 13, 23, 16, 10, 6 ], 
      [ 1, 7, 16, 25, 17, 11 ], [ -5, 3, 10, 17, 23, 14 ], [ -4, 1, 6, 11, 14, 16 ] ],
  ListInequalities := [ [ 0, 0, 0, 0, 0, 0, 0, 0, 0, -1, 1, 0, 0, 0, 0, 0, 0, 0, 0, 0, 0 ], 
      [ 0, 0, 0, 0, 0, 0, 0, 0, 1, 0, 0, 0, 0, 0, 0, 0, 0, 0, 0, 0, 0 ], 
      [ 0, 0, 0, 0, 0, 0, 0, 1, -1, 0, 1, 0, 0, 0, 0, 0, 0, 0, 0, 0, 0 ], 
      [ 1, 0, 0, 0, 0, 0, -1, 0, 0, 1, 0, 0, 0, 0, 0, 0, 0, 0, 0, 0, 0 ], 
      [ 0, 0, 0, 0, 0, 0, 0, 0, 0, 0, -1, 0, 0, 0, 0, 0, 0, 0, 0, 1, -1 ], 
      [ 0, 0, 0, 0, 1, 0, 0, 0, 0, 1, 0, 0, 0, 0, 0, 0, 0, 0, -1, 0, 0 ], 
      [ 0, 0, 0, 0, 0, 1, 0, 0, 0, 0, 1, 0, 0, 0, 0, 0, 0, 0, 0, -1, 0 ], 
      [ 0, 0, 0, 0, 0, 0, 0, 0, 0, 0, 1, 0, 0, 0, 0, 0, 0, -1, 0, 1, 0 ], 
      [ 0, 0, 0, 0, 0, 0, 0, 0, 0, 1, -1, 0, 0, 0, 0, 0, -1, 1, 1, -1, 0 ], 
      [ 0, 0, 0, 0, 0, 0, 1, 0, 0, 0, 0, -1, 0, 1, 0, 0, 0, 0, 0, 0, 0 ], 
      [ 0, 1, 0, 0, 0, 0, -1, 1, 0, 0, 0, -1, 0, 0, 0, 0, 0, 0, 0, 0, 0 ], 
      [ 0, 0, 0, 0, 1, 0, 0, 0, -1, 1, 0, 0, 1, -1, 0, 0, 0, 0, -1, 1, -1 ], 
      [ 0, 0, 0, 0, 0, 0, 0, 0, -1, 0, 1, 0, 1, 0, -1, 0, 0, 0, 0, 0, 0 ], 
      [ 0, 0, 0, 0, 0, 0, 0, 0, -1, 1, 0, 0, 1, -1, 0, 0, 0, 0, 0, -1, 1 ], 
      [ 0, 0, 0, 0, 0, 0, 0, 1, 0, -1, 0, -1, 0, 1, 0, 0, 0, 0, 0, 0, 0 ], 
      [ 0, 0, 0, 1, 0, 0, 0, 1, -1, 0, 0, -1, 1, 0, 0, -1, 1, 0, -1, 0, 0 ], 
      [ 0, 0, 0, 0, 0, 0, 0, 0, 0, 0, 0, 0, 0, 0, 1, 0, 0, 0, 0, 0, 0 ], 
      [ 0, 0, 0, 0, 0, 0, 0, 0, 0, 0, 0, 0, 0, 1, -1, 0, 0, 0, 0, 0, 0 ], 
      [ 0, 0, 1, 0, 0, 0, 0, 0, 0, 0, 0, -1, 1, 0, 0, -1, 0, 0, 0, 0, 0 ] ],
  ListInformations := 
   [ [ [ 2, [ 65, 123 ] ], [ 2, [ 65, 123 ] ], [ 125, [ 4, 62 ] ], [ 125, [ 4, 62 ] ], [ 125, [ 4, 62 ] ], 
          [ 2, [ 65, 123 ] ] ], 
      [ [ 119, [ 4, 70 ] ], [ 119, [ 4, 70 ] ], [ 8, [ 57, 123 ] ], [ 8, [ 57, 123 ] ], [ 8, [ 57, 123 ] ], 
          [ 119, [ 4, 70 ] ] ], 
      [ [ 117, [ 4, 72 ] ], [ 117, [ 4, 72 ] ], [ 10, [ 55, 123 ] ], [ 10, [ 55, 123 ] ], [ 10, [ 55, 123 ] ], 
          [ 117, [ 4, 72 ] ] ], 
      [ [ 91, [ 101, 4 ] ], [ 91, [ 101, 4 ] ], [ 36, [ 123, 26 ] ], [ 36, [ 123, 26 ] ], [ 36, [ 123, 26 ] ], 
          [ 91, [ 101, 4 ] ] ], 
      [ [ 5, [ 64, 121 ] ], [ 5, [ 64, 121 ] ], [ 122, [ 6, 63 ] ], [ 122, [ 6, 63 ] ], [ 122, [ 6, 63 ] ], 
          [ 5, [ 64, 121 ] ] ], 
      [ [ 119, [ 6, 66 ] ], [ 119, [ 6, 66 ] ], [ 8, [ 61, 121 ] ], [ 8, [ 61, 121 ] ], [ 8, [ 61, 121 ] ], 
          [ 119, [ 6, 66 ] ] ], 
      [ [ 119, [ 7, 64 ] ], [ 119, [ 7, 64 ] ], [ 8, [ 63, 120 ] ], [ 8, [ 63, 120 ] ], [ 8, [ 63, 120 ] ], 
          [ 119, [ 7, 64 ] ] ], 
      [ [ 117, [ 9, 64 ] ], [ 117, [ 9, 64 ] ], [ 10, [ 63, 118 ] ], [ 10, [ 63, 118 ] ], [ 10, [ 63, 118 ] ], 
          [ 117, [ 9, 64 ] ] ], 
      [ [ 116, [ 9, 65 ] ], [ 116, [ 9, 65 ] ], [ 11, [ 62, 118 ] ], [ 11, [ 62, 118 ] ], [ 11, [ 62, 118 ] ], 
          [ 116, [ 9, 65 ] ] ], 
      [ [ 96, [ 12, 94 ] ], [ 96, [ 12, 94 ] ], [ 31, [ 33, 115 ] ], [ 31, [ 33, 115 ] ], [ 31, [ 33, 115 ] ], 
          [ 96, [ 12, 94 ] ] ], 
      [ [ 15, [ 79, 98 ] ], [ 15, [ 79, 98 ] ], [ 112, [ 29, 48 ] ], [ 112, [ 29, 48 ] ], [ 112, [ 29, 48 ] ], 
          [ 15, [ 79, 98 ] ] ], [ [ 24, [ 67, 100 ] ], [ 24, [ 67, 100 ] ], [ 103, [ 27, 60 ] ], 
          [ 103, [ 27, 60 ] ], [ 103, [ 27, 60 ] ], [ 24, [ 67, 100 ] ] ], 
      [ [ 24, [ 69, 98 ] ], [ 24, [ 69, 98 ] ], [ 103, [ 29, 58 ] ], [ 103, [ 29, 58 ] ], [ 103, [ 29, 58 ] ], 
          [ 24, [ 69, 98 ] ] ], 
      [ [ 25, [ 67, 99 ] ], [ 25, [ 67, 99 ] ], [ 102, [ 28, 60 ] ], [ 102, [ 28, 60 ] ], [ 102, [ 28, 60 ] ], 
          [ 25, [ 67, 99 ] ] ], 
      [ [ 96, [ 29, 75 ] ], [ 96, [ 29, 75 ] ], [ 31, [ 52, 98 ] ], [ 31, [ 52, 98 ] ], [ 31, [ 52, 98 ] ], 
          [ 96, [ 29, 75 ] ] ], 
      [ [ 96, [ 30, 71 ] ], [ 96, [ 30, 71 ] ], [ 31, [ 56, 97 ] ], [ 31, [ 56, 97 ] ], [ 31, [ 56, 97 ] ], 
          [ 96, [ 30, 71 ] ] ], 
      [ [ 93, [ 33, 64 ] ], [ 93, [ 33, 64 ] ], [ 34, [ 63, 94 ] ], [ 34, [ 63, 94 ] ], [ 34, [ 63, 94 ] ], 
          [ 93, [ 33, 64 ] ] ], 
      [ [ 92, [ 33, 65 ] ], [ 92, [ 33, 65 ] ], [ 35, [ 62, 94 ] ], [ 35, [ 62, 94 ] ], [ 35, [ 62, 94 ] ], 
          [ 92, [ 33, 65 ] ] ], 
      [ [ 40, [ 71, 79 ] ], [ 40, [ 71, 79 ] ], [ 87, [ 48, 56 ] ], [ 87, [ 48, 56 ] ], [ 87, [ 48, 56 ] ], 
          [ 40, [ 71, 79 ] ] ] ],
  Status := "NO",
  TheCtype := [ [ -1, 0, 0, 0, -1, 0 ], [ -1, 0, 0, 0, -1, 1 ], [ -1, 0, 0, 0, 0, -1 ], [ -1, 0, 0, 0, 0, 0 ], 
      [ -1, 0, 0, 1, -1, -1 ], [ -1, 0, 0, 1, -1, 0 ], [ -1, 0, 0, 1, 0, -1 ], [ -1, 0, 0, 1, 0, 0 ], 
      [ -1, 0, 1, -1, 0, 0 ], [ -1, 0, 1, -1, 0, 1 ], [ -1, 0, 1, -1, 1, -1 ], [ -1, 0, 1, 0, -1, 0 ], 
      [ -1, 0, 1, 0, -1, 1 ], [ -1, 0, 1, 0, 0, -1 ], [ -1, 0, 1, 0, 0, 0 ], [ -1, 1, -1, 0, 0, 0 ], 
      [ -1, 1, -1, 0, 0, 1 ], [ -1, 1, -1, 0, 1, -1 ], [ -1, 1, -1, 1, -1, 0 ], [ -1, 1, -1, 1, -1, 1 ], 
      [ -1, 1, -1, 1, 0, -1 ], [ -1, 1, -1, 1, 0, 0 ], [ -1, 1, 0, -1, 0, 0 ], [ -1, 1, 0, -1, 0, 1 ], 
      [ -1, 1, 0, -1, 1, -1 ], [ -1, 1, 0, 0, -1, 0 ], [ -1, 1, 0, 0, -1, 1 ], [ -1, 1, 0, 0, 0, -1 ], 
      [ -1, 1, 0, 0, 0, 0 ], [ -1, 1, 0, 1, -1, 0 ], [ -1, 1, 1, 0, -1, 0 ], [ -1, 2, -1, 1, -1, 0 ], 
      [ 0, -1, 0, 0, 0, 0 ], [ 0, -1, 0, 0, 0, 1 ], [ 0, -1, 0, 0, 1, -1 ], [ 0, -1, 0, 0, 1, 0 ], 
      [ 0, -1, 0, 1, -1, 0 ], [ 0, -1, 0, 1, -1, 1 ], [ 0, -1, 0, 1, 0, -1 ], [ 0, -1, 0, 1, 0, 0 ], 
      [ 0, -1, 1, -1, 0, 0 ], [ 0, -1, 1, -1, 0, 1 ], [ 0, -1, 1, -1, 1, -1 ], [ 0, -1, 1, -1, 1, 0 ], 
      [ 0, -1, 1, 0, -1, 0 ], [ 0, -1, 1, 0, -1, 1 ], [ 0, -1, 1, 0, 0, -1 ], [ 0, -1, 1, 0, 0, 0 ], 
      [ 0, 0, -1, 0, 0, 0 ], [ 0, 0, -1, 0, 0, 1 ], [ 0, 0, -1, 0, 1, -1 ], [ 0, 0, -1, 0, 1, 0 ], 
      [ 0, 0, -1, 1, -1, 0 ], [ 0, 0, -1, 1, -1, 1 ], [ 0, 0, -1, 1, 0, -1 ], [ 0, 0, -1, 1, 0, 0 ], 
      [ 0, 0, 0, -1, 0, 0 ], [ 0, 0, 0, -1, 0, 1 ], [ 0, 0, 0, -1, 1, -1 ], [ 0, 0, 0, -1, 1, 0 ], 
      [ 0, 0, 0, 0, -1, 0 ], [ 0, 0, 0, 0, -1, 1 ], [ 0, 0, 0, 0, 0, -1 ], [ 0, 0, 0, 0, 0, 1 ], 
      [ 0, 0, 0, 0, 1, -1 ], [ 0, 0, 0, 0, 1, 0 ], [ 0, 0, 0, 1, -1, 0 ], [ 0, 0, 0, 1, -1, 1 ], 
      [ 0, 0, 0, 1, 0, -1 ], [ 0, 0, 0, 1, 0, 0 ], [ 0, 0, 1, -1, 0, 0 ], [ 0, 0, 1, -1, 0, 1 ], 
      [ 0, 0, 1, -1, 1, -1 ], [ 0, 0, 1, -1, 1, 0 ], [ 0, 0, 1, 0, -1, 0 ], [ 0, 0, 1, 0, -1, 1 ], 
      [ 0, 0, 1, 0, 0, -1 ], [ 0, 0, 1, 0, 0, 0 ], [ 0, 1, -1, 0, 0, 0 ], [ 0, 1, -1, 0, 0, 1 ], 
      [ 0, 1, -1, 0, 1, -1 ], [ 0, 1, -1, 0, 1, 0 ], [ 0, 1, -1, 1, -1, 0 ], [ 0, 1, -1, 1, -1, 1 ], 
      [ 0, 1, -1, 1, 0, -1 ], [ 0, 1, -1, 1, 0, 0 ], [ 0, 1, 0, -1, 0, 0 ], [ 0, 1, 0, -1, 0, 1 ], 
      [ 0, 1, 0, -1, 1, -1 ], [ 0, 1, 0, -1, 1, 0 ], [ 0, 1, 0, 0, -1, 0 ], [ 0, 1, 0, 0, -1, 1 ], 
      [ 0, 1, 0, 0, 0, -1 ], [ 0, 1, 0, 0, 0, 0 ], [ 1, -2, 1, -1, 1, 0 ], [ 1, -1, -1, 0, 1, 0 ], 
      [ 1, -1, 0, -1, 1, 0 ], [ 1, -1, 0, 0, 0, 0 ], [ 1, -1, 0, 0, 0, 1 ], [ 1, -1, 0, 0, 1, -1 ], 
      [ 1, -1, 0, 0, 1, 0 ], [ 1, -1, 0, 1, -1, 1 ], [ 1, -1, 0, 1, 0, -1 ], [ 1, -1, 0, 1, 0, 0 ], 
      [ 1, -1, 1, -1, 0, 0 ], [ 1, -1, 1, -1, 0, 1 ], [ 1, -1, 1, -1, 1, -1 ], [ 1, -1, 1, -1, 1, 0 ], 
      [ 1, -1, 1, 0, -1, 1 ], [ 1, -1, 1, 0, 0, -1 ], [ 1, -1, 1, 0, 0, 0 ], [ 1, 0, -1, 0, 0, 0 ], 
      [ 1, 0, -1, 0, 0, 1 ], [ 1, 0, -1, 0, 1, -1 ], [ 1, 0, -1, 0, 1, 0 ], [ 1, 0, -1, 1, -1, 1 ], 
      [ 1, 0, -1, 1, 0, -1 ], [ 1, 0, -1, 1, 0, 0 ], [ 1, 0, 0, -1, 0, 0 ], [ 1, 0, 0, -1, 0, 1 ], 
      [ 1, 0, 0, -1, 1, 0 ], [ 1, 0, 0, -1, 1, 1 ], [ 1, 0, 0, 0, 0, 0 ], [ 1, 0, 0, 0, 0, 1 ], 
      [ 1, 0, 0, 0, 1, -1 ], [ 1, 0, 0, 0, 1, 0 ] ],
  eInvariant := rec(
      nbFac := 26,
      nbIneq := 927 ) );
