return rec(
  CharMat := [ [ 15, 9, 4, -1, -3, -4 ], [ 9, 27, 17, 7, 9, 3 ], [ 4, 17, 29, 18, 15, 8 ], 
      [ -1, 7, 18, 29, 21, 13 ], [ -3, 9, 15, 21, 29, 16 ], [ -4, 3, 8, 13, 16, 18 ] ],
  ListInequalities := [ [ 0, 0, 0, 0, 0, 0, 0, 0, -1, 0, 0, 0, 0, 0, 0, 0, 0, 0, 0, 0, 0 ], 
      [ 0, 0, 0, 0, 0, 0, 0, 0, -1, 1, 0, 0, 0, 0, 0, 0, 0, 0, 0, -1, 1 ], 
      [ 0, 0, 0, 0, 0, 1, 0, 0, 0, -1, 1, 0, 0, 0, 0, 0, 0, 0, 0, 0, -1 ], 
      [ 0, 0, 0, 0, 0, 0, 0, 0, 0, 1, -1, 0, 0, 0, 0, 0, 0, 0, 0, 0, 0 ], 
      [ 0, 0, 0, 0, 0, 0, 0, 1, -1, 0, 1, 0, 0, 0, 0, 0, 0, 0, 0, 0, 0 ], 
      [ 1, 0, 0, 0, 0, 0, -1, 0, -1, 1, 1, 0, 1, -1, 0, 0, 0, 0, 0, -1, 1 ], 
      [ 0, 0, 0, 0, 0, 0, 0, 0, 0, 0, 1, 0, 0, 0, 0, 0, 0, -1, 0, 1, 0 ], 
      [ 0, 0, 0, 0, 0, 0, 0, 0, -1, 1, 0, 0, 0, 0, 0, 1, -1, 0, 0, 0, 0 ], 
      [ 0, 1, 0, 0, 0, 0, -1, 1, -1, 1, 0, -1, 1, -1, 0, 0, 0, 0, 0, 0, 0 ], 
      [ 0, 0, 0, 0, 1, 0, 0, 0, -1, 1, 0, 0, 1, -1, 0, 0, 0, 0, -1, 1, -1 ], 
      [ 0, 0, 0, 0, 0, 0, 0, 0, -1, 0, 1, 0, 1, 0, -1, 0, 0, 0, 0, 0, 0 ], 
      [ 0, 0, 0, 0, 0, 0, 0, 0, 1, -1, 0, 0, -1, 1, 0, 0, 0, 0, 0, 1, -1 ], 
      [ 0, 0, 0, 0, 0, 0, 0, 0, 0, 0, 0, 0, 1, -1, 1, 0, 0, 0, 0, 0, 0 ], 
      [ 0, 0, 0, 0, 0, 0, 0, 0, 0, 0, 0, 0, 1, -1, 0, 0, 0, 0, 0, -1, 1 ], 
      [ 0, 0, 1, 0, 0, 0, 0, 0, 0, 0, 0, -1, 1, 0, 0, -1, 0, 0, 0, 0, 0 ], 
      [ 0, 0, 0, 0, 0, 0, 0, 0, 0, 0, 0, 0, 0, -1, 1, 0, 1, -1, 0, 0, 0 ] ],
  ListInformations := 
   [ [ [ 1, [ 70, 122 ] ], [ 1, [ 70, 122 ] ], [ 126, [ 5, 57 ] ], [ 126, [ 5, 57 ] ], [ 126, [ 5, 57 ] ], 
          [ 1, [ 70, 122 ] ] ], [ [ 2, [ 67, 123 ] ], [ 2, [ 67, 123 ] ], [ 125, [ 4, 60 ] ], [ 125, [ 4, 60 ] ],
          [ 125, [ 4, 60 ] ], [ 2, [ 67, 123 ] ] ], 
      [ [ 3, [ 65, 123 ] ], [ 3, [ 65, 123 ] ], [ 124, [ 4, 62 ] ], [ 124, [ 4, 62 ] ], [ 124, [ 4, 62 ] ], 
          [ 3, [ 65, 123 ] ] ], [ [ 121, [ 5, 65 ] ], [ 121, [ 5, 65 ] ], [ 6, [ 62, 122 ] ], [ 6, [ 62, 122 ] ],
          [ 6, [ 62, 122 ] ], [ 121, [ 5, 65 ] ] ], 
      [ [ 117, [ 5, 72 ] ], [ 117, [ 5, 72 ] ], [ 10, [ 55, 122 ] ], [ 10, [ 55, 122 ] ], [ 10, [ 55, 122 ] ], 
          [ 117, [ 5, 72 ] ] ], [ [ 89, [ 98, 7 ] ], [ 89, [ 98, 7 ] ], [ 38, [ 120, 29 ] ], [ 38, [ 120, 29 ] ],
          [ 38, [ 120, 29 ] ], [ 89, [ 98, 7 ] ] ], 
      [ [ 117, [ 9, 64 ] ], [ 117, [ 9, 64 ] ], [ 10, [ 63, 118 ] ], [ 10, [ 63, 118 ] ], [ 10, [ 63, 118 ] ], 
          [ 117, [ 9, 64 ] ] ], [ [ 12, [ 67, 111 ] ], [ 12, [ 67, 111 ] ], [ 115, [ 16, 60 ] ], 
          [ 115, [ 16, 60 ] ], [ 115, [ 16, 60 ] ], [ 12, [ 67, 111 ] ] ], 
      [ [ 12, [ 83, 97 ] ], [ 12, [ 83, 97 ] ], [ 115, [ 30, 44 ] ], [ 115, [ 30, 44 ] ], [ 115, [ 30, 44 ] ], 
          [ 12, [ 83, 97 ] ] ], 
      [ [ 26, [ 67, 99 ] ], [ 26, [ 67, 99 ] ], [ 101, [ 28, 60 ] ], [ 101, [ 28, 60 ] ], [ 101, [ 28, 60 ] ], 
          [ 26, [ 67, 99 ] ] ], 
      [ [ 26, [ 69, 97 ] ], [ 26, [ 69, 97 ] ], [ 101, [ 30, 58 ] ], [ 101, [ 30, 58 ] ], [ 101, [ 30, 58 ] ], 
          [ 26, [ 69, 97 ] ] ], [ [ 96, [ 29, 67 ] ], [ 96, [ 29, 67 ] ], [ 31, [ 60, 98 ] ], [ 31, [ 60, 98 ] ],
          [ 31, [ 60, 98 ] ], [ 96, [ 29, 67 ] ] ], 
      [ [ 89, [ 34, 68 ] ], [ 89, [ 34, 68 ] ], [ 38, [ 59, 93 ] ], [ 38, [ 59, 93 ] ], [ 38, [ 59, 93 ] ], 
          [ 89, [ 34, 68 ] ] ], [ [ 89, [ 35, 67 ] ], [ 89, [ 35, 67 ] ], [ 38, [ 60, 92 ] ], [ 38, [ 60, 92 ] ],
          [ 38, [ 60, 92 ] ], [ 89, [ 35, 67 ] ] ], 
      [ [ 40, [ 71, 79 ] ], [ 40, [ 71, 79 ] ], [ 87, [ 48, 56 ] ], [ 87, [ 48, 56 ] ], [ 87, [ 48, 56 ] ], 
          [ 40, [ 71, 79 ] ] ], [ [ 46, [ 65, 79 ] ], [ 46, [ 65, 79 ] ], [ 81, [ 48, 62 ] ], [ 81, [ 48, 62 ] ],
          [ 81, [ 48, 62 ] ], [ 46, [ 65, 79 ] ] ] ],
  Status := "NO",
  TheCtype := [ [ -1, 0, 0, -1, 0, 0 ], [ -1, 0, 0, -1, 1, -1 ], [ -1, 0, 0, 0, -1, 0 ], [ -1, 0, 0, 0, 0, -1 ], 
      [ -1, 0, 0, 0, 0, 0 ], [ -1, 0, 0, 0, 1, -1 ], [ -1, 0, 0, 1, -1, 0 ], [ -1, 0, 0, 1, 0, -1 ], 
      [ -1, 0, 1, -1, 0, 0 ], [ -1, 0, 1, -1, 0, 1 ], [ -1, 0, 1, -1, 1, -1 ], [ -1, 0, 1, -1, 1, 0 ], 
      [ -1, 0, 1, 0, -1, 0 ], [ -1, 0, 1, 0, -1, 1 ], [ -1, 0, 1, 0, 0, -1 ], [ -1, 0, 1, 0, 0, 0 ], 
      [ -1, 1, -1, 0, 0, 0 ], [ -1, 1, -1, 0, 0, 1 ], [ -1, 1, -1, 0, 1, -1 ], [ -1, 1, -1, 0, 1, 0 ], 
      [ -1, 1, -1, 1, -1, 0 ], [ -1, 1, -1, 1, -1, 1 ], [ -1, 1, -1, 1, 0, -1 ], [ -1, 1, -1, 1, 0, 0 ], 
      [ -1, 1, 0, -1, 0, 0 ], [ -1, 1, 0, -1, 0, 1 ], [ -1, 1, 0, 0, -1, 0 ], [ -1, 1, 0, 0, -1, 1 ], 
      [ -1, 1, 0, 0, 0, -1 ], [ -1, 1, 0, 0, 0, 0 ], [ -1, 1, 0, 1, -1, -1 ], [ -1, 1, 0, 1, -1, 0 ], 
      [ 0, -1, 0, -1, 1, 0 ], [ 0, -1, 0, 0, 0, 0 ], [ 0, -1, 0, 0, 0, 1 ], [ 0, -1, 0, 0, 1, -1 ], 
      [ 0, -1, 0, 0, 1, 0 ], [ 0, -1, 0, 1, -1, 1 ], [ 0, -1, 0, 1, 0, -1 ], [ 0, -1, 0, 1, 0, 0 ], 
      [ 0, -1, 1, -1, 0, 0 ], [ 0, -1, 1, -1, 0, 1 ], [ 0, -1, 1, -1, 1, -1 ], [ 0, -1, 1, -1, 1, 0 ], 
      [ 0, -1, 1, 0, -1, 0 ], [ 0, -1, 1, 0, -1, 1 ], [ 0, -1, 1, 0, 0, -1 ], [ 0, -1, 1, 0, 0, 0 ], 
      [ 0, 0, -1, 0, 0, 0 ], [ 0, 0, -1, 0, 0, 1 ], [ 0, 0, -1, 0, 1, -1 ], [ 0, 0, -1, 0, 1, 0 ], 
      [ 0, 0, -1, 1, -1, 0 ], [ 0, 0, -1, 1, -1, 1 ], [ 0, 0, -1, 1, 0, -1 ], [ 0, 0, -1, 1, 0, 0 ], 
      [ 0, 0, 0, -1, 0, 0 ], [ 0, 0, 0, -1, 0, 1 ], [ 0, 0, 0, -1, 1, -1 ], [ 0, 0, 0, -1, 1, 0 ], 
      [ 0, 0, 0, 0, -1, 0 ], [ 0, 0, 0, 0, -1, 1 ], [ 0, 0, 0, 0, 0, -1 ], [ 0, 0, 0, 0, 0, 1 ], 
      [ 0, 0, 0, 0, 1, -1 ], [ 0, 0, 0, 0, 1, 0 ], [ 0, 0, 0, 1, -1, 0 ], [ 0, 0, 0, 1, -1, 1 ], 
      [ 0, 0, 0, 1, 0, -1 ], [ 0, 0, 0, 1, 0, 0 ], [ 0, 0, 1, -1, 0, 0 ], [ 0, 0, 1, -1, 0, 1 ], 
      [ 0, 0, 1, -1, 1, -1 ], [ 0, 0, 1, -1, 1, 0 ], [ 0, 0, 1, 0, -1, 0 ], [ 0, 0, 1, 0, -1, 1 ], 
      [ 0, 0, 1, 0, 0, -1 ], [ 0, 0, 1, 0, 0, 0 ], [ 0, 1, -1, 0, 0, 0 ], [ 0, 1, -1, 0, 0, 1 ], 
      [ 0, 1, -1, 0, 1, -1 ], [ 0, 1, -1, 0, 1, 0 ], [ 0, 1, -1, 1, -1, 0 ], [ 0, 1, -1, 1, -1, 1 ], 
      [ 0, 1, -1, 1, 0, -1 ], [ 0, 1, -1, 1, 0, 0 ], [ 0, 1, 0, -1, 0, 0 ], [ 0, 1, 0, -1, 0, 1 ], 
      [ 0, 1, 0, -1, 1, -1 ], [ 0, 1, 0, 0, -1, 0 ], [ 0, 1, 0, 0, -1, 1 ], [ 0, 1, 0, 0, 0, -1 ], 
      [ 0, 1, 0, 0, 0, 0 ], [ 0, 1, 0, 1, -1, 0 ], [ 1, -1, 0, -1, 1, 0 ], [ 1, -1, 0, -1, 1, 1 ], 
      [ 1, -1, 0, 0, 0, 0 ], [ 1, -1, 0, 0, 0, 1 ], [ 1, -1, 0, 0, 1, -1 ], [ 1, -1, 0, 0, 1, 0 ], 
      [ 1, -1, 0, 1, 0, -1 ], [ 1, -1, 0, 1, 0, 0 ], [ 1, -1, 1, -1, 0, 0 ], [ 1, -1, 1, -1, 0, 1 ], 
      [ 1, -1, 1, -1, 1, -1 ], [ 1, -1, 1, -1, 1, 0 ], [ 1, -1, 1, 0, -1, 0 ], [ 1, -1, 1, 0, -1, 1 ], 
      [ 1, -1, 1, 0, 0, -1 ], [ 1, -1, 1, 0, 0, 0 ], [ 1, 0, -1, 0, 0, 0 ], [ 1, 0, -1, 0, 0, 1 ], 
      [ 1, 0, -1, 0, 1, -1 ], [ 1, 0, -1, 0, 1, 0 ], [ 1, 0, -1, 1, -1, 0 ], [ 1, 0, -1, 1, -1, 1 ], 
      [ 1, 0, -1, 1, 0, -1 ], [ 1, 0, -1, 1, 0, 0 ], [ 1, 0, 0, -1, 0, 1 ], [ 1, 0, 0, -1, 1, 0 ], 
      [ 1, 0, 0, 0, -1, 1 ], [ 1, 0, 0, 0, 0, 0 ], [ 1, 0, 0, 0, 0, 1 ], [ 1, 0, 0, 0, 1, 0 ], 
      [ 1, 0, 0, 1, -1, 1 ], [ 1, 0, 0, 1, 0, 0 ] ],
  eInvariant := rec(
      nbFac := 21,
      nbIneq := 903 ) );
