return rec(
  CharMat := [ [ 13, 9, 5, 1, -1, -3 ], [ 9, 19, 17, 11, 6, 1 ], [ 5, 17, 28, 21, 13, 5 ], 
      [ 1, 11, 21, 29, 19, 9 ], [ -1, 6, 13, 19, 21, 12 ], [ -3, 1, 5, 9, 12, 15 ] ],
  ListInequalities := [ [ 0, 0, 0, 0, 0, 0, 0, 0, -1, 1, 0, 0, 0, 0, 0, 0, 0, 0, 0, -1, 1 ], 
      [ 0, 0, 0, 0, 0, 0, 0, 0, -1, 1, -1, 0, 0, 0, 0, 0, 0, 0, 0, 0, 0 ], 
      [ 0, 0, 0, 0, 0, 0, 0, 1, -1, 0, 1, 0, 0, 0, 0, 0, 0, 0, 0, 0, 0 ], 
      [ 0, 0, 0, 0, 0, 0, 1, -1, 0, 0, 1, 0, 0, 0, 0, 0, 0, 0, 0, 0, 0 ], 
      [ 1, 0, 0, 0, 0, 0, -1, 0, 0, 0, 1, 0, 0, 0, 0, 0, 0, 0, 0, 0, 0 ], 
      [ 0, 0, 0, 0, 1, 0, 0, 0, 1, -1, 0, 0, 0, 0, 0, 0, 0, 0, -1, 1, -1 ], 
      [ 0, 0, 0, 0, 0, 0, 0, 0, 0, 0, 1, 0, 0, 0, 0, 0, 0, -1, 0, 1, 0 ], 
      [ 0, 1, 0, 0, 0, 0, -1, 1, 0, 0, 0, -1, -1, 1, 0, 1, -1, 0, 0, 0, 0 ], 
      [ 0, 1, 0, 0, 0, 0, -1, 1, -1, 1, 0, -1, 1, -1, 0, 0, 0, 0, 0, 0, 0 ], 
      [ 0, 1, 0, 0, 0, 0, -1, 1, 0, 0, 0, -1, 0, 0, -1, 0, 0, 1, 0, 0, 0 ], 
      [ 0, 1, 0, 0, 0, 0, -1, 1, 0, 0, -1, -1, 0, 0, 1, 0, 0, 0, 0, 0, 0 ], 
      [ 0, 0, 0, 0, 0, 0, 0, 0, 0, 0, 1, 0, 0, 0, -1, 0, 0, 1, 0, 0, 0 ], 
      [ 1, 1, 0, 0, 0, 0, -2, 1, 0, 0, 0, -1, 0, 0, 0, 0, 0, 0, 0, 0, 0 ], 
      [ 0, -1, -1, 0, 0, 0, 1, -1, 1, 0, 0, 2, -1, 0, 0, 1, 0, 0, 0, 0, 0 ], 
      [ 0, -1, -1, 0, 1, 1, 1, -1, 1, -1, 1, 2, -1, 0, 0, 1, 0, 0, -1, 1, -2 ], 
      [ 0, -1, -1, 0, 0, 0, 1, -1, 0, 0, 0, 2, -1, 0, 0, 1, 0, 0, 0, 0, 0 ], 
      [ 0, 0, 0, 0, 1, 0, 0, 0, 0, -1, 1, 0, 0, 1, -1, 0, 0, 0, -1, 1, -1 ], 
      [ 0, 0, -1, 0, 0, 0, 0, -1, 1, 0, 0, 2, -2, 0, 0, 1, 0, 0, 0, 0, 0 ], 
      [ 0, 0, 0, 0, 0, 0, 0, 0, 0, 0, 0, 0, 0, 0, 1, 0, 0, 0, 0, 0, 0 ], 
      [ 0, 1, 0, 0, 0, 0, 0, 0, 0, 0, 0, -1, 0, 0, 0, 0, 0, 0, 0, 0, 0 ], 
      [ 0, 0, 1, 0, 0, 0, 0, 0, 0, 0, 0, -1, 1, 0, 0, -1, 0, 0, 0, 0, 0 ], 
      [ 0, 0, 0, 0, 1, 0, 0, 0, 0, 0, 0, 0, 0, -1, 1, 0, 1, -1, -1, 1, -1 ], 
      [ 0, 0, 0, 0, 1, 0, 0, 0, 0, 0, 0, 0, 0, 0, 0, 0, -1, 1, 0, 0, -1 ], 
      [ 0, 0, 0, 0, -1, 0, 0, 0, 0, 0, 0, 0, 0, 0, 0, 0, 0, 0, 1, -1, 1 ] ],
  ListInformations := 
   [ [ [ 1, [ 68, 124 ] ], [ 1, [ 68, 124 ] ], [ 126, [ 3, 59 ] ], [ 126, [ 3, 59 ] ], [ 126, [ 3, 59 ] ], 
          [ 1, [ 68, 124 ] ] ], [ [ 1, [ 69, 123 ] ], [ 1, [ 69, 123 ] ], [ 126, [ 4, 58 ] ], [ 126, [ 4, 58 ] ],
          [ 126, [ 4, 58 ] ], [ 1, [ 69, 123 ] ] ], 
      [ [ 118, [ 4, 72 ] ], [ 118, [ 4, 72 ] ], [ 9, [ 55, 123 ] ], [ 9, [ 55, 123 ] ], [ 9, [ 55, 123 ] ], 
          [ 118, [ 4, 72 ] ] ], 
      [ [ 111, [ 4, 80 ] ], [ 111, [ 4, 80 ] ], [ 16, [ 47, 123 ] ], [ 16, [ 47, 123 ] ], [ 16, [ 47, 123 ] ], 
          [ 111, [ 4, 80 ] ] ], [ [ 93, [ 98, 4 ] ], [ 93, [ 98, 4 ] ], [ 34, [ 123, 29 ] ], [ 34, [ 123, 29 ] ],
          [ 34, [ 123, 29 ] ], [ 93, [ 98, 4 ] ] ], 
      [ [ 120, [ 5, 68 ] ], [ 120, [ 5, 68 ] ], [ 7, [ 59, 122 ] ], [ 7, [ 59, 122 ] ], [ 7, [ 59, 122 ] ], 
          [ 120, [ 5, 68 ] ] ], [ [ 118, [ 8, 64 ] ], [ 118, [ 8, 64 ] ], [ 9, [ 63, 119 ] ], [ 9, [ 63, 119 ] ],
          [ 9, [ 63, 119 ] ], [ 118, [ 8, 64 ] ] ], 
      [ [ 11, [ 79, 101 ] ], [ 11, [ 79, 101 ] ], [ 116, [ 26, 48 ] ], [ 116, [ 26, 48 ] ], [ 116, [ 26, 48 ] ], 
          [ 11, [ 79, 101 ] ] ], 
      [ [ 11, [ 83, 97 ] ], [ 11, [ 83, 97 ] ], [ 116, [ 30, 44 ] ], [ 116, [ 30, 44 ] ], [ 116, [ 30, 44 ] ], 
          [ 11, [ 83, 97 ] ] ], 
      [ [ 14, [ 79, 98 ] ], [ 14, [ 79, 98 ] ], [ 113, [ 29, 48 ] ], [ 113, [ 29, 48 ] ], [ 113, [ 29, 48 ] ], 
          [ 14, [ 79, 98 ] ] ], 
      [ [ 14, [ 80, 97 ] ], [ 14, [ 80, 97 ] ], [ 113, [ 30, 47 ] ], [ 113, [ 30, 47 ] ], [ 113, [ 30, 47 ] ], 
          [ 14, [ 80, 97 ] ] ], [ [ 111, [ 15, 64 ] ], [ 111, [ 15, 64 ] ], [ 16, [ 63, 112 ] ], 
          [ 16, [ 63, 112 ] ], [ 16, [ 63, 112 ] ], [ 111, [ 15, 64 ] ] ], 
      [ [ 78, [ 97, 15 ] ], [ 78, [ 97, 15 ] ], [ 49, [ 112, 30 ] ], [ 49, [ 112, 30 ] ], [ 49, [ 112, 30 ] ], 
          [ 78, [ 97, 15 ] ] ], 
      [ [ 96, [ 15, 86 ] ], [ 96, [ 15, 86 ] ], [ 31, [ 41, 112 ] ], [ 31, [ 41, 112 ] ], [ 31, [ 41, 112 ] ], 
          [ 96, [ 15, 86 ] ] ], 
      [ [ 96, [ 17, 84 ] ], [ 96, [ 17, 84 ] ], [ 31, [ 43, 110 ] ], [ 31, [ 43, 110 ] ], [ 31, [ 43, 110 ] ], 
          [ 96, [ 17, 84 ] ] ], 
      [ [ 96, [ 22, 79 ] ], [ 96, [ 22, 79 ] ], [ 31, [ 48, 105 ] ], [ 31, [ 48, 105 ] ], [ 31, [ 48, 105 ] ], 
          [ 96, [ 22, 79 ] ] ], [ [ 24, [ 65, 101 ] ], [ 24, [ 65, 101 ] ], [ 103, [ 26, 62 ] ], 
          [ 103, [ 26, 62 ] ], [ 103, [ 26, 62 ] ], [ 24, [ 65, 101 ] ] ], 
      [ [ 31, [ 71, 95 ] ], [ 31, [ 71, 95 ] ], [ 96, [ 32, 56 ] ], [ 96, [ 32, 56 ] ], [ 96, [ 32, 56 ] ], 
          [ 31, [ 71, 95 ] ] ], [ [ 93, [ 33, 64 ] ], [ 93, [ 33, 64 ] ], [ 34, [ 63, 94 ] ], [ 34, [ 63, 94 ] ],
          [ 34, [ 63, 94 ] ], [ 93, [ 33, 64 ] ] ], 
      [ [ 78, [ 79, 33 ] ], [ 78, [ 79, 33 ] ], [ 49, [ 94, 48 ] ], [ 49, [ 94, 48 ] ], [ 49, [ 94, 48 ] ], 
          [ 78, [ 79, 33 ] ] ], [ [ 40, [ 71, 79 ] ], [ 40, [ 71, 79 ] ], [ 87, [ 48, 56 ] ], [ 87, [ 48, 56 ] ],
          [ 87, [ 48, 56 ] ], [ 40, [ 71, 79 ] ] ], 
      [ [ 42, [ 65, 83 ] ], [ 42, [ 65, 83 ] ], [ 85, [ 44, 62 ] ], [ 85, [ 44, 62 ] ], [ 85, [ 44, 62 ] ], 
          [ 42, [ 65, 83 ] ] ], [ [ 50, [ 65, 75 ] ], [ 50, [ 65, 75 ] ], [ 77, [ 52, 62 ] ], [ 77, [ 52, 62 ] ],
          [ 77, [ 52, 62 ] ], [ 50, [ 65, 75 ] ] ], 
      [ [ 67, [ 59, 65 ] ], [ 67, [ 59, 65 ] ], [ 60, [ 62, 68 ] ], [ 60, [ 62, 68 ] ], [ 60, [ 62, 68 ] ], 
          [ 67, [ 59, 65 ] ] ] ],
  Status := "NO",
  TheCtype := [ [ -1, 0, 0, -1, 1, -1 ], [ -1, 0, 0, 0, -1, 0 ], [ -1, 0, 0, 0, 0, -1 ], [ -1, 0, 0, 0, 0, 0 ], 
      [ -1, 0, 0, 0, 1, -1 ], [ -1, 0, 0, 1, -1, 0 ], [ -1, 0, 0, 1, 0, -1 ], [ -1, 0, 1, -1, 0, 0 ], 
      [ -1, 0, 1, -1, 0, 1 ], [ -1, 0, 1, -1, 1, -1 ], [ -1, 0, 1, -1, 1, 0 ], [ -1, 0, 1, 0, -1, 0 ], 
      [ -1, 0, 1, 0, -1, 1 ], [ -1, 0, 1, 0, 0, -1 ], [ -1, 1, -1, 0, 0, 0 ], [ -1, 1, -1, 0, 0, 1 ], 
      [ -1, 1, -1, 0, 1, -1 ], [ -1, 1, -1, 0, 1, 0 ], [ -1, 1, -1, 1, -1, 0 ], [ -1, 1, -1, 1, -1, 1 ], 
      [ -1, 1, -1, 1, 0, -1 ], [ -1, 1, -1, 1, 0, 0 ], [ -1, 1, 0, -1, 0, 0 ], [ -1, 1, 0, -1, 0, 1 ], 
      [ -1, 1, 0, -1, 1, -1 ], [ -1, 1, 0, -1, 1, 0 ], [ -1, 1, 0, 0, -1, 0 ], [ -1, 1, 0, 0, -1, 1 ], 
      [ -1, 1, 0, 0, 0, -1 ], [ -1, 1, 0, 0, 0, 0 ], [ -1, 2, -2, 1, 0, 0 ], [ -1, 2, -1, 0, 0, 0 ], 
      [ 0, -1, 0, 0, 0, 0 ], [ 0, -1, 0, 0, 0, 1 ], [ 0, -1, 0, 0, 1, -1 ], [ 0, -1, 0, 0, 1, 0 ], 
      [ 0, -1, 0, 1, -1, 0 ], [ 0, -1, 0, 1, -1, 1 ], [ 0, -1, 0, 1, 0, -1 ], [ 0, -1, 0, 1, 0, 0 ], 
      [ 0, -1, 1, -1, 0, 0 ], [ 0, -1, 1, -1, 0, 1 ], [ 0, -1, 1, -1, 1, -1 ], [ 0, -1, 1, -1, 1, 0 ], 
      [ 0, -1, 1, 0, -1, 0 ], [ 0, -1, 1, 0, -1, 1 ], [ 0, -1, 1, 0, 0, -1 ], [ 0, -1, 1, 0, 0, 0 ], 
      [ 0, 0, -1, 0, 0, 0 ], [ 0, 0, -1, 0, 0, 1 ], [ 0, 0, -1, 0, 1, -1 ], [ 0, 0, -1, 0, 1, 0 ], 
      [ 0, 0, -1, 1, -1, 0 ], [ 0, 0, -1, 1, -1, 1 ], [ 0, 0, -1, 1, 0, -1 ], [ 0, 0, -1, 1, 0, 0 ], 
      [ 0, 0, 0, -1, 0, 0 ], [ 0, 0, 0, -1, 1, -1 ], [ 0, 0, 0, -1, 1, 0 ], [ 0, 0, 0, -1, 2, -1 ], 
      [ 0, 0, 0, 0, -1, 0 ], [ 0, 0, 0, 0, -1, 1 ], [ 0, 0, 0, 0, 0, -1 ], [ 0, 0, 0, 0, 0, 1 ], 
      [ 0, 0, 0, 0, 1, -1 ], [ 0, 0, 0, 0, 1, 0 ], [ 0, 0, 0, 1, -2, 1 ], [ 0, 0, 0, 1, -1, 0 ], 
      [ 0, 0, 0, 1, -1, 1 ], [ 0, 0, 0, 1, 0, 0 ], [ 0, 0, 1, -1, 0, 0 ], [ 0, 0, 1, -1, 0, 1 ], 
      [ 0, 0, 1, -1, 1, -1 ], [ 0, 0, 1, -1, 1, 0 ], [ 0, 0, 1, 0, -1, 0 ], [ 0, 0, 1, 0, -1, 1 ], 
      [ 0, 0, 1, 0, 0, -1 ], [ 0, 0, 1, 0, 0, 0 ], [ 0, 1, -1, 0, 0, 0 ], [ 0, 1, -1, 0, 0, 1 ], 
      [ 0, 1, -1, 0, 1, -1 ], [ 0, 1, -1, 0, 1, 0 ], [ 0, 1, -1, 1, -1, 0 ], [ 0, 1, -1, 1, -1, 1 ], 
      [ 0, 1, -1, 1, 0, -1 ], [ 0, 1, -1, 1, 0, 0 ], [ 0, 1, 0, -1, 0, 0 ], [ 0, 1, 0, -1, 0, 1 ], 
      [ 0, 1, 0, -1, 1, -1 ], [ 0, 1, 0, -1, 1, 0 ], [ 0, 1, 0, 0, -1, 0 ], [ 0, 1, 0, 0, -1, 1 ], 
      [ 0, 1, 0, 0, 0, -1 ], [ 0, 1, 0, 0, 0, 0 ], [ 1, -2, 1, 0, 0, 0 ], [ 1, -2, 2, -1, 0, 0 ], 
      [ 1, -1, 0, 0, 0, 0 ], [ 1, -1, 0, 0, 0, 1 ], [ 1, -1, 0, 0, 1, -1 ], [ 1, -1, 0, 0, 1, 0 ], 
      [ 1, -1, 0, 1, -1, 0 ], [ 1, -1, 0, 1, -1, 1 ], [ 1, -1, 0, 1, 0, -1 ], [ 1, -1, 0, 1, 0, 0 ], 
      [ 1, -1, 1, -1, 0, 0 ], [ 1, -1, 1, -1, 0, 1 ], [ 1, -1, 1, -1, 1, -1 ], [ 1, -1, 1, -1, 1, 0 ], 
      [ 1, -1, 1, 0, -1, 0 ], [ 1, -1, 1, 0, -1, 1 ], [ 1, -1, 1, 0, 0, -1 ], [ 1, -1, 1, 0, 0, 0 ], 
      [ 1, 0, -1, 0, 0, 1 ], [ 1, 0, -1, 0, 1, -1 ], [ 1, 0, -1, 0, 1, 0 ], [ 1, 0, -1, 1, -1, 0 ], 
      [ 1, 0, -1, 1, -1, 1 ], [ 1, 0, -1, 1, 0, -1 ], [ 1, 0, -1, 1, 0, 0 ], [ 1, 0, 0, -1, 0, 1 ], 
      [ 1, 0, 0, -1, 1, 0 ], [ 1, 0, 0, 0, -1, 1 ], [ 1, 0, 0, 0, 0, 0 ], [ 1, 0, 0, 0, 0, 1 ], 
      [ 1, 0, 0, 0, 1, 0 ], [ 1, 0, 0, 1, -1, 1 ] ],
  eInvariant := rec(
      nbFac := 33,
      nbIneq := 927 ) );
