return rec(
  CharMat := [ [ 9, 5, 3, 1, -1, -3 ], [ 5, 17, 13, 9, 5, 1 ], [ 3, 13, 19, 16, 10, 4 ], [ 1, 9, 16, 23, 15, 7 ],
      [ -1, 5, 10, 15, 17, 10 ], [ -3, 1, 4, 7, 10, 13 ] ],
  ListInequalities := [ [ 0, 0, 0, 0, 0, 0, -1, 1, 0, 0, 0, 0, 0, 0, -1, 0, 0, 1, 0, 0, 0 ], 
      [ 0, 0, 0, 0, 0, 0, -1, 1, 0, 0, -1, 0, 0, 0, 0, 0, 0, 0, 0, 0, 0 ], 
      [ 0, 0, 0, 0, 0, 0, 0, 0, 1, 0, 0, 0, 0, 0, 0, 0, 0, 0, 0, 0, 0 ], 
      [ 0, 0, 0, 0, 0, 0, 0, 1, -1, 1, 0, 0, 0, 0, 0, 0, 0, 0, 0, 0, 0 ], 
      [ 1, 0, 0, 0, 0, 0, -1, 0, 0, 0, 1, 0, 0, 0, 0, 0, 0, 0, 0, 0, 0 ], 
      [ 0, 0, 0, 0, 1, 0, 0, 0, 1, -1, 0, 0, 0, 0, 0, 0, 0, 0, -1, 1, -1 ], 
      [ 0, 0, 0, 0, 1, 1, 0, 0, 1, -1, 1, 0, 0, 0, 0, 0, 0, 0, -1, 1, -2 ], 
      [ 0, 0, 1, 0, 0, 0, 0, -1, 1, 0, 0, 0, 0, 0, 0, -1, 0, 0, 0, 0, 0 ], 
      [ 0, 0, 0, 0, 0, 0, 0, 0, 0, 0, 0, 0, 0, 0, 1, 0, 0, 0, 0, 0, 0 ], 
      [ 0, 0, 1, 1, 0, 0, 0, 0, 0, 0, 0, -1, 1, 0, 0, -2, 1, 0, -1, 0, 0 ], 
      [ 0, 0, -1, 0, 0, 0, 0, 0, 0, 0, 0, 1, -1, 0, 0, 1, 0, 0, 0, 0, 0 ] ],
  ListInformations := 
   [ [ [ 1, [ 80, 122 ] ], [ 1, [ 80, 122 ] ], [ 126, [ 5, 47 ] ], [ 126, [ 5, 47 ] ], [ 126, [ 5, 47 ] ], 
          [ 1, [ 80, 122 ] ] ], [ [ 1, [ 81, 121 ] ], [ 1, [ 81, 121 ] ], [ 126, [ 6, 46 ] ], [ 126, [ 6, 46 ] ],
          [ 126, [ 6, 46 ] ], [ 1, [ 81, 121 ] ] ], 
      [ [ 117, [ 6, 70 ] ], [ 117, [ 6, 70 ] ], [ 10, [ 57, 121 ] ], [ 10, [ 57, 121 ] ], [ 10, [ 57, 121 ] ], 
          [ 117, [ 6, 70 ] ] ], 
      [ [ 114, [ 6, 74 ] ], [ 114, [ 6, 74 ] ], [ 13, [ 53, 121 ] ], [ 13, [ 53, 121 ] ], [ 13, [ 53, 121 ] ], 
          [ 114, [ 6, 74 ] ] ], [ [ 93, [ 96, 6 ] ], [ 93, [ 96, 6 ] ], [ 34, [ 121, 31 ] ], [ 34, [ 121, 31 ] ],
          [ 34, [ 121, 31 ] ], [ 93, [ 96, 6 ] ] ], 
      [ [ 118, [ 7, 68 ] ], [ 118, [ 7, 68 ] ], [ 9, [ 59, 120 ] ], [ 9, [ 59, 120 ] ], [ 9, [ 59, 120 ] ], 
          [ 118, [ 7, 68 ] ] ], 
      [ [ 117, [ 7, 69 ] ], [ 117, [ 7, 69 ] ], [ 10, [ 58, 120 ] ], [ 10, [ 58, 120 ] ], [ 10, [ 58, 120 ] ], 
          [ 117, [ 7, 69 ] ] ], [ [ 10, [ 71, 110 ] ], [ 10, [ 71, 110 ] ], [ 117, [ 17, 56 ] ], 
          [ 117, [ 17, 56 ] ], [ 117, [ 17, 56 ] ], [ 10, [ 71, 110 ] ] ], 
      [ [ 93, [ 33, 64 ] ], [ 93, [ 33, 64 ] ], [ 34, [ 63, 94 ] ], [ 34, [ 63, 94 ] ], [ 34, [ 63, 94 ] ], 
          [ 93, [ 33, 64 ] ] ], [ [ 36, [ 71, 84 ] ], [ 36, [ 71, 84 ] ], [ 91, [ 43, 56 ] ], [ 91, [ 43, 56 ] ],
          [ 91, [ 43, 56 ] ], [ 36, [ 71, 84 ] ] ], 
      [ [ 79, [ 47, 71 ] ], [ 79, [ 47, 71 ] ], [ 48, [ 56, 80 ] ], [ 48, [ 56, 80 ] ], [ 48, [ 56, 80 ] ], 
          [ 79, [ 47, 71 ] ] ] ],
  Status := "NO",
  TheCtype := [ [ -1, -1, 1, 0, 0, -1 ], [ -1, 0, -1, 1, 0, -1 ], [ -1, 0, 0, -1, 1, -1 ], 
      [ -1, 0, 0, 0, -1, 0 ], [ -1, 0, 0, 0, 0, -1 ], [ -1, 0, 0, 0, 0, 0 ], [ -1, 0, 0, 0, 1, -1 ], 
      [ -1, 0, 0, 1, -1, 0 ], [ -1, 0, 0, 1, 0, -1 ], [ -1, 0, 0, 1, 0, 0 ], [ -1, 0, 1, -1, 0, 0 ], 
      [ -1, 0, 1, -1, 1, -1 ], [ -1, 0, 1, -1, 1, 0 ], [ -1, 0, 1, 0, -1, 0 ], [ -1, 0, 1, 0, -1, 1 ], 
      [ -1, 0, 1, 0, 0, -1 ], [ -1, 0, 1, 0, 0, 0 ], [ -1, 1, -1, 0, 0, 0 ], [ -1, 1, -1, 0, 1, -1 ], 
      [ -1, 1, -1, 0, 1, 0 ], [ -1, 1, -1, 1, -1, 0 ], [ -1, 1, -1, 1, -1, 1 ], [ -1, 1, -1, 1, 0, -1 ], 
      [ -1, 1, -1, 1, 0, 0 ], [ -1, 1, 0, -1, 0, 0 ], [ -1, 1, 0, -1, 0, 1 ], [ -1, 1, 0, -1, 1, -1 ], 
      [ -1, 1, 0, -1, 1, 0 ], [ -1, 1, 0, 0, -1, 0 ], [ -1, 1, 0, 0, -1, 1 ], [ -1, 1, 0, 0, 0, -1 ], 
      [ -1, 1, 0, 0, 0, 0 ], [ 0, -1, 0, 0, 0, 0 ], [ 0, -1, 0, 0, 0, 1 ], [ 0, -1, 0, 0, 1, -1 ], 
      [ 0, -1, 0, 0, 1, 0 ], [ 0, -1, 0, 1, -1, 0 ], [ 0, -1, 0, 1, -1, 1 ], [ 0, -1, 0, 1, 0, -1 ], 
      [ 0, -1, 1, -1, 0, 0 ], [ 0, -1, 1, -1, 0, 1 ], [ 0, -1, 1, -1, 1, -1 ], [ 0, -1, 1, -1, 1, 0 ], 
      [ 0, -1, 1, 0, -1, 0 ], [ 0, -1, 1, 0, -1, 1 ], [ 0, -1, 1, 0, 0, -1 ], [ 0, -1, 1, 0, 0, 0 ], 
      [ 0, -1, 2, -1, 0, 0 ], [ 0, 0, -1, 0, 0, 0 ], [ 0, 0, -1, 0, 0, 1 ], [ 0, 0, -1, 0, 1, -1 ], 
      [ 0, 0, -1, 0, 1, 0 ], [ 0, 0, -1, 1, -1, 0 ], [ 0, 0, -1, 1, -1, 1 ], [ 0, 0, -1, 1, 0, -1 ], 
      [ 0, 0, -1, 1, 0, 0 ], [ 0, 0, 0, -1, 0, 0 ], [ 0, 0, 0, -1, 1, -1 ], [ 0, 0, 0, -1, 1, 0 ], 
      [ 0, 0, 0, -1, 2, -1 ], [ 0, 0, 0, 0, -1, 0 ], [ 0, 0, 0, 0, -1, 1 ], [ 0, 0, 0, 0, 0, -1 ], 
      [ 0, 0, 0, 0, 0, 1 ], [ 0, 0, 0, 0, 1, -1 ], [ 0, 0, 0, 0, 1, 0 ], [ 0, 0, 0, 1, -2, 1 ], 
      [ 0, 0, 0, 1, -1, 0 ], [ 0, 0, 0, 1, -1, 1 ], [ 0, 0, 0, 1, 0, 0 ], [ 0, 0, 1, -1, 0, 0 ], 
      [ 0, 0, 1, -1, 0, 1 ], [ 0, 0, 1, -1, 1, -1 ], [ 0, 0, 1, -1, 1, 0 ], [ 0, 0, 1, 0, -1, 0 ], 
      [ 0, 0, 1, 0, -1, 1 ], [ 0, 0, 1, 0, 0, -1 ], [ 0, 0, 1, 0, 0, 0 ], [ 0, 1, -2, 1, 0, 0 ], 
      [ 0, 1, -1, 0, 0, 0 ], [ 0, 1, -1, 0, 0, 1 ], [ 0, 1, -1, 0, 1, -1 ], [ 0, 1, -1, 0, 1, 0 ], 
      [ 0, 1, -1, 1, -1, 0 ], [ 0, 1, -1, 1, -1, 1 ], [ 0, 1, -1, 1, 0, -1 ], [ 0, 1, -1, 1, 0, 0 ], 
      [ 0, 1, 0, -1, 0, 1 ], [ 0, 1, 0, -1, 1, -1 ], [ 0, 1, 0, -1, 1, 0 ], [ 0, 1, 0, 0, -1, 0 ], 
      [ 0, 1, 0, 0, -1, 1 ], [ 0, 1, 0, 0, 0, -1 ], [ 0, 1, 0, 0, 0, 0 ], [ 1, -1, 0, 0, 0, 0 ], 
      [ 1, -1, 0, 0, 0, 1 ], [ 1, -1, 0, 0, 1, -1 ], [ 1, -1, 0, 0, 1, 0 ], [ 1, -1, 0, 1, -1, 0 ], 
      [ 1, -1, 0, 1, -1, 1 ], [ 1, -1, 0, 1, 0, -1 ], [ 1, -1, 0, 1, 0, 0 ], [ 1, -1, 1, -1, 0, 0 ], 
      [ 1, -1, 1, -1, 0, 1 ], [ 1, -1, 1, -1, 1, -1 ], [ 1, -1, 1, -1, 1, 0 ], [ 1, -1, 1, 0, -1, 0 ], 
      [ 1, -1, 1, 0, -1, 1 ], [ 1, -1, 1, 0, 0, 0 ], [ 1, 0, -1, 0, 0, 0 ], [ 1, 0, -1, 0, 0, 1 ], 
      [ 1, 0, -1, 0, 1, -1 ], [ 1, 0, -1, 0, 1, 0 ], [ 1, 0, -1, 1, -1, 0 ], [ 1, 0, -1, 1, -1, 1 ], 
      [ 1, 0, -1, 1, 0, 0 ], [ 1, 0, 0, -1, 0, 0 ], [ 1, 0, 0, -1, 0, 1 ], [ 1, 0, 0, -1, 1, 0 ], 
      [ 1, 0, 0, 0, -1, 1 ], [ 1, 0, 0, 0, 0, 0 ], [ 1, 0, 0, 0, 0, 1 ], [ 1, 0, 0, 0, 1, 0 ], 
      [ 1, 0, 0, 1, -1, 1 ], [ 1, 0, 1, -1, 0, 1 ], [ 1, 1, -1, 0, 0, 1 ] ],
  eInvariant := rec(
      nbFac := 38,
      nbIneq := 924 ) );
