return rec(
  CharMat := [ [ 16, 10, 4, 1, -3, -5 ], [ 10, 20, 13, 9, 4, 1 ], [ 4, 13, 22, 17, 11, 7 ], 
      [ 1, 9, 17, 20, 13, 8 ], [ -3, 4, 11, 13, 19, 13 ], [ -5, 1, 7, 8, 13, 17 ] ],
  ListInequalities := [ [ 0, 0, 0, 0, 0, 0, 0, 0, -1, 1, 0, 0, 0, 0, 0, 0, 0, 0, 0, -1, 1 ], 
      [ 0, 0, 0, 0, 0, 0, 0, 0, -1, 1, -1, 0, 0, 0, 0, 0, 0, 0, 0, 0, 0 ], 
      [ 0, 0, 0, 0, 0, 0, 0, 1, -1, 0, 0, 0, 0, 0, 0, 0, 1, 0, -1, 0, 0 ], 
      [ 0, 0, 0, 0, 0, 0, 0, 0, 1, 0, 0, 0, 0, 0, 0, 0, 0, 0, 0, 0, 0 ], 
      [ 0, 0, 0, 0, 0, 0, 0, 1, 0, -1, 1, 0, 0, 0, 0, 0, 0, 0, 0, 0, 0 ], 
      [ 0, 0, 0, 0, 0, 0, 1, -1, 0, 0, 1, 0, 0, 0, 0, 0, 0, 0, 0, 0, 0 ], 
      [ 0, 0, 0, 0, 0, 1, 0, 0, 0, -1, 1, 0, 0, 0, 0, 0, 1, -1, -1, 1, -1 ], 
      [ 0, 0, 0, 0, 0, 0, 0, 0, 0, -1, 0, 0, 0, 0, 0, 0, 1, 0, -1, 0, 0 ], 
      [ 0, 0, 0, 1, 0, 0, 0, 0, 1, -1, 1, 0, 0, 0, 0, -1, 1, -1, -1, 1, 0 ], 
      [ 0, 0, 0, 0, 0, 0, 0, 0, 0, 0, 1, 0, 0, 0, 0, 0, 0, -1, 0, 0, 1 ], 
      [ 0, 1, 0, 0, 0, 0, -1, 1, 0, 0, 0, -1, 0, 0, 0, 0, 0, 0, 0, 0, 0 ], 
      [ 0, 0, 0, 0, 0, 0, 0, 0, 0, 0, 1, 0, 0, 0, -1, 0, 0, 1, 0, 0, 0 ], 
      [ 0, 0, 0, 0, 0, 0, 0, -1, 1, 0, 0, 1, -1, 0, 0, 0, 0, 0, 0, 0, 0 ], 
      [ 0, 0, 0, 0, 0, 0, 0, 0, -1, 1, 0, 0, 1, -1, 0, 0, 0, 0, 0, 0, 0 ], 
      [ 0, 0, 0, 0, 0, 0, 0, 0, 0, -1, 1, 0, 0, 1, -1, 0, 0, 0, 0, 0, 0 ], 
      [ 0, 0, 0, 1, 0, 0, 0, 0, 0, 0, 0, 0, 0, 0, 0, -1, 1, 0, -1, 0, 0 ], 
      [ 0, 0, 0, 0, 0, 0, 0, 0, 0, 0, 0, 0, 0, 0, 0, 0, -1, 1, 1, -1, 0 ], 
      [ 0, 0, 0, 0, 0, 0, 0, 0, 0, 0, 0, 0, 0, 0, 0, 0, 0, -1, 0, 1, 0 ], 
      [ 0, 0, 0, 0, 1, 0, 0, 0, 0, 0, 0, 0, 0, 0, 0, 0, 0, 0, -1, 1, -1 ] ],
  ListInformations := 
   [ [ [ 1, [ 67, 124 ] ], [ 1, [ 67, 124 ] ], [ 126, [ 3, 60 ] ], [ 126, [ 3, 60 ] ], [ 126, [ 3, 60 ] ], 
          [ 1, [ 67, 124 ] ] ], [ [ 1, [ 68, 123 ] ], [ 1, [ 68, 123 ] ], [ 126, [ 4, 59 ] ], [ 126, [ 4, 59 ] ],
          [ 126, [ 4, 59 ] ], [ 1, [ 68, 123 ] ] ], 
      [ [ 118, [ 2, 71 ] ], [ 118, [ 2, 71 ] ], [ 9, [ 56, 125 ] ], [ 9, [ 56, 125 ] ], [ 9, [ 56, 125 ] ], 
          [ 118, [ 2, 71 ] ] ], [ [ 119, [ 4, 70 ] ], [ 119, [ 4, 70 ] ], [ 8, [ 57, 123 ] ], [ 8, [ 57, 123 ] ],
          [ 8, [ 57, 123 ] ], [ 119, [ 4, 70 ] ] ], 
      [ [ 113, [ 4, 76 ] ], [ 113, [ 4, 76 ] ], [ 14, [ 51, 123 ] ], [ 14, [ 51, 123 ] ], [ 14, [ 51, 123 ] ], 
          [ 113, [ 4, 76 ] ] ], 
      [ [ 109, [ 4, 80 ] ], [ 109, [ 4, 80 ] ], [ 18, [ 47, 123 ] ], [ 18, [ 47, 123 ] ], [ 18, [ 47, 123 ] ], 
          [ 109, [ 4, 80 ] ] ], 
      [ [ 9, [ 65, 117 ] ], [ 9, [ 65, 117 ] ], [ 118, [ 10, 62 ] ], [ 118, [ 10, 62 ] ], [ 118, [ 10, 62 ] ], 
          [ 9, [ 65, 117 ] ] ], 
      [ [ 9, [ 66, 116 ] ], [ 9, [ 66, 116 ] ], [ 118, [ 11, 61 ] ], [ 118, [ 11, 61 ] ], [ 118, [ 11, 61 ] ], 
          [ 9, [ 66, 116 ] ] ], [ [ 113, [ 11, 68 ] ], [ 113, [ 11, 68 ] ], [ 14, [ 59, 116 ] ], 
          [ 14, [ 59, 116 ] ], [ 14, [ 59, 116 ] ], [ 113, [ 11, 68 ] ] ], 
      [ [ 113, [ 13, 64 ] ], [ 113, [ 13, 64 ] ], [ 14, [ 63, 114 ] ], [ 14, [ 63, 114 ] ], [ 14, [ 63, 114 ] ], 
          [ 113, [ 13, 64 ] ] ], 
      [ [ 16, [ 79, 95 ] ], [ 16, [ 79, 95 ] ], [ 111, [ 32, 48 ] ], [ 111, [ 32, 48 ] ], [ 111, [ 32, 48 ] ], 
          [ 16, [ 79, 95 ] ] ], [ [ 109, [ 17, 64 ] ], [ 109, [ 17, 64 ] ], [ 18, [ 63, 110 ] ], 
          [ 18, [ 63, 110 ] ], [ 18, [ 63, 110 ] ], [ 109, [ 17, 64 ] ] ], 
      [ [ 24, [ 71, 95 ] ], [ 24, [ 71, 95 ] ], [ 103, [ 32, 56 ] ], [ 103, [ 32, 56 ] ], [ 103, [ 32, 56 ] ], 
          [ 24, [ 71, 95 ] ] ], [ [ 28, [ 67, 95 ] ], [ 28, [ 67, 95 ] ], [ 99, [ 32, 60 ] ], [ 99, [ 32, 60 ] ],
          [ 99, [ 32, 60 ] ], [ 28, [ 67, 95 ] ] ], 
      [ [ 30, [ 65, 95 ] ], [ 30, [ 65, 95 ] ], [ 97, [ 32, 62 ] ], [ 97, [ 32, 62 ] ], [ 97, [ 32, 62 ] ], 
          [ 30, [ 65, 95 ] ] ], [ [ 52, [ 67, 71 ] ], [ 52, [ 67, 71 ] ], [ 75, [ 56, 60 ] ], [ 75, [ 56, 60 ] ],
          [ 75, [ 56, 60 ] ], [ 52, [ 67, 71 ] ] ], 
      [ [ 54, [ 65, 71 ] ], [ 54, [ 65, 71 ] ], [ 73, [ 56, 62 ] ], [ 73, [ 56, 62 ] ], [ 73, [ 56, 62 ] ], 
          [ 54, [ 65, 71 ] ] ], [ [ 55, [ 64, 71 ] ], [ 55, [ 64, 71 ] ], [ 72, [ 56, 63 ] ], [ 72, [ 56, 63 ] ],
          [ 72, [ 56, 63 ] ], [ 55, [ 64, 71 ] ] ], 
      [ [ 58, [ 65, 67 ] ], [ 58, [ 65, 67 ] ], [ 69, [ 60, 62 ] ], [ 69, [ 60, 62 ] ], [ 69, [ 60, 62 ] ], 
          [ 58, [ 65, 67 ] ] ] ],
  Status := "YES",
  TheCtype := [ [ -1, 0, 0, -1, 1, -1 ], [ -1, 0, 0, 0, -1, 0 ], [ -1, 0, 0, 0, 0, -1 ], [ -1, 0, 0, 0, 0, 0 ], 
      [ -1, 0, 0, 0, 1, -1 ], [ -1, 0, 0, 1, -1, 0 ], [ -1, 0, 0, 1, 0, -1 ], [ -1, 0, 0, 1, 0, 0 ], 
      [ -1, 0, 1, -1, -1, 0 ], [ -1, 0, 1, -1, 0, -1 ], [ -1, 0, 1, -1, 0, 0 ], [ -1, 0, 1, -1, 1, -1 ], 
      [ -1, 0, 1, 0, -1, 0 ], [ -1, 0, 1, 0, -1, 1 ], [ -1, 0, 1, 0, 0, -1 ], [ -1, 0, 1, 0, 0, 0 ], 
      [ -1, 1, -1, 0, 0, 0 ], [ -1, 1, -1, 0, 0, 1 ], [ -1, 1, -1, 0, 1, -1 ], [ -1, 1, -1, 0, 1, 0 ], 
      [ -1, 1, -1, 1, -1, 0 ], [ -1, 1, -1, 1, -1, 1 ], [ -1, 1, -1, 1, 0, -1 ], [ -1, 1, -1, 1, 0, 0 ], 
      [ -1, 1, 0, -1, 0, 0 ], [ -1, 1, 0, -1, 0, 1 ], [ -1, 1, 0, -1, 1, -1 ], [ -1, 1, 0, -1, 1, 0 ], 
      [ -1, 1, 0, 0, -1, 0 ], [ -1, 1, 0, 0, -1, 1 ], [ -1, 1, 0, 0, 0, -1 ], [ -1, 1, 0, 0, 0, 0 ], 
      [ 0, -1, 0, 0, 0, 0 ], [ 0, -1, 0, 0, 0, 1 ], [ 0, -1, 0, 0, 1, -1 ], [ 0, -1, 0, 0, 1, 0 ], 
      [ 0, -1, 0, 1, -1, 0 ], [ 0, -1, 0, 1, -1, 1 ], [ 0, -1, 0, 1, 0, -1 ], [ 0, -1, 0, 1, 0, 0 ], 
      [ 0, -1, 1, -1, 0, 0 ], [ 0, -1, 1, -1, 0, 1 ], [ 0, -1, 1, -1, 1, -1 ], [ 0, -1, 1, -1, 1, 0 ], 
      [ 0, -1, 1, 0, -1, 0 ], [ 0, -1, 1, 0, -1, 1 ], [ 0, -1, 1, 0, 0, -1 ], [ 0, -1, 1, 0, 0, 0 ], 
      [ 0, 0, -1, 0, 0, 0 ], [ 0, 0, -1, 0, 0, 1 ], [ 0, 0, -1, 0, 1, -1 ], [ 0, 0, -1, 0, 1, 0 ], 
      [ 0, 0, -1, 1, -1, 0 ], [ 0, 0, -1, 1, -1, 1 ], [ 0, 0, -1, 1, 0, -1 ], [ 0, 0, -1, 1, 0, 0 ], 
      [ 0, 0, 0, -1, 0, 0 ], [ 0, 0, 0, -1, 0, 1 ], [ 0, 0, 0, -1, 1, -1 ], [ 0, 0, 0, -1, 1, 0 ], 
      [ 0, 0, 0, 0, -1, 0 ], [ 0, 0, 0, 0, -1, 1 ], [ 0, 0, 0, 0, 0, -1 ], [ 0, 0, 0, 0, 0, 1 ], 
      [ 0, 0, 0, 0, 1, -1 ], [ 0, 0, 0, 0, 1, 0 ], [ 0, 0, 0, 1, -1, 0 ], [ 0, 0, 0, 1, -1, 1 ], 
      [ 0, 0, 0, 1, 0, -1 ], [ 0, 0, 0, 1, 0, 0 ], [ 0, 0, 1, -1, 0, 0 ], [ 0, 0, 1, -1, 0, 1 ], 
      [ 0, 0, 1, -1, 1, -1 ], [ 0, 0, 1, -1, 1, 0 ], [ 0, 0, 1, 0, -1, 0 ], [ 0, 0, 1, 0, -1, 1 ], 
      [ 0, 0, 1, 0, 0, -1 ], [ 0, 0, 1, 0, 0, 0 ], [ 0, 1, -1, 0, 0, 0 ], [ 0, 1, -1, 0, 0, 1 ], 
      [ 0, 1, -1, 0, 1, -1 ], [ 0, 1, -1, 0, 1, 0 ], [ 0, 1, -1, 1, -1, 0 ], [ 0, 1, -1, 1, -1, 1 ], 
      [ 0, 1, -1, 1, 0, -1 ], [ 0, 1, -1, 1, 0, 0 ], [ 0, 1, 0, -1, 0, 0 ], [ 0, 1, 0, -1, 0, 1 ], 
      [ 0, 1, 0, -1, 1, -1 ], [ 0, 1, 0, -1, 1, 0 ], [ 0, 1, 0, 0, -1, 0 ], [ 0, 1, 0, 0, -1, 1 ], 
      [ 0, 1, 0, 0, 0, -1 ], [ 0, 1, 0, 0, 0, 0 ], [ 1, -1, 0, 0, 0, 0 ], [ 1, -1, 0, 0, 0, 1 ], 
      [ 1, -1, 0, 0, 1, -1 ], [ 1, -1, 0, 0, 1, 0 ], [ 1, -1, 0, 1, -1, 0 ], [ 1, -1, 0, 1, -1, 1 ], 
      [ 1, -1, 0, 1, 0, -1 ], [ 1, -1, 0, 1, 0, 0 ], [ 1, -1, 1, -1, 0, 0 ], [ 1, -1, 1, -1, 0, 1 ], 
      [ 1, -1, 1, -1, 1, -1 ], [ 1, -1, 1, -1, 1, 0 ], [ 1, -1, 1, 0, -1, 0 ], [ 1, -1, 1, 0, -1, 1 ], 
      [ 1, -1, 1, 0, 0, -1 ], [ 1, -1, 1, 0, 0, 0 ], [ 1, 0, -1, 0, 0, 0 ], [ 1, 0, -1, 0, 0, 1 ], 
      [ 1, 0, -1, 0, 1, -1 ], [ 1, 0, -1, 0, 1, 0 ], [ 1, 0, -1, 1, -1, 1 ], [ 1, 0, -1, 1, 0, 0 ], 
      [ 1, 0, -1, 1, 0, 1 ], [ 1, 0, -1, 1, 1, 0 ], [ 1, 0, 0, -1, 0, 0 ], [ 1, 0, 0, -1, 0, 1 ], 
      [ 1, 0, 0, -1, 1, 0 ], [ 1, 0, 0, 0, -1, 1 ], [ 1, 0, 0, 0, 0, 0 ], [ 1, 0, 0, 0, 0, 1 ], 
      [ 1, 0, 0, 0, 1, 0 ], [ 1, 0, 0, 1, -1, 1 ] ],
  eInvariant := rec(
      nbFac := 24,
      nbIneq := 906 ) );
