return rec(
  CharMat := [ [ 16, 11, 6, 1, -1, -4 ], [ 11, 25, 21, 14, 8, 1 ], [ 6, 21, 36, 27, 17, 6 ], 
      [ 1, 14, 27, 40, 26, 11 ], [ -1, 8, 17, 26, 28, 16 ], [ -4, 1, 6, 11, 16, 22 ] ],
  ListInequalities := [ [ 0, 0, 0, 0, 0, 0, 0, 0, -1, 2, -1, 0, 0, 0, 0, 0, 0, 0, 0, 0, 0 ], 
      [ 0, 0, 0, 0, -1, 0, 0, 0, -1, 1, 0, 0, 0, 0, 0, 0, 0, 0, 1, -1, 1 ], 
      [ 0, 0, 0, 0, 0, 0, 0, 0, 0, -1, 0, 0, 0, 0, 0, 0, 0, 0, 0, 0, 0 ], 
      [ 0, 0, 0, 0, 0, 0, 0, 0, 1, 0, 0, 0, 0, 0, 0, 0, 0, 0, 0, 0, 0 ], 
      [ 0, 0, 0, 0, 0, 0, 0, 1, -1, 0, 1, 0, 0, 0, 0, 0, 0, 0, 0, 0, 0 ], 
      [ 0, 0, 0, 0, 0, 0, 1, -1, 0, 0, 1, 0, 0, 0, 0, 0, 0, 0, 0, 0, 0 ], 
      [ 0, 0, 0, 0, 1, 1, 0, 0, 1, -1, 1, 0, 0, 0, 0, 0, 0, 0, -1, 1, -2 ], 
      [ 0, 0, 0, 0, 1, 0, 0, 0, 0, 1, 0, 0, 0, 0, 0, 0, 0, 0, -1, 0, 0 ], 
      [ 0, 1, 1, 0, 0, 0, -1, 1, 0, 0, 0, -2, 1, 0, 0, -1, 0, 0, 0, 0, 0 ], 
      [ 0, 0, 0, 0, 0, 0, 0, 0, 0, 0, 1, 0, 0, 0, 0, 0, 0, -1, 0, 1, 0 ], 
      [ 0, 1, 0, 0, 0, 0, -1, 1, 0, 0, 0, -1, -1, 1, 0, 1, -1, 0, 0, 0, 0 ], 
      [ 0, 1, 0, 0, 0, 0, -1, 1, 0, 0, 0, -1, 0, -1, 1, 0, 1, -1, 0, 0, 0 ], 
      [ 0, 1, 0, 0, 0, 0, -1, 1, 0, 0, 0, -1, 0, 0, -1, 0, 0, 1, 0, 0, 0 ], 
      [ 0, 0, 0, 0, 0, 0, 0, 0, 0, 0, 1, 0, 0, 0, -1, 0, 0, 1, 0, 0, 0 ], 
      [ 1, 1, 0, 0, 0, 0, -2, 1, 0, 0, 0, -1, 0, 0, 0, 0, 0, 0, 0, 0, 0 ], 
      [ 0, 0, 0, 0, 1, 0, 0, 0, 0, -1, 1, 0, 0, 1, -1, 0, 0, 0, -1, 1, -1 ], 
      [ 0, 0, 0, 0, 1, 0, 0, 0, -1, 1, 0, 0, 1, -1, 0, 0, 0, 0, -1, 1, -1 ], 
      [ 0, -1, 0, 0, 0, 0, 1, -1, 0, 0, 0, 1, 0, 0, 0, 0, 0, 0, 0, 0, 0 ], 
      [ 0, 0, 0, 0, 1, 0, 0, 0, 0, 0, 0, 0, 0, 0, 0, 0, -1, 1, 0, 0, -1 ], 
      [ 0, 0, 0, 1, 1, 0, 0, 0, 0, 0, 0, 0, 0, 0, 0, -1, 1, 0, -2, 1, -1 ] ],
  ListInformations := 
   [ [ [ 2, [ 67, 122 ] ], [ 2, [ 67, 122 ] ], [ 125, [ 5, 60 ] ], [ 125, [ 5, 60 ] ], [ 125, [ 5, 60 ] ], 
          [ 2, [ 67, 122 ] ] ], [ [ 2, [ 68, 121 ] ], [ 2, [ 68, 121 ] ], [ 125, [ 6, 59 ] ], [ 125, [ 6, 59 ] ],
          [ 125, [ 6, 59 ] ], [ 2, [ 68, 121 ] ] ], 
      [ [ 3, [ 66, 122 ] ], [ 3, [ 66, 122 ] ], [ 124, [ 5, 61 ] ], [ 124, [ 5, 61 ] ], [ 124, [ 5, 61 ] ], 
          [ 3, [ 66, 122 ] ] ], [ [ 119, [ 5, 70 ] ], [ 119, [ 5, 70 ] ], [ 8, [ 57, 122 ] ], [ 8, [ 57, 122 ] ],
          [ 8, [ 57, 122 ] ], [ 119, [ 5, 70 ] ] ], 
      [ [ 117, [ 5, 72 ] ], [ 117, [ 5, 72 ] ], [ 10, [ 55, 122 ] ], [ 10, [ 55, 122 ] ], [ 10, [ 55, 122 ] ], 
          [ 117, [ 5, 72 ] ] ], 
      [ [ 110, [ 5, 80 ] ], [ 110, [ 5, 80 ] ], [ 17, [ 47, 122 ] ], [ 17, [ 47, 122 ] ], [ 17, [ 47, 122 ] ], 
          [ 110, [ 5, 80 ] ] ], [ [ 119, [ 6, 69 ] ], [ 119, [ 6, 69 ] ], [ 8, [ 58, 121 ] ], [ 8, [ 58, 121 ] ],
          [ 8, [ 58, 121 ] ], [ 119, [ 6, 69 ] ] ], 
      [ [ 119, [ 7, 66 ] ], [ 119, [ 7, 66 ] ], [ 8, [ 61, 120 ] ], [ 8, [ 61, 120 ] ], [ 8, [ 61, 120 ] ], 
          [ 119, [ 7, 66 ] ] ], 
      [ [ 8, [ 79, 104 ] ], [ 8, [ 79, 104 ] ], [ 119, [ 23, 48 ] ], [ 119, [ 23, 48 ] ], [ 119, [ 23, 48 ] ], 
          [ 8, [ 79, 104 ] ] ], 
      [ [ 117, [ 9, 64 ] ], [ 117, [ 9, 64 ] ], [ 10, [ 63, 118 ] ], [ 10, [ 63, 118 ] ], [ 10, [ 63, 118 ] ], 
          [ 117, [ 9, 64 ] ] ], [ [ 12, [ 79, 100 ] ], [ 12, [ 79, 100 ] ], [ 115, [ 27, 48 ] ], 
          [ 115, [ 27, 48 ] ], [ 115, [ 27, 48 ] ], [ 12, [ 79, 100 ] ] ], 
      [ [ 14, [ 79, 98 ] ], [ 14, [ 79, 98 ] ], [ 113, [ 29, 48 ] ], [ 113, [ 29, 48 ] ], [ 113, [ 29, 48 ] ], 
          [ 14, [ 79, 98 ] ] ], 
      [ [ 15, [ 79, 97 ] ], [ 15, [ 79, 97 ] ], [ 112, [ 30, 48 ] ], [ 112, [ 30, 48 ] ], [ 112, [ 30, 48 ] ], 
          [ 15, [ 79, 97 ] ] ], [ [ 110, [ 16, 64 ] ], [ 110, [ 16, 64 ] ], [ 17, [ 63, 111 ] ], 
          [ 17, [ 63, 111 ] ], [ 17, [ 63, 111 ] ], [ 110, [ 16, 64 ] ] ], 
      [ [ 78, [ 96, 16 ] ], [ 78, [ 96, 16 ] ], [ 49, [ 111, 31 ] ], [ 49, [ 111, 31 ] ], [ 49, [ 111, 31 ] ], 
          [ 78, [ 96, 16 ] ] ], [ [ 25, [ 65, 100 ] ], [ 25, [ 65, 100 ] ], [ 102, [ 27, 62 ] ], 
          [ 102, [ 27, 62 ] ], [ 102, [ 27, 62 ] ], [ 25, [ 65, 100 ] ] ], 
      [ [ 25, [ 68, 98 ] ], [ 25, [ 68, 98 ] ], [ 102, [ 29, 59 ] ], [ 102, [ 29, 59 ] ], [ 102, [ 29, 59 ] ], 
          [ 25, [ 68, 98 ] ] ], [ [ 95, [ 31, 79 ] ], [ 95, [ 31, 79 ] ], [ 32, [ 48, 96 ] ], [ 32, [ 48, 96 ] ],
          [ 32, [ 48, 96 ] ], [ 95, [ 31, 79 ] ] ], 
      [ [ 50, [ 65, 75 ] ], [ 50, [ 65, 75 ] ], [ 77, [ 52, 62 ] ], [ 77, [ 52, 62 ] ], [ 77, [ 52, 62 ] ], 
          [ 50, [ 65, 75 ] ] ], [ [ 50, [ 68, 73 ] ], [ 50, [ 68, 73 ] ], [ 77, [ 54, 59 ] ], [ 77, [ 54, 59 ] ],
          [ 77, [ 54, 59 ] ], [ 50, [ 68, 73 ] ] ] ],
  Status := "NO",
  TheCtype := [ [ -1, 0, 0, -1, 1, -1 ], [ -1, 0, 0, -1, 2, -1 ], [ -1, 0, 0, 0, -1, 0 ], [ -1, 0, 0, 0, 0, -1 ],
      [ -1, 0, 0, 0, 0, 0 ], [ -1, 0, 0, 0, 1, -1 ], [ -1, 0, 0, 1, -1, 0 ], [ -1, 0, 0, 1, 0, 0 ], 
      [ -1, 0, 1, -1, 0, 0 ], [ -1, 0, 1, -1, 0, 1 ], [ -1, 0, 1, -1, 1, -1 ], [ -1, 0, 1, -1, 1, 0 ], 
      [ -1, 0, 1, 0, -1, 0 ], [ -1, 0, 1, 0, -1, 1 ], [ -1, 0, 1, 0, 0, -1 ], [ -1, 1, -1, 0, 0, 0 ], 
      [ -1, 1, -1, 0, 0, 1 ], [ -1, 1, -1, 0, 1, -1 ], [ -1, 1, -1, 0, 1, 0 ], [ -1, 1, -1, 1, -1, 0 ], 
      [ -1, 1, -1, 1, -1, 1 ], [ -1, 1, -1, 1, 0, -1 ], [ -1, 1, -1, 1, 0, 0 ], [ -1, 1, 0, -1, 0, 0 ], 
      [ -1, 1, 0, -1, 0, 1 ], [ -1, 1, 0, -1, 1, -1 ], [ -1, 1, 0, -1, 1, 0 ], [ -1, 1, 0, 0, -1, 0 ], 
      [ -1, 1, 0, 0, -1, 1 ], [ -1, 1, 0, 0, 0, -1 ], [ -1, 1, 0, 0, 0, 0 ], [ -1, 2, -1, 0, 0, 0 ], 
      [ 0, -1, 0, 0, 0, 0 ], [ 0, -1, 0, 0, 0, 1 ], [ 0, -1, 0, 0, 1, -1 ], [ 0, -1, 0, 0, 1, 0 ], 
      [ 0, -1, 0, 1, -1, 0 ], [ 0, -1, 0, 1, -1, 1 ], [ 0, -1, 0, 1, 0, -1 ], [ 0, -1, 0, 1, 0, 0 ], 
      [ 0, -1, 1, -1, 0, 0 ], [ 0, -1, 1, -1, 0, 1 ], [ 0, -1, 1, -1, 1, -1 ], [ 0, -1, 1, -1, 1, 0 ], 
      [ 0, -1, 1, 0, -1, 0 ], [ 0, -1, 1, 0, -1, 1 ], [ 0, -1, 1, 0, 0, -1 ], [ 0, -1, 1, 0, 0, 0 ], 
      [ 0, 0, -1, 0, 0, 0 ], [ 0, 0, -1, 0, 0, 1 ], [ 0, 0, -1, 0, 1, -1 ], [ 0, 0, -1, 0, 1, 0 ], 
      [ 0, 0, -1, 1, -1, 0 ], [ 0, 0, -1, 1, -1, 1 ], [ 0, 0, -1, 1, 0, -1 ], [ 0, 0, -1, 1, 0, 0 ], 
      [ 0, 0, 0, -1, 0, 0 ], [ 0, 0, 0, -1, 1, -1 ], [ 0, 0, 0, -1, 1, 0 ], [ 0, 0, 0, -1, 2, -1 ], 
      [ 0, 0, 0, 0, -1, 0 ], [ 0, 0, 0, 0, -1, 1 ], [ 0, 0, 0, 0, 0, -1 ], [ 0, 0, 0, 0, 0, 1 ], 
      [ 0, 0, 0, 0, 1, -1 ], [ 0, 0, 0, 0, 1, 0 ], [ 0, 0, 0, 1, -2, 1 ], [ 0, 0, 0, 1, -1, 0 ], 
      [ 0, 0, 0, 1, -1, 1 ], [ 0, 0, 0, 1, 0, 0 ], [ 0, 0, 1, -1, 0, 0 ], [ 0, 0, 1, -1, 0, 1 ], 
      [ 0, 0, 1, -1, 1, -1 ], [ 0, 0, 1, -1, 1, 0 ], [ 0, 0, 1, 0, -1, 0 ], [ 0, 0, 1, 0, -1, 1 ], 
      [ 0, 0, 1, 0, 0, -1 ], [ 0, 0, 1, 0, 0, 0 ], [ 0, 1, -1, 0, 0, 0 ], [ 0, 1, -1, 0, 0, 1 ], 
      [ 0, 1, -1, 0, 1, -1 ], [ 0, 1, -1, 0, 1, 0 ], [ 0, 1, -1, 1, -1, 0 ], [ 0, 1, -1, 1, -1, 1 ], 
      [ 0, 1, -1, 1, 0, -1 ], [ 0, 1, -1, 1, 0, 0 ], [ 0, 1, 0, -1, 0, 0 ], [ 0, 1, 0, -1, 0, 1 ], 
      [ 0, 1, 0, -1, 1, -1 ], [ 0, 1, 0, -1, 1, 0 ], [ 0, 1, 0, 0, -1, 0 ], [ 0, 1, 0, 0, -1, 1 ], 
      [ 0, 1, 0, 0, 0, -1 ], [ 0, 1, 0, 0, 0, 0 ], [ 1, -2, 1, 0, 0, 0 ], [ 1, -1, 0, 0, 0, 0 ], 
      [ 1, -1, 0, 0, 0, 1 ], [ 1, -1, 0, 0, 1, -1 ], [ 1, -1, 0, 0, 1, 0 ], [ 1, -1, 0, 1, -1, 0 ], 
      [ 1, -1, 0, 1, -1, 1 ], [ 1, -1, 0, 1, 0, -1 ], [ 1, -1, 0, 1, 0, 0 ], [ 1, -1, 1, -1, 0, 0 ], 
      [ 1, -1, 1, -1, 0, 1 ], [ 1, -1, 1, -1, 1, -1 ], [ 1, -1, 1, -1, 1, 0 ], [ 1, -1, 1, 0, -1, 0 ], 
      [ 1, -1, 1, 0, -1, 1 ], [ 1, -1, 1, 0, 0, -1 ], [ 1, -1, 1, 0, 0, 0 ], [ 1, 0, -1, 0, 0, 1 ], 
      [ 1, 0, -1, 0, 1, -1 ], [ 1, 0, -1, 0, 1, 0 ], [ 1, 0, -1, 1, -1, 0 ], [ 1, 0, -1, 1, -1, 1 ], 
      [ 1, 0, -1, 1, 0, -1 ], [ 1, 0, -1, 1, 0, 0 ], [ 1, 0, 0, -1, 0, 0 ], [ 1, 0, 0, -1, 1, 0 ], 
      [ 1, 0, 0, 0, -1, 1 ], [ 1, 0, 0, 0, 0, 0 ], [ 1, 0, 0, 0, 0, 1 ], [ 1, 0, 0, 0, 1, 0 ], 
      [ 1, 0, 0, 1, -2, 1 ], [ 1, 0, 0, 1, -1, 1 ] ],
  eInvariant := rec(
      nbFac := 29,
      nbIneq := 918 ) );
