return rec(
  CharMat := [ [ 11, 7, 3, 0, -2, -1 ], [ 7, 16, 15, 9, 3, 1 ], [ 3, 15, 26, 18, 8, 4 ], 
      [ 0, 9, 18, 23, 12, 6 ], [ -2, 3, 8, 12, 16, 8 ], [ -1, 1, 4, 6, 8, 9 ] ],
  ListInequalities := [ [ 0, 0, 0, 0, 0, 0, 0, 0, 0, -1, 1, 0, 0, 0, 0, 0, 0, 0, 0, 0, 0 ], 
      [ 0, 0, 0, 0, 0, 0, 0, 0, 0, 0, -1, 0, 0, 0, 0, 0, 0, 0, 0, 0, 0 ], 
      [ 0, 0, 0, 0, 0, 0, 0, 0, 1, -1, 1, 0, 0, 0, 0, 0, 0, 0, 0, 0, 0 ], 
      [ 0, 0, 0, 0, 0, 0, 0, 0, 1, 0, -1, 0, 0, 0, 0, 0, 0, 0, 0, 0, 0 ], 
      [ 0, 0, 0, 0, 0, 0, 0, 1, -1, 1, 0, 0, 0, 0, 0, 0, 0, 0, 0, 0, 0 ], 
      [ 0, 0, 0, 0, 0, 0, 1, -1, 0, 1, 0, 0, 0, 0, 0, 0, 0, 0, 0, 0, 0 ], 
      [ 1, 0, 0, 0, 0, 0, -1, 0, 0, 1, 0, 0, 0, 0, 0, 0, 0, 0, 0, 0, 0 ], 
      [ 0, 0, 0, 0, 0, 0, 0, 0, 0, 0, 1, 0, 0, 0, 0, 0, 0, 0, 0, -1, 1 ], 
      [ 0, 0, 0, 0, 1, 0, 0, 0, 0, 1, -1, 0, 0, 0, 0, 0, 0, 0, -1, 1, -1 ], 
      [ 0, 1, 1, 0, 0, 0, -1, 1, 0, 0, 0, -2, 1, -1, 1, -1, 1, -1, 0, 0, 0 ], 
      [ 0, 1, 1, 0, 0, 0, -1, 1, 0, 0, 0, -2, 1, 0, -1, -1, 0, 1, 0, 0, 0 ], 
      [ 0, 1, 1, 0, 0, 0, -1, 1, 0, 0, -1, -2, 1, 0, 1, -1, 0, -1, 0, 1, 0 ], 
      [ 0, 1, 0, 0, 0, 0, -1, 0, 1, 0, -1, 0, -1, 0, 1, 0, 0, 0, 0, 0, 0 ], 
      [ 0, 0, 0, 0, 0, 0, 0, 0, 0, 0, 1, 0, 0, 0, 0, 0, 0, -1, 0, 1, 0 ], 
      [ 0, 0, 0, 0, 0, 0, 0, 0, 0, 1, -1, 0, 0, 0, 0, 0, -1, 1, 1, -1, 0 ], 
      [ 0, 1, 0, 0, 0, 0, -1, 1, 0, 0, 0, -1, -1, 1, 0, 1, -1, 0, 0, 0, 0 ], 
      [ 0, 1, 0, 0, 0, 0, -1, 1, -1, 1, 0, -1, 1, -1, 0, 0, 0, 0, 0, 0, 0 ], 
      [ 0, 1, 0, 0, 0, 0, -1, 1, 0, 0, 0, -1, 0, -1, 0, 0, 1, 0, 0, 0, 0 ], 
      [ 0, 1, 0, 0, 0, 1, -1, 1, 0, 0, -1, -1, 0, -1, 2, 0, 1, -1, 0, 0, -1 ], 
      [ 0, 1, 0, 0, 0, 0, -1, 1, 0, -1, 0, -1, 0, 1, 0, 0, 0, 0, 0, 0, 0 ], 
      [ 0, 0, 0, 0, 0, 0, 0, 0, 0, 1, -1, 0, 0, -1, 1, 0, 1, -1, 0, 0, 0 ], 
      [ 1, 1, 0, 0, 0, 0, -2, 1, 0, 0, 0, -1, 0, 0, 0, 0, 0, 0, 0, 0, 0 ], 
      [ 0, -1, -1, 0, 0, 0, 1, -1, 1, 0, 0, 2, -1, 0, 0, 1, 0, 0, 0, 0, 0 ], 
      [ 0, -1, -1, 0, 0, 0, 1, -1, 0, 0, 0, 2, -1, 0, 0, 1, 0, 0, 0, 0, 0 ], 
      [ 0, -1, 0, 0, 0, 0, 1, -1, 0, 0, 0, 1, 0, 1, -1, 0, -1, 1, 0, 0, 0 ], 
      [ 0, -1, 0, 0, 0, 0, 1, -1, 0, 0, 1, 1, 0, 0, -1, 0, 0, 0, 0, 0, 0 ], 
      [ 0, 0, -1, 0, 0, 0, 0, -1, 1, 0, 0, 2, -2, 0, 0, 1, 0, 0, 0, 0, 0 ], 
      [ 0, 0, 0, 0, 0, 0, 0, 0, 0, -1, 1, 0, 0, 2, -2, 0, -1, 1, 0, 0, 0 ], 
      [ 0, 0, 0, 0, 0, 0, 0, 0, 0, 0, 1, 0, 0, 0, -2, 0, 0, 1, 0, 0, 0 ], 
      [ 0, 0, 0, 0, 0, 0, 0, 0, 0, 0, 0, 0, 0, 0, 1, 0, 0, 0, 0, 0, 0 ], 
      [ 0, 1, 0, 0, 0, 0, 0, 0, 0, 0, 0, -1, 0, 0, 0, 0, 0, 0, 0, 0, 0 ], 
      [ 0, 0, 0, 1, 0, 0, 0, 0, 0, 0, 0, 0, 0, 0, 0, -1, 1, 0, -1, 0, 0 ], 
      [ 0, 0, 0, 0, 0, 1, 0, 0, 0, 0, 0, 0, 0, 0, 0, 0, 0, 0, 0, 0, -1 ] ],
  ListInformations := 
   [ [ [ 2, [ 65, 123 ] ], [ 2, [ 65, 123 ] ], [ 125, [ 4, 62 ] ], [ 125, [ 4, 62 ] ], [ 125, [ 4, 62 ] ], 
          [ 2, [ 65, 123 ] ] ], 
      [ [ 3, [ 64, 123 ] ], [ 3, [ 64, 123 ] ], [ 124, [ 4, 63 ] ], [ 124, [ 4, 63 ] ], [ 124, [ 4, 63 ] ], 
          [ 3, [ 64, 123 ] ] ], 
      [ [ 121, [ 4, 68 ] ], [ 121, [ 4, 68 ] ], [ 6, [ 59, 123 ] ], [ 6, [ 59, 123 ] ], [ 6, [ 59, 123 ] ], 
          [ 121, [ 4, 68 ] ] ], 
      [ [ 120, [ 4, 69 ] ], [ 120, [ 4, 69 ] ], [ 7, [ 58, 123 ] ], [ 7, [ 58, 123 ] ], [ 7, [ 58, 123 ] ], 
          [ 120, [ 4, 69 ] ] ], 
      [ [ 116, [ 4, 74 ] ], [ 116, [ 4, 74 ] ], [ 11, [ 53, 123 ] ], [ 11, [ 53, 123 ] ], [ 11, [ 53, 123 ] ], 
          [ 116, [ 4, 74 ] ] ], 
      [ [ 111, [ 4, 82 ] ], [ 111, [ 4, 82 ] ], [ 16, [ 45, 123 ] ], [ 16, [ 45, 123 ] ], [ 16, [ 45, 123 ] ], 
          [ 111, [ 4, 82 ] ] ], 
      [ [ 91, [ 102, 4 ] ], [ 91, [ 102, 4 ] ], [ 36, [ 123, 25 ] ], [ 36, [ 123, 25 ] ], [ 36, [ 123, 25 ] ], 
          [ 91, [ 102, 4 ] ] ], 
      [ [ 121, [ 5, 64 ] ], [ 121, [ 5, 64 ] ], [ 6, [ 63, 122 ] ], [ 6, [ 63, 122 ] ], [ 6, [ 63, 122 ] ], 
          [ 121, [ 5, 64 ] ] ], 
      [ [ 120, [ 5, 65 ] ], [ 120, [ 5, 65 ] ], [ 7, [ 62, 122 ] ], [ 7, [ 62, 122 ] ], [ 7, [ 62, 122 ] ], 
          [ 120, [ 5, 65 ] ] ], 
      [ [ 6, [ 79, 109 ] ], [ 6, [ 79, 109 ] ], [ 121, [ 18, 48 ] ], [ 121, [ 18, 48 ] ], [ 121, [ 18, 48 ] ], 
          [ 6, [ 79, 109 ] ] ], 
      [ [ 7, [ 79, 108 ] ], [ 7, [ 79, 108 ] ], [ 120, [ 19, 48 ] ], [ 120, [ 19, 48 ] ], [ 120, [ 19, 48 ] ], 
          [ 7, [ 79, 108 ] ] ], 
      [ [ 7, [ 80, 107 ] ], [ 7, [ 80, 107 ] ], [ 120, [ 20, 47 ] ], [ 120, [ 20, 47 ] ], [ 120, [ 20, 47 ] ], 
          [ 7, [ 80, 107 ] ] ], 
      [ [ 7, [ 88, 99 ] ], [ 7, [ 88, 99 ] ], [ 120, [ 28, 39 ] ], [ 120, [ 28, 39 ] ], [ 120, [ 28, 39 ] ], 
          [ 7, [ 88, 99 ] ] ], [ [ 118, [ 8, 64 ] ], [ 118, [ 8, 64 ] ], [ 9, [ 63, 119 ] ], [ 9, [ 63, 119 ] ],
          [ 9, [ 63, 119 ] ], [ 118, [ 8, 64 ] ] ], 
      [ [ 117, [ 8, 65 ] ], [ 117, [ 8, 65 ] ], [ 10, [ 62, 119 ] ], [ 10, [ 62, 119 ] ], [ 10, [ 62, 119 ] ], 
          [ 117, [ 8, 65 ] ] ], [ [ 11, [ 79, 103 ] ], [ 11, [ 79, 103 ] ], [ 116, [ 24, 48 ] ], 
          [ 116, [ 24, 48 ] ], [ 116, [ 24, 48 ] ], [ 11, [ 79, 103 ] ] ], 
      [ [ 11, [ 83, 99 ] ], [ 11, [ 83, 99 ] ], [ 116, [ 28, 44 ] ], [ 116, [ 28, 44 ] ], [ 116, [ 28, 44 ] ], 
          [ 11, [ 83, 99 ] ] ], [ [ 12, [ 79, 102 ] ], [ 12, [ 79, 102 ] ], [ 115, [ 25, 48 ] ], 
          [ 115, [ 25, 48 ] ], [ 115, [ 25, 48 ] ], [ 12, [ 79, 102 ] ] ], 
      [ [ 12, [ 80, 101 ] ], [ 12, [ 80, 101 ] ], [ 115, [ 26, 47 ] ], [ 115, [ 26, 47 ] ], [ 115, [ 26, 47 ] ],
          [ 12, [ 80, 101 ] ] ], 
      [ [ 12, [ 82, 99 ] ], [ 12, [ 82, 99 ] ], [ 115, [ 28, 45 ] ], [ 115, [ 28, 45 ] ], [ 115, [ 28, 45 ] ], 
          [ 12, [ 82, 99 ] ] ], [ [ 112, [ 13, 65 ] ], [ 112, [ 13, 65 ] ], [ 15, [ 62, 114 ] ], 
          [ 15, [ 62, 114 ] ], [ 15, [ 62, 114 ] ], [ 112, [ 13, 65 ] ] ], 
      [ [ 78, [ 99, 13 ] ], [ 78, [ 99, 13 ] ], [ 49, [ 114, 28 ] ], [ 49, [ 114, 28 ] ], [ 49, [ 114, 28 ] ], 
          [ 78, [ 99, 13 ] ] ], 
      [ [ 98, [ 13, 86 ] ], [ 98, [ 13, 86 ] ], [ 29, [ 41, 114 ] ], [ 29, [ 41, 114 ] ], [ 29, [ 41, 114 ] ], 
          [ 98, [ 13, 86 ] ] ], 
      [ [ 98, [ 20, 79 ] ], [ 98, [ 20, 79 ] ], [ 29, [ 48, 107 ] ], [ 29, [ 48, 107 ] ], [ 29, [ 48, 107 ] ], 
          [ 98, [ 20, 79 ] ] ], 
      [ [ 97, [ 26, 79 ] ], [ 97, [ 26, 79 ] ], [ 30, [ 48, 101 ] ], [ 30, [ 48, 101 ] ], [ 30, [ 48, 101 ] ], 
          [ 97, [ 26, 79 ] ] ], 
      [ [ 95, [ 28, 80 ] ], [ 95, [ 28, 80 ] ], [ 32, [ 47, 99 ] ], [ 32, [ 47, 99 ] ], [ 32, [ 47, 99 ] ], 
          [ 95, [ 28, 80 ] ] ], 
      [ [ 29, [ 71, 96 ] ], [ 29, [ 71, 96 ] ], [ 98, [ 31, 56 ] ], [ 98, [ 31, 56 ] ], [ 98, [ 31, 56 ] ], 
          [ 29, [ 71, 96 ] ] ], 
      [ [ 30, [ 65, 96 ] ], [ 30, [ 65, 96 ] ], [ 97, [ 31, 62 ] ], [ 97, [ 31, 62 ] ], [ 97, [ 31, 62 ] ], 
          [ 30, [ 65, 96 ] ] ], 
      [ [ 95, [ 31, 64 ] ], [ 95, [ 31, 64 ] ], [ 32, [ 63, 96 ] ], [ 32, [ 63, 96 ] ], [ 32, [ 63, 96 ] ], 
          [ 95, [ 31, 64 ] ] ], 
      [ [ 93, [ 33, 64 ] ], [ 93, [ 33, 64 ] ], [ 34, [ 63, 94 ] ], [ 34, [ 63, 94 ] ], [ 34, [ 63, 94 ] ], 
          [ 93, [ 33, 64 ] ] ], 
      [ [ 78, [ 79, 33 ] ], [ 78, [ 79, 33 ] ], [ 49, [ 94, 48 ] ], [ 49, [ 94, 48 ] ], [ 49, [ 94, 48 ] ], 
          [ 78, [ 79, 33 ] ] ], 
      [ [ 52, [ 67, 71 ] ], [ 52, [ 67, 71 ] ], [ 75, [ 56, 60 ] ], [ 75, [ 56, 60 ] ], [ 75, [ 56, 60 ] ], 
          [ 52, [ 67, 71 ] ] ], 
      [ [ 61, [ 64, 65 ] ], [ 61, [ 64, 65 ] ], [ 66, [ 62, 63 ] ], [ 66, [ 62, 63 ] ], [ 66, [ 62, 63 ] ], 
          [ 61, [ 64, 65 ] ] ] ],
  Status := "NO",
  TheCtype := [ [ -1, 0, 0, 0, -1, 0 ], [ -1, 0, 0, 0, -1, 1 ], [ -1, 0, 0, 0, 0, -1 ], [ -1, 0, 0, 0, 0, 0 ], 
      [ -1, 0, 0, 1, -1, 0 ], [ -1, 0, 0, 1, -1, 1 ], [ -1, 0, 0, 1, 0, -1 ], [ -1, 0, 1, -1, 0, 0 ], 
      [ -1, 0, 1, -1, 0, 1 ], [ -1, 0, 1, -1, 1, -1 ], [ -1, 0, 1, -1, 1, 0 ], [ -1, 0, 1, 0, -1, 0 ], 
      [ -1, 1, -1, 0, 0, 0 ], [ -1, 1, -1, 0, 0, 1 ], [ -1, 1, -1, 0, 1, -1 ], [ -1, 1, -1, 0, 1, 0 ], 
      [ -1, 1, -1, 1, -1, 0 ], [ -1, 1, -1, 1, -1, 1 ], [ -1, 1, -1, 1, 0, -1 ], [ -1, 1, -1, 1, 0, 0 ], 
      [ -1, 1, 0, -1, 0, 0 ], [ -1, 1, 0, -1, 0, 1 ], [ -1, 1, 0, -1, 1, -1 ], [ -1, 1, 0, -1, 1, 0 ], 
      [ -1, 1, 0, 0, -1, 0 ], [ -1, 1, 0, 0, -1, 1 ], [ -1, 1, 0, 0, 0, -1 ], [ -1, 1, 0, 0, 0, 0 ], 
      [ -1, 2, -2, 1, 0, 0 ], [ -1, 2, -1, 0, -1, 1 ], [ -1, 2, -1, 0, 0, 0 ], [ -1, 2, -1, 0, 0, 1 ], 
      [ 0, -1, 0, 0, 0, 0 ], [ 0, -1, 0, 0, 0, 1 ], [ 0, -1, 0, 0, 1, -1 ], [ 0, -1, 0, 0, 1, 0 ], 
      [ 0, -1, 0, 1, -1, 0 ], [ 0, -1, 0, 1, -1, 1 ], [ 0, -1, 0, 1, 0, -1 ], [ 0, -1, 0, 1, 0, 0 ], 
      [ 0, -1, 1, -1, 0, 0 ], [ 0, -1, 1, -1, 0, 1 ], [ 0, -1, 1, -1, 1, -1 ], [ 0, -1, 1, -1, 1, 0 ], 
      [ 0, -1, 1, 0, -1, 0 ], [ 0, -1, 1, 0, -1, 1 ], [ 0, -1, 1, 0, 0, -1 ], [ 0, -1, 1, 0, 0, 0 ], 
      [ 0, 0, -1, 0, 0, 0 ], [ 0, 0, -1, 0, 0, 1 ], [ 0, 0, -1, 0, 1, -1 ], [ 0, 0, -1, 0, 1, 0 ], 
      [ 0, 0, -1, 1, -1, 0 ], [ 0, 0, -1, 1, -1, 1 ], [ 0, 0, -1, 1, 0, -1 ], [ 0, 0, -1, 1, 0, 0 ], 
      [ 0, 0, 0, -1, 0, 0 ], [ 0, 0, 0, -1, 0, 1 ], [ 0, 0, 0, -1, 1, -1 ], [ 0, 0, 0, -1, 1, 0 ], 
      [ 0, 0, 0, 0, -1, 0 ], [ 0, 0, 0, 0, -1, 1 ], [ 0, 0, 0, 0, 0, -1 ], [ 0, 0, 0, 0, 0, 1 ], 
      [ 0, 0, 0, 0, 1, -1 ], [ 0, 0, 0, 0, 1, 0 ], [ 0, 0, 0, 1, -1, 0 ], [ 0, 0, 0, 1, -1, 1 ], 
      [ 0, 0, 0, 1, 0, -1 ], [ 0, 0, 0, 1, 0, 0 ], [ 0, 0, 1, -1, 0, 0 ], [ 0, 0, 1, -1, 0, 1 ], 
      [ 0, 0, 1, -1, 1, -1 ], [ 0, 0, 1, -1, 1, 0 ], [ 0, 0, 1, 0, -1, 0 ], [ 0, 0, 1, 0, -1, 1 ], 
      [ 0, 0, 1, 0, 0, -1 ], [ 0, 0, 1, 0, 0, 0 ], [ 0, 1, -1, 0, 0, 0 ], [ 0, 1, -1, 0, 0, 1 ], 
      [ 0, 1, -1, 0, 1, -1 ], [ 0, 1, -1, 0, 1, 0 ], [ 0, 1, -1, 1, -1, 0 ], [ 0, 1, -1, 1, -1, 1 ], 
      [ 0, 1, -1, 1, 0, -1 ], [ 0, 1, -1, 1, 0, 0 ], [ 0, 1, 0, -1, 0, 0 ], [ 0, 1, 0, -1, 0, 1 ], 
      [ 0, 1, 0, -1, 1, -1 ], [ 0, 1, 0, -1, 1, 0 ], [ 0, 1, 0, 0, -1, 0 ], [ 0, 1, 0, 0, -1, 1 ], 
      [ 0, 1, 0, 0, 0, -1 ], [ 0, 1, 0, 0, 0, 0 ], [ 1, -2, 1, 0, 0, -1 ], [ 1, -2, 1, 0, 0, 0 ], 
      [ 1, -2, 1, 0, 1, -1 ], [ 1, -2, 2, -1, 0, 0 ], [ 1, -1, 0, 0, 0, 0 ], [ 1, -1, 0, 0, 0, 1 ], 
      [ 1, -1, 0, 0, 1, -1 ], [ 1, -1, 0, 0, 1, 0 ], [ 1, -1, 0, 1, -1, 0 ], [ 1, -1, 0, 1, -1, 1 ], 
      [ 1, -1, 0, 1, 0, -1 ], [ 1, -1, 0, 1, 0, 0 ], [ 1, -1, 1, -1, 0, 0 ], [ 1, -1, 1, -1, 0, 1 ], 
      [ 1, -1, 1, -1, 1, -1 ], [ 1, -1, 1, -1, 1, 0 ], [ 1, -1, 1, 0, -1, 0 ], [ 1, -1, 1, 0, -1, 1 ], 
      [ 1, -1, 1, 0, 0, -1 ], [ 1, -1, 1, 0, 0, 0 ], [ 1, 0, -1, 0, 1, 0 ], [ 1, 0, -1, 1, -1, 0 ], 
      [ 1, 0, -1, 1, -1, 1 ], [ 1, 0, -1, 1, 0, -1 ], [ 1, 0, -1, 1, 0, 0 ], [ 1, 0, 0, -1, 0, 1 ], 
      [ 1, 0, 0, -1, 1, -1 ], [ 1, 0, 0, -1, 1, 0 ], [ 1, 0, 0, 0, 0, 0 ], [ 1, 0, 0, 0, 0, 1 ], 
      [ 1, 0, 0, 0, 1, -1 ], [ 1, 0, 0, 0, 1, 0 ] ],
  eInvariant := rec(
      nbFac := 33,
      nbIneq := 927 ) );
