return rec(
  CharMat := [ [ 22, 14, 6, 1, -7, -6 ], [ 14, 28, 19, 9, 5, 1 ], [ 6, 19, 31, 20, 14, 8 ], 
      [ 1, 9, 20, 33, 22, 14 ], [ -7, 5, 14, 22, 32, 19 ], [ -6, 1, 8, 14, 19, 21 ] ],
  ListInequalities := [ [ 0, 0, 0, 0, 0, 0, 0, -1, 1, 0, 0, 0, 0, 0, 0, 0, 0, -1, 0, 1, 0 ], 
      [ 0, 0, 0, 0, 0, 0, 0, -1, 1, 0, -1, 0, 0, 0, 0, 0, 0, 0, 0, 0, 0 ], 
      [ 0, 0, 0, 0, 0, 0, 0, 0, 0, -1, 1, 0, 0, 0, 0, 0, 0, 0, 0, 0, 0 ], 
      [ 0, 0, 0, 0, 0, 0, 0, 0, 1, 0, 0, 0, 0, 0, 0, 0, 0, 0, 0, 0, 0 ], 
      [ 0, 0, 0, 0, 0, 0, 1, -1, 0, 1, 0, 0, 0, 0, 0, 0, 0, 0, 0, 0, 0 ], 
      [ 1, 0, 0, 0, 0, 0, -1, 0, 0, 1, 0, 0, 0, 0, 0, 0, 0, 0, 0, 0, 0 ], 
      [ 0, 0, 0, 0, 0, 0, 0, 0, 0, 0, -1, 0, 0, 0, 0, 0, 0, 0, 0, 1, -1 ], 
      [ 0, 0, 0, 0, 1, 0, 0, 0, 0, 1, 0, 0, 0, 0, 0, 0, 0, 0, -1, 0, 0 ], 
      [ 0, 0, 0, 0, 0, 1, 0, 0, 0, 0, 1, 0, 0, 0, 0, 0, 0, 0, 0, -1, 0 ], 
      [ 0, 0, 0, 0, 0, 0, 0, 0, 0, 1, -1, 0, 0, 0, 0, 0, -1, 1, 1, -1, 0 ], 
      [ 0, 1, 0, 0, 0, 0, -1, 1, 0, 0, 0, -1, 0, 0, 0, 0, 0, 0, 0, 0, 0 ], 
      [ 0, 0, 0, 0, 0, 0, 0, 0, 0, 0, 1, 0, 0, 0, -1, 0, 0, 1, 0, 0, 0 ], 
      [ 0, 0, 0, 0, 0, 0, 0, 0, 0, 1, -1, 0, 0, -1, 1, 0, 1, -1, 0, 0, 0 ], 
      [ 0, 0, 0, 1, 0, 0, 0, 0, -1, 1, 0, 0, 1, -1, 0, -1, 1, 0, -1, 0, 0 ], 
      [ 0, 0, 0, 0, 0, 0, 0, -1, 0, 1, 0, 1, 0, -1, 0, 0, 0, 0, 0, 0, 0 ], 
      [ 0, -1, 0, 0, 0, 0, 1, 0, 0, 0, 0, 1, -1, 1, 0, 0, 0, 0, 0, 0, 0 ], 
      [ 0, 0, 0, 0, 1, 0, 0, 0, -1, 1, 0, 0, 1, -1, 0, 0, 0, 0, -1, 1, -1 ], 
      [ 0, 0, 0, 0, 0, 0, 0, 0, -1, 0, 1, 0, 1, 0, -1, 0, 0, 0, 0, 0, 0 ], 
      [ 0, 0, 0, 0, 0, 0, 0, 0, -1, 1, 0, 0, 1, -1, 0, 0, 0, 0, 0, -1, 1 ], 
      [ 0, -1, 0, 0, 0, 0, 1, -1, 0, 0, 0, 1, -1, 1, 0, 1, -1, 0, 0, 0, 0 ], 
      [ 0, 0, 0, 0, 0, 0, 0, 0, 0, 0, 0, 0, 0, 0, 1, 0, 0, 0, 0, 0, 0 ], 
      [ 0, 0, 1, 0, 0, 0, 0, 0, 0, 0, 0, -1, 1, 0, 0, -1, 0, 0, 0, 0, 0 ] ],
  ListInformations := 
   [ [ [ 1, [ 71, 123 ] ], [ 1, [ 71, 123 ] ], [ 126, [ 4, 56 ] ], [ 126, [ 4, 56 ] ], [ 126, [ 4, 56 ] ], 
          [ 1, [ 71, 123 ] ] ], 
      [ [ 1, [ 72, 122 ] ], [ 1, [ 72, 122 ] ], [ 126, [ 5, 55 ] ], [ 126, [ 5, 55 ] ], [ 126, [ 5, 55 ] ], 
          [ 1, [ 72, 122 ] ] ], 
      [ [ 3, [ 65, 122 ] ], [ 3, [ 65, 122 ] ], [ 124, [ 5, 62 ] ], [ 124, [ 5, 62 ] ], [ 124, [ 5, 62 ] ], 
          [ 3, [ 65, 122 ] ] ], 
      [ [ 118, [ 5, 70 ] ], [ 118, [ 5, 70 ] ], [ 9, [ 57, 122 ] ], [ 9, [ 57, 122 ] ], [ 9, [ 57, 122 ] ], 
          [ 118, [ 5, 70 ] ] ], 
      [ [ 108, [ 5, 82 ] ], [ 108, [ 5, 82 ] ], [ 19, [ 45, 122 ] ], [ 19, [ 45, 122 ] ], [ 19, [ 45, 122 ] ], 
          [ 108, [ 5, 82 ] ] ], 
      [ [ 91, [ 100, 5 ] ], [ 91, [ 100, 5 ] ], [ 36, [ 122, 27 ] ], [ 36, [ 122, 27 ] ], [ 36, [ 122, 27 ] ], 
          [ 91, [ 100, 5 ] ] ], 
      [ [ 6, [ 64, 120 ] ], [ 6, [ 64, 120 ] ], [ 121, [ 7, 63 ] ], [ 121, [ 7, 63 ] ], [ 121, [ 7, 63 ] ], 
          [ 6, [ 64, 120 ] ] ], 
      [ [ 118, [ 7, 66 ] ], [ 118, [ 7, 66 ] ], [ 9, [ 61, 120 ] ], [ 9, [ 61, 120 ] ], [ 9, [ 61, 120 ] ], 
          [ 118, [ 7, 66 ] ] ], 
      [ [ 118, [ 8, 64 ] ], [ 118, [ 8, 64 ] ], [ 9, [ 63, 119 ] ], [ 9, [ 63, 119 ] ], [ 9, [ 63, 119 ] ], 
          [ 118, [ 8, 64 ] ] ], [ [ 116, [ 10, 65 ] ], [ 116, [ 10, 65 ] ], [ 11, [ 62, 117 ] ], 
          [ 11, [ 62, 117 ] ], [ 11, [ 62, 117 ] ], [ 116, [ 10, 65 ] ] ], 
      [ [ 15, [ 79, 97 ] ], [ 15, [ 79, 97 ] ], [ 112, [ 30, 48 ] ], [ 112, [ 30, 48 ] ], [ 112, [ 30, 48 ] ], 
          [ 15, [ 79, 97 ] ] ], [ [ 110, [ 16, 64 ] ], [ 110, [ 16, 64 ] ], [ 17, [ 63, 111 ] ], 
          [ 17, [ 63, 111 ] ], [ 17, [ 63, 111 ] ], [ 110, [ 16, 64 ] ] ], 
      [ [ 109, [ 16, 65 ] ], [ 109, [ 16, 65 ] ], [ 18, [ 62, 111 ] ], [ 18, [ 62, 111 ] ], [ 18, [ 62, 111 ] ],
          [ 109, [ 16, 65 ] ] ], [ [ 19, [ 67, 104 ] ], [ 19, [ 67, 104 ] ], [ 108, [ 23, 60 ] ], 
          [ 108, [ 23, 60 ] ], [ 108, [ 23, 60 ] ], [ 19, [ 67, 104 ] ] ], 
      [ [ 19, [ 75, 97 ] ], [ 19, [ 75, 97 ] ], [ 108, [ 30, 52 ] ], [ 108, [ 30, 52 ] ], [ 108, [ 30, 52 ] ], 
          [ 19, [ 75, 97 ] ] ], 
      [ [ 95, [ 20, 94 ] ], [ 95, [ 20, 94 ] ], [ 32, [ 33, 107 ] ], [ 32, [ 33, 107 ] ], [ 32, [ 33, 107 ] ], 
          [ 95, [ 20, 94 ] ] ], 
      [ [ 25, [ 67, 99 ] ], [ 25, [ 67, 99 ] ], [ 102, [ 28, 60 ] ], [ 102, [ 28, 60 ] ], [ 102, [ 28, 60 ] ], 
          [ 25, [ 67, 99 ] ] ], 
      [ [ 25, [ 69, 97 ] ], [ 25, [ 69, 97 ] ], [ 102, [ 30, 58 ] ], [ 102, [ 30, 58 ] ], [ 102, [ 30, 58 ] ], 
          [ 25, [ 69, 97 ] ] ], 
      [ [ 26, [ 67, 98 ] ], [ 26, [ 67, 98 ] ], [ 101, [ 29, 60 ] ], [ 101, [ 29, 60 ] ], [ 101, [ 29, 60 ] ], 
          [ 26, [ 67, 98 ] ] ], 
      [ [ 95, [ 31, 79 ] ], [ 95, [ 31, 79 ] ], [ 32, [ 48, 96 ] ], [ 32, [ 48, 96 ] ], [ 32, [ 48, 96 ] ], 
          [ 95, [ 31, 79 ] ] ], 
      [ [ 93, [ 33, 64 ] ], [ 93, [ 33, 64 ] ], [ 34, [ 63, 94 ] ], [ 34, [ 63, 94 ] ], [ 34, [ 63, 94 ] ], 
          [ 93, [ 33, 64 ] ] ], 
      [ [ 40, [ 71, 79 ] ], [ 40, [ 71, 79 ] ], [ 87, [ 48, 56 ] ], [ 87, [ 48, 56 ] ], [ 87, [ 48, 56 ] ], 
          [ 40, [ 71, 79 ] ] ] ],
  Status := "NO",
  TheCtype := [ [ -1, 0, -1, 1, 0, -1 ], [ -1, 0, 0, 0, -1, 0 ], [ -1, 0, 0, 0, -1, 1 ], [ -1, 0, 0, 0, 0, -1 ],
      [ -1, 0, 0, 0, 0, 0 ], [ -1, 0, 0, 1, -1, -1 ], [ -1, 0, 0, 1, -1, 0 ], [ -1, 0, 0, 1, 0, -1 ], 
      [ -1, 0, 0, 1, 0, 0 ], [ -1, 0, 1, -1, 0, 0 ], [ -1, 0, 1, -1, 1, -1 ], [ -1, 0, 1, 0, -1, 0 ], 
      [ -1, 0, 1, 0, -1, 1 ], [ -1, 0, 1, 0, 0, -1 ], [ -1, 0, 1, 0, 0, 0 ], [ -1, 1, -1, 0, 0, 0 ], 
      [ -1, 1, -1, 0, 0, 1 ], [ -1, 1, -1, 0, 1, -1 ], [ -1, 1, -1, 0, 1, 0 ], [ -1, 1, -1, 1, -1, 0 ], 
      [ -1, 1, -1, 1, -1, 1 ], [ -1, 1, -1, 1, 0, -1 ], [ -1, 1, -1, 1, 0, 0 ], [ -1, 1, 0, -1, 0, 0 ], 
      [ -1, 1, 0, -1, 0, 1 ], [ -1, 1, 0, -1, 1, -1 ], [ -1, 1, 0, 0, -1, 0 ], [ -1, 1, 0, 0, -1, 1 ], 
      [ -1, 1, 0, 0, 0, -1 ], [ -1, 1, 0, 0, 0, 0 ], [ -1, 1, 0, 1, -1, 0 ], [ -1, 2, -1, 1, -1, 0 ], 
      [ 0, -1, 0, 0, 0, 0 ], [ 0, -1, 0, 0, 0, 1 ], [ 0, -1, 0, 0, 1, -1 ], [ 0, -1, 0, 0, 1, 0 ], 
      [ 0, -1, 0, 1, -1, 0 ], [ 0, -1, 0, 1, -1, 1 ], [ 0, -1, 0, 1, 0, -1 ], [ 0, -1, 0, 1, 0, 0 ], 
      [ 0, -1, 1, -1, 0, 0 ], [ 0, -1, 1, -1, 0, 1 ], [ 0, -1, 1, -1, 1, -1 ], [ 0, -1, 1, -1, 1, 0 ], 
      [ 0, -1, 1, 0, -1, 0 ], [ 0, -1, 1, 0, -1, 1 ], [ 0, -1, 1, 0, 0, -1 ], [ 0, -1, 1, 0, 0, 0 ], 
      [ 0, 0, -1, 0, 0, 0 ], [ 0, 0, -1, 0, 0, 1 ], [ 0, 0, -1, 0, 1, -1 ], [ 0, 0, -1, 0, 1, 0 ], 
      [ 0, 0, -1, 1, -1, 0 ], [ 0, 0, -1, 1, -1, 1 ], [ 0, 0, -1, 1, 0, -1 ], [ 0, 0, -1, 1, 0, 0 ], 
      [ 0, 0, 0, -1, 0, 0 ], [ 0, 0, 0, -1, 0, 1 ], [ 0, 0, 0, -1, 1, -1 ], [ 0, 0, 0, -1, 1, 0 ], 
      [ 0, 0, 0, 0, -1, 0 ], [ 0, 0, 0, 0, -1, 1 ], [ 0, 0, 0, 0, 0, -1 ], [ 0, 0, 0, 0, 0, 1 ], 
      [ 0, 0, 0, 0, 1, -1 ], [ 0, 0, 0, 0, 1, 0 ], [ 0, 0, 0, 1, -1, 0 ], [ 0, 0, 0, 1, -1, 1 ], 
      [ 0, 0, 0, 1, 0, -1 ], [ 0, 0, 0, 1, 0, 0 ], [ 0, 0, 1, -1, 0, 0 ], [ 0, 0, 1, -1, 0, 1 ], 
      [ 0, 0, 1, -1, 1, -1 ], [ 0, 0, 1, -1, 1, 0 ], [ 0, 0, 1, 0, -1, 0 ], [ 0, 0, 1, 0, -1, 1 ], 
      [ 0, 0, 1, 0, 0, -1 ], [ 0, 0, 1, 0, 0, 0 ], [ 0, 1, -1, 0, 0, 0 ], [ 0, 1, -1, 0, 0, 1 ], 
      [ 0, 1, -1, 0, 1, -1 ], [ 0, 1, -1, 0, 1, 0 ], [ 0, 1, -1, 1, -1, 0 ], [ 0, 1, -1, 1, -1, 1 ], 
      [ 0, 1, -1, 1, 0, -1 ], [ 0, 1, -1, 1, 0, 0 ], [ 0, 1, 0, -1, 0, 0 ], [ 0, 1, 0, -1, 0, 1 ], 
      [ 0, 1, 0, -1, 1, -1 ], [ 0, 1, 0, -1, 1, 0 ], [ 0, 1, 0, 0, -1, 0 ], [ 0, 1, 0, 0, -1, 1 ], 
      [ 0, 1, 0, 0, 0, -1 ], [ 0, 1, 0, 0, 0, 0 ], [ 1, -2, 1, -1, 1, 0 ], [ 1, -1, 0, -1, 1, 0 ], 
      [ 1, -1, 0, 0, 0, 0 ], [ 1, -1, 0, 0, 0, 1 ], [ 1, -1, 0, 0, 1, -1 ], [ 1, -1, 0, 0, 1, 0 ], 
      [ 1, -1, 0, 1, -1, 1 ], [ 1, -1, 0, 1, 0, -1 ], [ 1, -1, 0, 1, 0, 0 ], [ 1, -1, 1, -1, 0, 0 ], 
      [ 1, -1, 1, -1, 0, 1 ], [ 1, -1, 1, -1, 1, -1 ], [ 1, -1, 1, -1, 1, 0 ], [ 1, -1, 1, 0, -1, 0 ], 
      [ 1, -1, 1, 0, -1, 1 ], [ 1, -1, 1, 0, 0, -1 ], [ 1, -1, 1, 0, 0, 0 ], [ 1, 0, -1, 0, 0, 0 ], 
      [ 1, 0, -1, 0, 0, 1 ], [ 1, 0, -1, 0, 1, -1 ], [ 1, 0, -1, 0, 1, 0 ], [ 1, 0, -1, 1, -1, 1 ], 
      [ 1, 0, -1, 1, 0, 0 ], [ 1, 0, 0, -1, 0, 0 ], [ 1, 0, 0, -1, 0, 1 ], [ 1, 0, 0, -1, 1, 0 ], 
      [ 1, 0, 0, -1, 1, 1 ], [ 1, 0, 0, 0, 0, 0 ], [ 1, 0, 0, 0, 0, 1 ], [ 1, 0, 0, 0, 1, -1 ], 
      [ 1, 0, 0, 0, 1, 0 ], [ 1, 0, 1, -1, 0, 1 ] ],
  eInvariant := rec(
      nbFac := 22,
      nbIneq := 921 ) );
