return rec(
  CharMat := [ [ 20, 12, 4, -1, -4, -7 ], [ 12, 25, 16, 10, 5, 1 ], [ 4, 16, 31, 24, 16, 9 ], 
      [ -1, 10, 24, 36, 25, 15 ], [ -4, 5, 16, 25, 29, 21 ], [ -7, 1, 9, 15, 21, 27 ] ],
  ListInequalities := [ [ 0, 0, 0, 0, 0, 0, 0, -1, 1, 0, 0, 0, 0, 0, 0, 0, 0, -1, 0, 1, 0 ], 
      [ 0, 0, 0, 0, 0, 0, 0, -1, 1, 0, -1, 0, 0, 0, 0, 0, 0, 0, 0, 0, 0 ], 
      [ 0, 0, 0, 0, 1, 1, 0, 0, 0, -1, 1, 0, 0, 0, 0, 0, 0, 0, -1, 1, -2 ], 
      [ 0, 0, 0, 0, 1, 0, 0, 0, -1, 1, 0, 0, 0, 0, 0, 0, 0, 0, -1, 0, 0 ], 
      [ 0, 0, 0, 0, 0, 0, 0, 0, -1, 0, 0, 0, 0, 0, 0, 0, 0, 0, 0, 0, 0 ], 
      [ 0, 0, 0, 0, 0, 0, 0, 1, -1, 1, 0, 0, 0, 0, 0, 0, 0, 0, 0, 0, 0 ], 
      [ 0, 0, 0, 0, 0, 0, 0, 1, 0, -1, 1, 0, 0, 0, 0, 0, 0, 0, 0, 0, 0 ], 
      [ 0, 0, 0, 0, 0, 0, 1, -1, 0, 0, 1, 0, 0, 0, 0, 0, 0, 0, 0, 0, 0 ], 
      [ 1, 0, 0, 0, 0, 0, -1, 0, 0, 0, 1, 0, 0, 0, 0, 0, 0, 0, 0, 0, 0 ], 
      [ 0, 0, 0, 0, 1, 0, 0, 0, 1, -1, 0, 0, 0, 0, 0, 0, 0, 0, -1, 1, -1 ], 
      [ 0, 0, 0, 0, 1, 0, 0, 0, 0, 1, -1, 0, 0, 0, 0, 0, 0, 0, -1, 1, -1 ], 
      [ 0, 1, 0, 0, 0, 0, -1, 1, 0, 0, 0, -1, 0, 0, 0, 0, 0, 0, 0, 0, 0 ], 
      [ 0, 0, 0, 0, 0, 0, 0, 0, 0, 0, 1, 0, 0, 0, -1, 0, 0, 1, 0, 0, 0 ], 
      [ 0, 0, 0, 0, 0, 0, 0, -1, 1, 0, 0, 1, -1, 0, 0, 0, 0, 0, 0, 0, 0 ], 
      [ 0, 0, 0, 0, -1, 0, 0, 0, 0, 1, -1, 0, 0, -1, 1, 0, 0, 0, 1, -1, 1 ], 
      [ 0, 0, 0, 0, 0, 0, 0, 0, -1, 2, -1, 0, 1, -2, 1, 0, 0, 0, 0, 0, 0 ], 
      [ 0, 0, 0, 0, 0, 0, 0, 0, 0, -1, 1, 0, 0, 1, -1, 0, 0, 0, 0, 0, 0 ], 
      [ 0, 0, 0, 0, 0, 0, 0, 0, 0, 0, 0, 0, 0, 0, 1, 0, 0, 0, 0, 0, 0 ], 
      [ 0, 0, 1, 0, 0, 0, 0, 0, 0, 0, 0, -1, 1, 0, 0, -1, 0, 0, 0, 0, 0 ], 
      [ 0, 0, 0, 0, 1, 0, 0, 0, 0, 0, 0, 0, 0, -1, 1, 0, 1, -1, -1, 1, -1 ], 
      [ 0, 0, 0, 0, 1, 0, 0, 0, 0, 0, 0, 0, -1, 1, 0, 1, -1, 0, -1, 1, -1 ], 
      [ 0, 0, 0, 0, 1, 0, 0, 0, 0, 0, 0, 0, 0, 0, 0, 0, -1, 1, 0, 0, -1 ], 
      [ 0, 0, 0, 1, 1, 0, 0, 0, 0, 0, 0, 0, 0, 0, 0, -1, 1, 0, -2, 1, -1 ] ],
  ListInformations := 
   [ [ [ 1, [ 71, 122 ] ], [ 1, [ 71, 122 ] ], [ 126, [ 5, 56 ] ], [ 126, [ 5, 56 ] ], [ 126, [ 5, 56 ] ], 
          [ 1, [ 71, 122 ] ] ], 
      [ [ 1, [ 72, 121 ] ], [ 1, [ 72, 121 ] ], [ 126, [ 6, 55 ] ], [ 126, [ 6, 55 ] ], [ 126, [ 6, 55 ] ], 
          [ 1, [ 72, 121 ] ] ], 
      [ [ 2, [ 65, 124 ] ], [ 2, [ 65, 124 ] ], [ 125, [ 3, 62 ] ], [ 125, [ 3, 62 ] ], [ 125, [ 3, 62 ] ], 
          [ 2, [ 65, 124 ] ] ], 
      [ [ 2, [ 68, 123 ] ], [ 2, [ 68, 123 ] ], [ 125, [ 4, 59 ] ], [ 125, [ 4, 59 ] ], [ 125, [ 4, 59 ] ], 
          [ 2, [ 68, 123 ] ] ], 
      [ [ 2, [ 70, 121 ] ], [ 2, [ 70, 121 ] ], [ 125, [ 6, 57 ] ], [ 125, [ 6, 57 ] ], [ 125, [ 6, 57 ] ], 
          [ 2, [ 70, 121 ] ] ], 
      [ [ 115, [ 6, 74 ] ], [ 115, [ 6, 74 ] ], [ 12, [ 53, 121 ] ], [ 12, [ 53, 121 ] ], [ 12, [ 53, 121 ] ], 
          [ 115, [ 6, 74 ] ] ], 
      [ [ 113, [ 6, 76 ] ], [ 113, [ 6, 76 ] ], [ 14, [ 51, 121 ] ], [ 14, [ 51, 121 ] ], [ 14, [ 51, 121 ] ], 
          [ 113, [ 6, 76 ] ] ], 
      [ [ 109, [ 6, 80 ] ], [ 109, [ 6, 80 ] ], [ 18, [ 47, 121 ] ], [ 18, [ 47, 121 ] ], [ 18, [ 47, 121 ] ], 
          [ 109, [ 6, 80 ] ] ], 
      [ [ 93, [ 96, 6 ] ], [ 93, [ 96, 6 ] ], [ 34, [ 121, 31 ] ], [ 34, [ 121, 31 ] ], [ 34, [ 121, 31 ] ], 
          [ 93, [ 96, 6 ] ] ], [ [ 118, [ 7, 68 ] ], [ 118, [ 7, 68 ] ], [ 9, [ 59, 120 ] ], [ 9, [ 59, 120 ] ],
          [ 9, [ 59, 120 ] ], [ 118, [ 7, 68 ] ] ], 
      [ [ 118, [ 8, 65 ] ], [ 118, [ 8, 65 ] ], [ 9, [ 62, 119 ] ], [ 9, [ 62, 119 ] ], [ 9, [ 62, 119 ] ], 
          [ 118, [ 8, 65 ] ] ], 
      [ [ 16, [ 79, 95 ] ], [ 16, [ 79, 95 ] ], [ 111, [ 32, 48 ] ], [ 111, [ 32, 48 ] ], [ 111, [ 32, 48 ] ], 
          [ 16, [ 79, 95 ] ] ], [ [ 109, [ 17, 64 ] ], [ 109, [ 17, 64 ] ], [ 18, [ 63, 110 ] ], 
          [ 18, [ 63, 110 ] ], [ 18, [ 63, 110 ] ], [ 109, [ 17, 64 ] ] ], 
      [ [ 24, [ 71, 95 ] ], [ 24, [ 71, 95 ] ], [ 103, [ 32, 56 ] ], [ 103, [ 32, 56 ] ], [ 103, [ 32, 56 ] ], 
          [ 24, [ 71, 95 ] ] ], 
      [ [ 99, [ 27, 65 ] ], [ 99, [ 27, 65 ] ], [ 28, [ 62, 100 ] ], [ 28, [ 62, 100 ] ], [ 28, [ 62, 100 ] ], 
          [ 99, [ 27, 65 ] ] ], 
      [ [ 28, [ 67, 95 ] ], [ 28, [ 67, 95 ] ], [ 99, [ 32, 60 ] ], [ 99, [ 32, 60 ] ], [ 99, [ 32, 60 ] ], 
          [ 28, [ 67, 95 ] ] ], 
      [ [ 30, [ 65, 95 ] ], [ 30, [ 65, 95 ] ], [ 97, [ 32, 62 ] ], [ 97, [ 32, 62 ] ], [ 97, [ 32, 62 ] ], 
          [ 30, [ 65, 95 ] ] ], 
      [ [ 93, [ 33, 64 ] ], [ 93, [ 33, 64 ] ], [ 34, [ 63, 94 ] ], [ 34, [ 63, 94 ] ], [ 34, [ 63, 94 ] ], 
          [ 93, [ 33, 64 ] ] ], 
      [ [ 40, [ 71, 79 ] ], [ 40, [ 71, 79 ] ], [ 87, [ 48, 56 ] ], [ 87, [ 48, 56 ] ], [ 87, [ 48, 56 ] ], 
          [ 40, [ 71, 79 ] ] ], 
      [ [ 42, [ 65, 83 ] ], [ 42, [ 65, 83 ] ], [ 85, [ 44, 62 ] ], [ 85, [ 44, 62 ] ], [ 85, [ 44, 62 ] ], 
          [ 42, [ 65, 83 ] ] ], 
      [ [ 42, [ 68, 81 ] ], [ 42, [ 68, 81 ] ], [ 85, [ 46, 59 ] ], [ 85, [ 46, 59 ] ], [ 85, [ 46, 59 ] ], 
          [ 42, [ 68, 81 ] ] ], 
      [ [ 50, [ 65, 75 ] ], [ 50, [ 65, 75 ] ], [ 77, [ 52, 62 ] ], [ 77, [ 52, 62 ] ], [ 77, [ 52, 62 ] ], 
          [ 50, [ 65, 75 ] ] ], 
      [ [ 50, [ 68, 73 ] ], [ 50, [ 68, 73 ] ], [ 77, [ 54, 59 ] ], [ 77, [ 54, 59 ] ], [ 77, [ 54, 59 ] ], 
          [ 50, [ 68, 73 ] ] ] ],
  Status := "NO",
  TheCtype := [ [ -1, 0, -1, 1, 0, -1 ], [ -1, 0, 0, -1, 0, 0 ], [ -1, 0, 0, -1, 1, -1 ], 
      [ -1, 0, 0, 0, -1, 0 ], [ -1, 0, 0, 0, 0, -1 ], [ -1, 0, 0, 0, 0, 0 ], [ -1, 0, 0, 0, 1, -1 ], 
      [ -1, 0, 0, 1, -1, 0 ], [ -1, 0, 0, 1, 0, -1 ], [ -1, 0, 1, -1, 0, 0 ], [ -1, 0, 1, -1, 1, -1 ], 
      [ -1, 0, 1, -1, 1, 0 ], [ -1, 0, 1, 0, -1, 0 ], [ -1, 0, 1, 0, -1, 1 ], [ -1, 0, 1, 0, 0, -1 ], 
      [ -1, 0, 1, 0, 0, 0 ], [ -1, 1, -1, 0, 0, 0 ], [ -1, 1, -1, 0, 0, 1 ], [ -1, 1, -1, 0, 1, -1 ], 
      [ -1, 1, -1, 0, 1, 0 ], [ -1, 1, -1, 1, -1, 0 ], [ -1, 1, -1, 1, -1, 1 ], [ -1, 1, -1, 1, 0, -1 ], 
      [ -1, 1, -1, 1, 0, 0 ], [ -1, 1, 0, -1, 0, 0 ], [ -1, 1, 0, -1, 1, -1 ], [ -1, 1, 0, -1, 1, 0 ], 
      [ -1, 1, 0, -1, 2, -1 ], [ -1, 1, 0, 0, -1, 0 ], [ -1, 1, 0, 0, -1, 1 ], [ -1, 1, 0, 0, 0, -1 ], 
      [ -1, 1, 0, 0, 0, 0 ], [ 0, -1, 0, 0, 0, 0 ], [ 0, -1, 0, 0, 0, 1 ], [ 0, -1, 0, 0, 1, -1 ], 
      [ 0, -1, 0, 0, 1, 0 ], [ 0, -1, 0, 1, -1, 0 ], [ 0, -1, 0, 1, -1, 1 ], [ 0, -1, 0, 1, 0, -1 ], 
      [ 0, -1, 0, 1, 0, 0 ], [ 0, -1, 1, -1, 0, 0 ], [ 0, -1, 1, -1, 0, 1 ], [ 0, -1, 1, -1, 1, -1 ], 
      [ 0, -1, 1, -1, 1, 0 ], [ 0, -1, 1, 0, -1, 0 ], [ 0, -1, 1, 0, -1, 1 ], [ 0, -1, 1, 0, 0, -1 ], 
      [ 0, -1, 1, 0, 0, 0 ], [ 0, 0, -1, 0, 0, 0 ], [ 0, 0, -1, 0, 0, 1 ], [ 0, 0, -1, 0, 1, -1 ], 
      [ 0, 0, -1, 0, 1, 0 ], [ 0, 0, -1, 1, -1, 0 ], [ 0, 0, -1, 1, -1, 1 ], [ 0, 0, -1, 1, 0, -1 ], 
      [ 0, 0, -1, 1, 0, 0 ], [ 0, 0, 0, -1, 0, 0 ], [ 0, 0, 0, -1, 1, -1 ], [ 0, 0, 0, -1, 1, 0 ], 
      [ 0, 0, 0, -1, 2, -1 ], [ 0, 0, 0, 0, -1, 0 ], [ 0, 0, 0, 0, -1, 1 ], [ 0, 0, 0, 0, 0, -1 ], 
      [ 0, 0, 0, 0, 0, 1 ], [ 0, 0, 0, 0, 1, -1 ], [ 0, 0, 0, 0, 1, 0 ], [ 0, 0, 0, 1, -2, 1 ], 
      [ 0, 0, 0, 1, -1, 0 ], [ 0, 0, 0, 1, -1, 1 ], [ 0, 0, 0, 1, 0, 0 ], [ 0, 0, 1, -1, 0, 0 ], 
      [ 0, 0, 1, -1, 0, 1 ], [ 0, 0, 1, -1, 1, -1 ], [ 0, 0, 1, -1, 1, 0 ], [ 0, 0, 1, 0, -1, 0 ], 
      [ 0, 0, 1, 0, -1, 1 ], [ 0, 0, 1, 0, 0, -1 ], [ 0, 0, 1, 0, 0, 0 ], [ 0, 1, -1, 0, 0, 0 ], 
      [ 0, 1, -1, 0, 0, 1 ], [ 0, 1, -1, 0, 1, -1 ], [ 0, 1, -1, 0, 1, 0 ], [ 0, 1, -1, 1, -1, 0 ], 
      [ 0, 1, -1, 1, -1, 1 ], [ 0, 1, -1, 1, 0, -1 ], [ 0, 1, -1, 1, 0, 0 ], [ 0, 1, 0, -1, 0, 0 ], 
      [ 0, 1, 0, -1, 0, 1 ], [ 0, 1, 0, -1, 1, -1 ], [ 0, 1, 0, -1, 1, 0 ], [ 0, 1, 0, 0, -1, 0 ], 
      [ 0, 1, 0, 0, -1, 1 ], [ 0, 1, 0, 0, 0, -1 ], [ 0, 1, 0, 0, 0, 0 ], [ 1, -1, 0, 0, 0, 0 ], 
      [ 1, -1, 0, 0, 0, 1 ], [ 1, -1, 0, 0, 1, -1 ], [ 1, -1, 0, 0, 1, 0 ], [ 1, -1, 0, 1, -2, 1 ], 
      [ 1, -1, 0, 1, -1, 0 ], [ 1, -1, 0, 1, -1, 1 ], [ 1, -1, 0, 1, 0, 0 ], [ 1, -1, 1, -1, 0, 0 ], 
      [ 1, -1, 1, -1, 0, 1 ], [ 1, -1, 1, -1, 1, -1 ], [ 1, -1, 1, -1, 1, 0 ], [ 1, -1, 1, 0, -1, 0 ], 
      [ 1, -1, 1, 0, -1, 1 ], [ 1, -1, 1, 0, 0, -1 ], [ 1, -1, 1, 0, 0, 0 ], [ 1, 0, -1, 0, 0, 0 ], 
      [ 1, 0, -1, 0, 0, 1 ], [ 1, 0, -1, 0, 1, -1 ], [ 1, 0, -1, 0, 1, 0 ], [ 1, 0, -1, 1, -1, 0 ], 
      [ 1, 0, -1, 1, -1, 1 ], [ 1, 0, -1, 1, 0, 0 ], [ 1, 0, 0, -1, 0, 1 ], [ 1, 0, 0, -1, 1, 0 ], 
      [ 1, 0, 0, 0, -1, 1 ], [ 1, 0, 0, 0, 0, 0 ], [ 1, 0, 0, 0, 0, 1 ], [ 1, 0, 0, 0, 1, 0 ], 
      [ 1, 0, 0, 1, -1, 1 ], [ 1, 0, 0, 1, 0, 0 ], [ 1, 0, 1, -1, 0, 1 ] ],
  eInvariant := rec(
      nbFac := 23,
      nbIneq := 909 ) );
