return rec(
  CharMat := [ [ 10, 7, 4, 1, -2, -1 ], [ 7, 16, 12, 8, 3, 2 ], [ 4, 12, 20, 15, 8, 5 ], [ 1, 8, 15, 22, 13, 8 ],
      [ -2, 3, 8, 13, 16, 7 ], [ -1, 2, 5, 8, 7, 10 ] ],
  ListInequalities := [ [ 0, 0, 0, 0, 0, 0, 0, 0, 0, -1, 1, 0, 0, 0, 0, 0, 0, 0, 0, 0, 0 ], 
      [ 0, 0, 0, 0, 0, 0, 0, 0, 0, 0, -1, 0, 0, 0, 0, 0, 0, 0, 0, 0, 0 ], 
      [ 0, 0, 0, 0, 0, 0, 0, 0, 1, 0, 0, 0, 0, 0, 0, 0, 0, 0, 0, 0, 0 ], 
      [ 0, 0, 0, 0, 0, 0, 0, 1, -1, 1, 0, 0, 0, 0, 0, 0, 0, 0, 0, 0, 0 ], 
      [ 0, 0, 0, 0, 1, 0, 0, 0, 0, 1, 0, 0, 0, 0, 0, 0, 0, 0, -1, 0, 0 ], 
      [ 0, 0, 0, 0, 0, 0, 0, 0, 0, 1, -1, 0, 0, 0, 0, 0, -1, 1, 1, -1, 0 ], 
      [ 0, 1, 0, 0, 0, 0, -1, 1, 0, 0, 0, -1, 0, 0, 0, 0, 0, 0, 0, 0, 0 ] ],
  ListInformations := 
   [ [ [ 2, [ 65, 123 ] ], [ 2, [ 65, 123 ] ], [ 125, [ 4, 62 ] ], [ 125, [ 4, 62 ] ], [ 125, [ 4, 62 ] ], 
          [ 2, [ 65, 123 ] ] ], [ [ 3, [ 64, 123 ] ], [ 3, [ 64, 123 ] ], [ 124, [ 4, 63 ] ], [ 124, [ 4, 63 ] ],
          [ 124, [ 4, 63 ] ], [ 3, [ 64, 123 ] ] ], 
      [ [ 119, [ 4, 70 ] ], [ 119, [ 4, 70 ] ], [ 8, [ 57, 123 ] ], [ 8, [ 57, 123 ] ], [ 8, [ 57, 123 ] ], 
          [ 119, [ 4, 70 ] ] ], 
      [ [ 115, [ 4, 74 ] ], [ 115, [ 4, 74 ] ], [ 12, [ 53, 123 ] ], [ 12, [ 53, 123 ] ], [ 12, [ 53, 123 ] ], 
          [ 115, [ 4, 74 ] ] ], [ [ 119, [ 6, 66 ] ], [ 119, [ 6, 66 ] ], [ 8, [ 61, 121 ] ], [ 8, [ 61, 121 ] ],
          [ 8, [ 61, 121 ] ], [ 119, [ 6, 66 ] ] ], 
      [ [ 116, [ 9, 65 ] ], [ 116, [ 9, 65 ] ], [ 11, [ 62, 118 ] ], [ 11, [ 62, 118 ] ], [ 11, [ 62, 118 ] ], 
          [ 116, [ 9, 65 ] ] ], 
      [ [ 16, [ 79, 95 ] ], [ 16, [ 79, 95 ] ], [ 111, [ 32, 48 ] ], [ 111, [ 32, 48 ] ], [ 111, [ 32, 48 ] ], 
          [ 16, [ 79, 95 ] ] ] ],
  Status := "YES",
  TheCtype := [ [ -1, 0, 0, 0, -1, 0 ], [ -1, 0, 0, 0, -1, 1 ], [ -1, 0, 0, 0, 0, -1 ], [ -1, 0, 0, 0, 0, 0 ], 
      [ -1, 0, 0, 1, -1, -1 ], [ -1, 0, 0, 1, -1, 0 ], [ -1, 0, 0, 1, 0, -1 ], [ -1, 0, 0, 1, 0, 0 ], 
      [ -1, 0, 1, -1, 0, 0 ], [ -1, 0, 1, -1, 0, 1 ], [ -1, 0, 1, -1, 1, -1 ], [ -1, 0, 1, -1, 1, 0 ], 
      [ -1, 0, 1, 0, -1, 0 ], [ -1, 0, 1, 0, -1, 1 ], [ -1, 0, 1, 0, 0, -1 ], [ -1, 0, 1, 0, 0, 0 ], 
      [ -1, 1, -1, 0, 0, 0 ], [ -1, 1, -1, 0, 0, 1 ], [ -1, 1, -1, 0, 1, -1 ], [ -1, 1, -1, 0, 1, 0 ], 
      [ -1, 1, -1, 1, -1, 0 ], [ -1, 1, -1, 1, -1, 1 ], [ -1, 1, -1, 1, 0, -1 ], [ -1, 1, -1, 1, 0, 0 ], 
      [ -1, 1, 0, -1, 0, 0 ], [ -1, 1, 0, -1, 0, 1 ], [ -1, 1, 0, -1, 1, -1 ], [ -1, 1, 0, -1, 1, 0 ], 
      [ -1, 1, 0, 0, -1, 0 ], [ -1, 1, 0, 0, -1, 1 ], [ -1, 1, 0, 0, 0, -1 ], [ -1, 1, 0, 0, 0, 0 ], 
      [ 0, -1, 0, 0, 0, 0 ], [ 0, -1, 0, 0, 0, 1 ], [ 0, -1, 0, 0, 1, -1 ], [ 0, -1, 0, 0, 1, 0 ], 
      [ 0, -1, 0, 1, -1, 0 ], [ 0, -1, 0, 1, -1, 1 ], [ 0, -1, 0, 1, 0, -1 ], [ 0, -1, 0, 1, 0, 0 ], 
      [ 0, -1, 1, -1, 0, 0 ], [ 0, -1, 1, -1, 0, 1 ], [ 0, -1, 1, -1, 1, -1 ], [ 0, -1, 1, -1, 1, 0 ], 
      [ 0, -1, 1, 0, -1, 0 ], [ 0, -1, 1, 0, -1, 1 ], [ 0, -1, 1, 0, 0, -1 ], [ 0, -1, 1, 0, 0, 0 ], 
      [ 0, 0, -1, 0, 0, 0 ], [ 0, 0, -1, 0, 0, 1 ], [ 0, 0, -1, 0, 1, -1 ], [ 0, 0, -1, 0, 1, 0 ], 
      [ 0, 0, -1, 1, -1, 0 ], [ 0, 0, -1, 1, -1, 1 ], [ 0, 0, -1, 1, 0, -1 ], [ 0, 0, -1, 1, 0, 0 ], 
      [ 0, 0, 0, -1, 0, 0 ], [ 0, 0, 0, -1, 0, 1 ], [ 0, 0, 0, -1, 1, 0 ], [ 0, 0, 0, -1, 1, 1 ], 
      [ 0, 0, 0, 0, -1, 0 ], [ 0, 0, 0, 0, -1, 1 ], [ 0, 0, 0, 0, 0, -1 ], [ 0, 0, 0, 0, 0, 1 ], 
      [ 0, 0, 0, 0, 1, -1 ], [ 0, 0, 0, 0, 1, 0 ], [ 0, 0, 0, 1, -1, -1 ], [ 0, 0, 0, 1, -1, 0 ], 
      [ 0, 0, 0, 1, 0, -1 ], [ 0, 0, 0, 1, 0, 0 ], [ 0, 0, 1, -1, 0, 0 ], [ 0, 0, 1, -1, 0, 1 ], 
      [ 0, 0, 1, -1, 1, -1 ], [ 0, 0, 1, -1, 1, 0 ], [ 0, 0, 1, 0, -1, 0 ], [ 0, 0, 1, 0, -1, 1 ], 
      [ 0, 0, 1, 0, 0, -1 ], [ 0, 0, 1, 0, 0, 0 ], [ 0, 1, -1, 0, 0, 0 ], [ 0, 1, -1, 0, 0, 1 ], 
      [ 0, 1, -1, 0, 1, -1 ], [ 0, 1, -1, 0, 1, 0 ], [ 0, 1, -1, 1, -1, 0 ], [ 0, 1, -1, 1, -1, 1 ], 
      [ 0, 1, -1, 1, 0, -1 ], [ 0, 1, -1, 1, 0, 0 ], [ 0, 1, 0, -1, 0, 0 ], [ 0, 1, 0, -1, 0, 1 ], 
      [ 0, 1, 0, -1, 1, -1 ], [ 0, 1, 0, -1, 1, 0 ], [ 0, 1, 0, 0, -1, 0 ], [ 0, 1, 0, 0, -1, 1 ], 
      [ 0, 1, 0, 0, 0, -1 ], [ 0, 1, 0, 0, 0, 0 ], [ 1, -1, 0, 0, 0, 0 ], [ 1, -1, 0, 0, 0, 1 ], 
      [ 1, -1, 0, 0, 1, -1 ], [ 1, -1, 0, 0, 1, 0 ], [ 1, -1, 0, 1, -1, 0 ], [ 1, -1, 0, 1, -1, 1 ], 
      [ 1, -1, 0, 1, 0, -1 ], [ 1, -1, 0, 1, 0, 0 ], [ 1, -1, 1, -1, 0, 0 ], [ 1, -1, 1, -1, 0, 1 ], 
      [ 1, -1, 1, -1, 1, -1 ], [ 1, -1, 1, -1, 1, 0 ], [ 1, -1, 1, 0, -1, 0 ], [ 1, -1, 1, 0, -1, 1 ], 
      [ 1, -1, 1, 0, 0, -1 ], [ 1, -1, 1, 0, 0, 0 ], [ 1, 0, -1, 0, 0, 0 ], [ 1, 0, -1, 0, 0, 1 ], 
      [ 1, 0, -1, 0, 1, -1 ], [ 1, 0, -1, 0, 1, 0 ], [ 1, 0, -1, 1, -1, 0 ], [ 1, 0, -1, 1, -1, 1 ], 
      [ 1, 0, -1, 1, 0, -1 ], [ 1, 0, -1, 1, 0, 0 ], [ 1, 0, 0, -1, 0, 0 ], [ 1, 0, 0, -1, 0, 1 ], 
      [ 1, 0, 0, -1, 1, 0 ], [ 1, 0, 0, -1, 1, 1 ], [ 1, 0, 0, 0, 0, 0 ], [ 1, 0, 0, 0, 0, 1 ], 
      [ 1, 0, 0, 0, 1, -1 ], [ 1, 0, 0, 0, 1, 0 ] ],
  eInvariant := rec(
      nbFac := 21,
      nbIneq := 903 ) );
