return rec(
  CharMat := [ [ 6, 5, 4, 3, 2, 1 ], [ 5, 10, 8, 6, 4, 2 ], [ 4, 8, 12, 9, 6, 3 ], [ 3, 6, 9, 12, 8, 4 ], 
      [ 2, 4, 6, 8, 10, 5 ], [ 1, 2, 3, 4, 5, 6 ] ],
  ListInequalities := [ [ 0, 0, 0, 0, 0, 0, 0, 0, 0, 0, 1, 0, 0, 0, 0, 0, 0, 0, 0, 0, 0 ] ],
  ListInformations := 
   [ [ [ 4, [ 126, 1 ] ], [ 4, [ 126, 1 ] ], [ 3, [ 125, 2 ] ], [ 3, [ 125, 2 ] ], [ 3, [ 125, 2 ] ], 
          [ 4, [ 126, 1 ] ] ] ],
  Status := "YES",
  TheCtype := [ [ -1, 0, 0, 0, 0, 0 ], [ 1, 0, 0, 0, 0, 0 ], [ -1, 0, 0, 0, 0, 1 ], [ 1, 0, 0, 0, 0, -1 ], 
      [ -1, 0, 0, 0, 1, -1 ], [ 1, 0, 0, 0, -1, 1 ], [ -1, 0, 0, 0, 1, 0 ], [ 1, 0, 0, 0, -1, 0 ], 
      [ -1, 0, 0, 1, -1, 0 ], [ 1, 0, 0, -1, 1, 0 ], [ -1, 0, 0, 1, -1, 1 ], [ 1, 0, 0, -1, 1, -1 ], 
      [ -1, 0, 0, 1, 0, -1 ], [ 1, 0, 0, -1, 0, 1 ], [ -1, 0, 0, 1, 0, 0 ], [ 1, 0, 0, -1, 0, 0 ], 
      [ -1, 0, 1, -1, 0, 0 ], [ 1, 0, -1, 1, 0, 0 ], [ -1, 0, 1, -1, 0, 1 ], [ 1, 0, -1, 1, 0, -1 ], 
      [ -1, 0, 1, -1, 1, -1 ], [ 1, 0, -1, 1, -1, 1 ], [ -1, 0, 1, -1, 1, 0 ], [ 1, 0, -1, 1, -1, 0 ], 
      [ -1, 0, 1, 0, -1, 0 ], [ 1, 0, -1, 0, 1, 0 ], [ -1, 0, 1, 0, -1, 1 ], [ 1, 0, -1, 0, 1, -1 ], 
      [ -1, 0, 1, 0, 0, -1 ], [ 1, 0, -1, 0, 0, 1 ], [ -1, 0, 1, 0, 0, 0 ], [ 1, 0, -1, 0, 0, 0 ], 
      [ -1, 1, -1, 0, 0, 0 ], [ 1, -1, 1, 0, 0, 0 ], [ -1, 1, -1, 0, 0, 1 ], [ 1, -1, 1, 0, 0, -1 ], 
      [ -1, 1, -1, 0, 1, -1 ], [ 1, -1, 1, 0, -1, 1 ], [ -1, 1, -1, 0, 1, 0 ], [ 1, -1, 1, 0, -1, 0 ], 
      [ -1, 1, -1, 1, -1, 0 ], [ 1, -1, 1, -1, 1, 0 ], [ -1, 1, -1, 1, -1, 1 ], [ 1, -1, 1, -1, 1, -1 ], 
      [ -1, 1, -1, 1, 0, -1 ], [ 1, -1, 1, -1, 0, 1 ], [ -1, 1, -1, 1, 0, 0 ], [ 1, -1, 1, -1, 0, 0 ], 
      [ -1, 1, 0, -1, 0, 0 ], [ 1, -1, 0, 1, 0, 0 ], [ -1, 1, 0, -1, 0, 1 ], [ 1, -1, 0, 1, 0, -1 ], 
      [ -1, 1, 0, -1, 1, -1 ], [ 1, -1, 0, 1, -1, 1 ], [ -1, 1, 0, -1, 1, 0 ], [ 1, -1, 0, 1, -1, 0 ], 
      [ -1, 1, 0, 0, -1, 0 ], [ 1, -1, 0, 0, 1, 0 ], [ -1, 1, 0, 0, -1, 1 ], [ 1, -1, 0, 0, 1, -1 ], 
      [ -1, 1, 0, 0, 0, -1 ], [ 1, -1, 0, 0, 0, 1 ], [ -1, 1, 0, 0, 0, 0 ], [ 1, -1, 0, 0, 0, 0 ], 
      [ 0, -1, 0, 0, 0, 0 ], [ 0, 1, 0, 0, 0, 0 ], [ 0, -1, 0, 0, 0, 1 ], [ 0, 1, 0, 0, 0, -1 ], 
      [ 0, -1, 0, 0, 1, -1 ], [ 0, 1, 0, 0, -1, 1 ], [ 0, -1, 0, 0, 1, 0 ], [ 0, 1, 0, 0, -1, 0 ], 
      [ 0, -1, 0, 1, -1, 0 ], [ 0, 1, 0, -1, 1, 0 ], [ 0, -1, 0, 1, -1, 1 ], [ 0, 1, 0, -1, 1, -1 ], 
      [ 0, -1, 0, 1, 0, -1 ], [ 0, 1, 0, -1, 0, 1 ], [ 0, -1, 0, 1, 0, 0 ], [ 0, 1, 0, -1, 0, 0 ], 
      [ 0, -1, 1, -1, 0, 0 ], [ 0, 1, -1, 1, 0, 0 ], [ 0, -1, 1, -1, 0, 1 ], [ 0, 1, -1, 1, 0, -1 ], 
      [ 0, -1, 1, -1, 1, -1 ], [ 0, 1, -1, 1, -1, 1 ], [ 0, -1, 1, -1, 1, 0 ], [ 0, 1, -1, 1, -1, 0 ], 
      [ 0, -1, 1, 0, -1, 0 ], [ 0, 1, -1, 0, 1, 0 ], [ 0, -1, 1, 0, -1, 1 ], [ 0, 1, -1, 0, 1, -1 ], 
      [ 0, -1, 1, 0, 0, -1 ], [ 0, 1, -1, 0, 0, 1 ], [ 0, -1, 1, 0, 0, 0 ], [ 0, 1, -1, 0, 0, 0 ], 
      [ 0, 0, -1, 0, 0, 0 ], [ 0, 0, 1, 0, 0, 0 ], [ 0, 0, -1, 0, 0, 1 ], [ 0, 0, 1, 0, 0, -1 ], 
      [ 0, 0, -1, 0, 1, -1 ], [ 0, 0, 1, 0, -1, 1 ], [ 0, 0, -1, 0, 1, 0 ], [ 0, 0, 1, 0, -1, 0 ], 
      [ 0, 0, -1, 1, -1, 0 ], [ 0, 0, 1, -1, 1, 0 ], [ 0, 0, -1, 1, -1, 1 ], [ 0, 0, 1, -1, 1, -1 ], 
      [ 0, 0, -1, 1, 0, -1 ], [ 0, 0, 1, -1, 0, 1 ], [ 0, 0, -1, 1, 0, 0 ], [ 0, 0, 1, -1, 0, 0 ], 
      [ 0, 0, 0, -1, 0, 0 ], [ 0, 0, 0, 1, 0, 0 ], [ 0, 0, 0, -1, 0, 1 ], [ 0, 0, 0, 1, 0, -1 ], 
      [ 0, 0, 0, -1, 1, -1 ], [ 0, 0, 0, 1, -1, 1 ], [ 0, 0, 0, -1, 1, 0 ], [ 0, 0, 0, 1, -1, 0 ], 
      [ 0, 0, 0, 0, -1, 0 ], [ 0, 0, 0, 0, 1, 0 ], [ 0, 0, 0, 0, -1, 1 ], [ 0, 0, 0, 0, 1, -1 ], 
      [ 0, 0, 0, 0, 0, -1 ], [ 0, 0, 0, 0, 0, 1 ] ],
  eInvariant := rec(
      nbFac := 21,
      nbIneq := 903 ) );
