return rec(
  CharMat := [ [ 15, 8, 5, 2, -2, -6 ], [ 8, 23, 17, 11, 6, 1 ], [ 5, 17, 26, 22, 14, 6 ], 
      [ 2, 11, 22, 32, 21, 10 ], [ -2, 6, 14, 21, 27, 15 ], [ -6, 1, 6, 10, 15, 20 ] ],
  ListInequalities := [ [ 0, 0, -1, 0, 0, 0, 0, 1, -1, 0, 0, 1, -1, 0, 0, 1, 0, 1, 0, -1, 0 ], 
      [ 0, 0, 0, 0, 0, 0, -1, 2, -1, 0, 0, 0, 0, 0, -1, 0, 0, 2, 0, -1, 0 ], 
      [ 0, 0, -1, 0, 0, 0, -1, 1, 0, 0, -1, 1, -1, 0, 0, 1, 0, 1, 0, -1, 0 ], 
      [ 0, 0, 0, 0, 0, 0, 0, -1, 1, 0, 0, 0, 0, 0, 0, 0, 0, -1, 0, 1, 0 ], 
      [ 0, 0, 0, 0, 0, 0, 0, 0, -1, 1, 0, 0, 0, 0, 0, 0, 0, 0, 0, -1, 1 ], 
      [ 0, 0, 0, 0, 0, 0, 0, 0, -1, 1, -1, 0, 0, 0, 0, 0, 0, 0, 0, 0, 0 ], 
      [ 0, 0, 0, 0, 0, 0, 0, 0, 1, 0, 0, 0, 0, 0, 0, 0, 0, 0, 0, 0, 0 ], 
      [ 0, 0, 0, 0, 0, 0, 0, 1, -1, 1, 0, 0, 0, 0, 0, 0, 0, 0, 0, 0, 0 ], 
      [ 0, 0, 0, 0, 0, 0, 1, -1, 0, 1, 0, 0, 0, 0, 0, 0, 0, 0, 0, 0, 0 ], 
      [ 1, 0, 0, 0, 0, 0, -1, 0, 0, 0, 1, 0, 0, 0, 0, 0, 0, 0, 0, 0, 0 ], 
      [ 0, 0, 1, 0, 0, 0, 0, -1, 1, 0, 0, 0, 0, 0, 0, -1, 0, 0, 0, 0, 0 ], 
      [ 0, 1, 1, 0, 0, 0, -1, 1, 0, 0, 0, -2, 1, 0, 0, -1, 0, 0, 0, 0, 0 ], 
      [ 0, 0, 1, 0, 0, 0, 1, -1, 0, 0, 0, -1, 1, 0, 0, -1, 0, 0, 0, 0, 0 ], 
      [ 0, 0, 1, 0, 0, 0, 0, 1, -1, 0, 0, -1, 1, 0, 0, -1, 0, 0, 0, 0, 0 ], 
      [ 0, 0, 0, 0, 0, 0, 0, 0, -1, 1, 0, 0, 1, -1, 0, 0, 0, 0, 0, 0, 0 ], 
      [ 0, 0, 0, 0, 0, 0, 0, 0, 0, 0, 0, 0, 0, 0, 1, 0, 0, 0, 0, 0, 0 ], 
      [ 0, 0, 1, 1, 0, 0, 0, 0, 0, 0, 0, -1, 1, 0, 0, -2, 1, 0, -1, 0, 0 ], 
      [ 0, 0, 1, 0, 0, 0, 0, 0, 0, 0, 0, -1, 0, 1, 0, 0, -1, 0, 0, 0, 0 ], 
      [ 0, 0, 0, 0, 1, 0, 0, 0, 0, 0, 0, 0, 0, 0, 0, 0, 0, 0, -1, 1, -1 ] ],
  ListInformations := 
   [ [ [ 125, [ 1, 71 ] ], [ 125, [ 1, 71 ] ], [ 2, [ 56, 126 ] ], [ 2, [ 56, 126 ] ], [ 2, [ 56, 126 ] ], 
          [ 125, [ 1, 71 ] ] ], [ [ 2, [ 79, 121 ] ], [ 2, [ 79, 121 ] ], [ 125, [ 6, 48 ] ], [ 125, [ 6, 48 ] ],
          [ 125, [ 6, 48 ] ], [ 2, [ 79, 121 ] ] ], 
      [ [ 2, [ 81, 115 ] ], [ 2, [ 81, 115 ] ], [ 125, [ 12, 46 ] ], [ 125, [ 12, 46 ] ], [ 125, [ 12, 46 ] ], 
          [ 2, [ 81, 115 ] ] ], [ [ 3, [ 71, 121 ] ], [ 3, [ 71, 121 ] ], [ 124, [ 6, 56 ] ], [ 124, [ 6, 56 ] ],
          [ 124, [ 6, 56 ] ], [ 3, [ 71, 121 ] ] ], 
      [ [ 4, [ 67, 121 ] ], [ 4, [ 67, 121 ] ], [ 123, [ 6, 60 ] ], [ 123, [ 6, 60 ] ], [ 123, [ 6, 60 ] ], 
          [ 4, [ 67, 121 ] ] ], [ [ 4, [ 68, 120 ] ], [ 4, [ 68, 120 ] ], [ 123, [ 7, 59 ] ], [ 123, [ 7, 59 ] ],
          [ 123, [ 7, 59 ] ], [ 4, [ 68, 120 ] ] ], 
      [ [ 116, [ 7, 70 ] ], [ 116, [ 7, 70 ] ], [ 11, [ 57, 120 ] ], [ 11, [ 57, 120 ] ], [ 11, [ 57, 120 ] ], 
          [ 116, [ 7, 70 ] ] ], 
      [ [ 113, [ 7, 74 ] ], [ 113, [ 7, 74 ] ], [ 14, [ 53, 120 ] ], [ 14, [ 53, 120 ] ], [ 14, [ 53, 120 ] ], 
          [ 113, [ 7, 74 ] ] ], 
      [ [ 106, [ 7, 83 ] ], [ 106, [ 7, 83 ] ], [ 21, [ 44, 120 ] ], [ 21, [ 44, 120 ] ], [ 21, [ 44, 120 ] ], 
          [ 106, [ 7, 83 ] ] ], [ [ 93, [ 96, 7 ] ], [ 93, [ 96, 7 ] ], [ 34, [ 120, 31 ] ], [ 34, [ 120, 31 ] ],
          [ 34, [ 120, 31 ] ], [ 93, [ 96, 7 ] ] ], 
      [ [ 11, [ 71, 109 ] ], [ 11, [ 71, 109 ] ], [ 116, [ 18, 56 ] ], [ 116, [ 18, 56 ] ], [ 116, [ 18, 56 ] ], 
          [ 11, [ 71, 109 ] ] ], [ [ 11, [ 80, 102 ] ], [ 11, [ 80, 102 ] ], [ 116, [ 25, 47 ] ], 
          [ 116, [ 25, 47 ] ], [ 116, [ 25, 47 ] ], [ 11, [ 80, 102 ] ] ], 
      [ [ 101, [ 12, 80 ] ], [ 101, [ 12, 80 ] ], [ 26, [ 47, 115 ] ], [ 26, [ 47, 115 ] ], [ 26, [ 47, 115 ] ], 
          [ 101, [ 12, 80 ] ] ], [ [ 101, [ 19, 71 ] ], [ 101, [ 19, 71 ] ], [ 26, [ 56, 108 ] ], 
          [ 26, [ 56, 108 ] ], [ 26, [ 56, 108 ] ], [ 101, [ 19, 71 ] ] ], 
      [ [ 28, [ 67, 95 ] ], [ 28, [ 67, 95 ] ], [ 99, [ 32, 60 ] ], [ 99, [ 32, 60 ] ], [ 99, [ 32, 60 ] ], 
          [ 28, [ 67, 95 ] ] ], [ [ 93, [ 33, 64 ] ], [ 93, [ 33, 64 ] ], [ 34, [ 63, 94 ] ], [ 34, [ 63, 94 ] ],
          [ 34, [ 63, 94 ] ], [ 93, [ 33, 64 ] ] ], 
      [ [ 36, [ 71, 84 ] ], [ 36, [ 71, 84 ] ], [ 91, [ 43, 56 ] ], [ 91, [ 43, 56 ] ], [ 91, [ 43, 56 ] ], 
          [ 36, [ 71, 84 ] ] ], [ [ 36, [ 75, 80 ] ], [ 36, [ 75, 80 ] ], [ 91, [ 47, 52 ] ], [ 91, [ 47, 52 ] ],
          [ 91, [ 47, 52 ] ], [ 36, [ 75, 80 ] ] ], 
      [ [ 58, [ 65, 67 ] ], [ 58, [ 65, 67 ] ], [ 69, [ 60, 62 ] ], [ 69, [ 60, 62 ] ], [ 69, [ 60, 62 ] ], 
          [ 58, [ 65, 67 ] ] ] ],
  Status := "NO",
  TheCtype := [ [ -1, -1, 1, 0, 0, -1 ], [ -1, -1, 2, -1, 0, -1 ], [ -1, 0, -1, 1, 0, -1 ], 
      [ -1, 0, 0, -1, 1, -1 ], [ -1, 0, 0, 0, -1, 0 ], [ -1, 0, 0, 0, 0, -1 ], [ -1, 0, 0, 0, 0, 0 ], 
      [ -1, 0, 0, 0, 1, -1 ], [ -1, 0, 0, 1, -1, 0 ], [ -1, 0, 0, 1, 0, -1 ], [ -1, 0, 0, 1, 0, 0 ], 
      [ -1, 0, 1, -1, 0, 0 ], [ -1, 0, 1, -1, 1, -1 ], [ -1, 0, 1, -1, 1, 0 ], [ -1, 0, 1, 0, -1, 0 ], 
      [ -1, 0, 1, 0, -1, 1 ], [ -1, 0, 1, 0, 0, -1 ], [ -1, 0, 1, 0, 0, 0 ], [ -1, 1, -1, 0, 0, 0 ], 
      [ -1, 1, -1, 0, 1, -1 ], [ -1, 1, -1, 0, 1, 0 ], [ -1, 1, -1, 1, -1, 0 ], [ -1, 1, -1, 1, -1, 1 ], 
      [ -1, 1, -1, 1, 0, -1 ], [ -1, 1, -1, 1, 0, 0 ], [ -1, 1, 0, -1, 0, 0 ], [ -1, 1, 0, -1, 1, -1 ], 
      [ -1, 1, 0, -1, 1, 0 ], [ -1, 1, 0, 0, -1, 0 ], [ -1, 1, 0, 0, -1, 1 ], [ -1, 1, 0, 0, 0, -1 ], 
      [ -1, 1, 0, 0, 0, 0 ], [ 0, -1, 0, 0, 0, 0 ], [ 0, -1, 0, 0, 0, 1 ], [ 0, -1, 0, 0, 1, -1 ], 
      [ 0, -1, 0, 0, 1, 0 ], [ 0, -1, 0, 1, -1, 0 ], [ 0, -1, 0, 1, -1, 1 ], [ 0, -1, 0, 1, 0, -1 ], 
      [ 0, -1, 1, -1, 0, 0 ], [ 0, -1, 1, -1, 0, 1 ], [ 0, -1, 1, -1, 1, -1 ], [ 0, -1, 1, -1, 1, 0 ], 
      [ 0, -1, 1, 0, -1, 0 ], [ 0, -1, 1, 0, -1, 1 ], [ 0, -1, 1, 0, 0, -1 ], [ 0, -1, 1, 0, 0, 0 ], 
      [ 0, -1, 2, -1, 0, 0 ], [ 0, 0, -1, 0, 0, 0 ], [ 0, 0, -1, 0, 0, 1 ], [ 0, 0, -1, 0, 1, -1 ], 
      [ 0, 0, -1, 0, 1, 0 ], [ 0, 0, -1, 1, -1, 0 ], [ 0, 0, -1, 1, -1, 1 ], [ 0, 0, -1, 1, 0, -1 ], 
      [ 0, 0, -1, 1, 0, 0 ], [ 0, 0, 0, -1, 0, 0 ], [ 0, 0, 0, -1, 0, 1 ], [ 0, 0, 0, -1, 1, -1 ], 
      [ 0, 0, 0, -1, 1, 0 ], [ 0, 0, 0, 0, -1, 0 ], [ 0, 0, 0, 0, -1, 1 ], [ 0, 0, 0, 0, 0, -1 ], 
      [ 0, 0, 0, 0, 0, 1 ], [ 0, 0, 0, 0, 1, -1 ], [ 0, 0, 0, 0, 1, 0 ], [ 0, 0, 0, 1, -1, 0 ], 
      [ 0, 0, 0, 1, -1, 1 ], [ 0, 0, 0, 1, 0, -1 ], [ 0, 0, 0, 1, 0, 0 ], [ 0, 0, 1, -1, 0, 0 ], 
      [ 0, 0, 1, -1, 0, 1 ], [ 0, 0, 1, -1, 1, -1 ], [ 0, 0, 1, -1, 1, 0 ], [ 0, 0, 1, 0, -1, 0 ], 
      [ 0, 0, 1, 0, -1, 1 ], [ 0, 0, 1, 0, 0, -1 ], [ 0, 0, 1, 0, 0, 0 ], [ 0, 1, -2, 1, 0, 0 ], 
      [ 0, 1, -1, 0, 0, 0 ], [ 0, 1, -1, 0, 0, 1 ], [ 0, 1, -1, 0, 1, -1 ], [ 0, 1, -1, 0, 1, 0 ], 
      [ 0, 1, -1, 1, -1, 0 ], [ 0, 1, -1, 1, -1, 1 ], [ 0, 1, -1, 1, 0, -1 ], [ 0, 1, -1, 1, 0, 0 ], 
      [ 0, 1, 0, -1, 0, 1 ], [ 0, 1, 0, -1, 1, -1 ], [ 0, 1, 0, -1, 1, 0 ], [ 0, 1, 0, 0, -1, 0 ], 
      [ 0, 1, 0, 0, -1, 1 ], [ 0, 1, 0, 0, 0, -1 ], [ 0, 1, 0, 0, 0, 0 ], [ 1, -1, 0, 0, 0, 0 ], 
      [ 1, -1, 0, 0, 0, 1 ], [ 1, -1, 0, 0, 1, -1 ], [ 1, -1, 0, 0, 1, 0 ], [ 1, -1, 0, 1, -1, 0 ], 
      [ 1, -1, 0, 1, -1, 1 ], [ 1, -1, 0, 1, 0, 0 ], [ 1, -1, 1, -1, 0, 0 ], [ 1, -1, 1, -1, 0, 1 ], 
      [ 1, -1, 1, -1, 1, -1 ], [ 1, -1, 1, -1, 1, 0 ], [ 1, -1, 1, 0, -1, 0 ], [ 1, -1, 1, 0, -1, 1 ], 
      [ 1, -1, 1, 0, 0, 0 ], [ 1, 0, -1, 0, 0, 0 ], [ 1, 0, -1, 0, 0, 1 ], [ 1, 0, -1, 0, 1, -1 ], 
      [ 1, 0, -1, 0, 1, 0 ], [ 1, 0, -1, 1, -1, 0 ], [ 1, 0, -1, 1, -1, 1 ], [ 1, 0, -1, 1, 0, 0 ], 
      [ 1, 0, 0, -1, 0, 0 ], [ 1, 0, 0, -1, 0, 1 ], [ 1, 0, 0, -1, 1, 0 ], [ 1, 0, 0, 0, -1, 1 ], 
      [ 1, 0, 0, 0, 0, 0 ], [ 1, 0, 0, 0, 0, 1 ], [ 1, 0, 0, 0, 1, 0 ], [ 1, 0, 0, 1, -1, 1 ], 
      [ 1, 0, 1, -1, 0, 1 ], [ 1, 1, -2, 1, 0, 1 ], [ 1, 1, -1, 0, 0, 1 ] ],
  eInvariant := rec(
      nbFac := 26,
      nbIneq := 909 ) );
