return rec(
  CharMat := [ [ 18, 12, 6, 1, -3, -5 ], [ 12, 23, 16, 9, 4, 1 ], [ 6, 16, 29, 19, 11, 7 ], 
      [ 1, 9, 19, 24, 18, 11 ], [ -3, 4, 11, 18, 26, 16 ], [ -5, 1, 7, 11, 16, 19 ] ],
  ListInequalities := [ [ 0, 0, 0, 0, 0, 0, 0, 0, -1, 1, 0, 0, 0, 0, 0, 0, 0, 0, 0, -1, 1 ], 
      [ 0, 0, 0, 0, 0, 0, 0, 0, -1, 1, -1, 0, 0, 0, 0, 0, 0, 0, 0, 0, 0 ], 
      [ 0, 0, 0, 0, 0, 1, 0, 0, 0, -1, 1, 0, 0, 0, 0, 0, 0, 0, 0, 0, -1 ], 
      [ 0, 0, 0, 0, 0, 0, 0, 0, 0, -1, 0, 0, 0, 0, 0, 0, 0, 0, 0, 0, 0 ], 
      [ 0, 0, 0, 0, 0, 0, 0, 1, -1, 0, 0, 0, 0, 0, 0, 0, 0, 1, 0, -1, 0 ], 
      [ 0, 0, 0, 0, 0, 0, 0, 0, 1, 0, 0, 0, 0, 0, 0, 0, 0, 0, 0, 0, 0 ], 
      [ 0, 0, 0, 0, 0, 0, 0, 1, -1, 1, 0, 0, 0, 0, 0, 0, 0, 0, 0, 0, 0 ], 
      [ 0, 0, 0, 0, 0, 0, 1, -1, 0, 0, 1, 0, 0, 0, 0, 0, 0, 0, 0, 0, 0 ], 
      [ 1, 0, 0, 0, 0, 0, -1, 0, 0, 0, 1, 0, 0, 0, 0, 0, 0, 0, 0, 0, 0 ], 
      [ 0, 0, 0, 0, 0, 0, 0, 0, 0, 0, -1, 0, 0, 0, 0, 0, 0, 1, 0, -1, 0 ], 
      [ 0, 0, 0, 0, 0, 0, 0, 0, 0, 1, 0, 0, 0, 0, 0, 0, -1, 0, 1, 0, 0 ], 
      [ 0, 0, 0, 1, 0, 0, 0, 0, 1, -1, 1, 0, 0, 0, 0, -1, 1, -1, -1, 1, 0 ], 
      [ 0, 0, 0, 0, 0, 1, 0, 0, 0, 0, 1, 0, 0, 0, 0, 0, 0, -1, 0, 1, -1 ], 
      [ 0, 1, 0, 0, 0, 0, -1, 1, 0, 0, 0, -1, 0, 0, 0, 0, 0, 0, 0, 0, 0 ], 
      [ 0, 0, 0, 0, 0, 0, 0, 0, 0, 0, 1, 0, 0, 0, -1, 0, 0, 1, 0, 0, 0 ], 
      [ 0, 0, 0, -1, 0, 0, 0, 0, 1, -1, 0, 0, -1, 1, 0, 1, -1, 0, 1, 0, 0 ], 
      [ 0, 0, 0, 0, 0, 0, 0, -1, 2, -1, 0, 1, -2, 1, 0, 0, 0, 0, 0, 0, 0 ], 
      [ 0, 0, 0, 0, 0, 0, 0, 0, -1, 1, 0, 0, 1, -1, 0, 0, 0, 0, 0, 0, 0 ], 
      [ 0, 0, 0, 0, 0, 0, 0, 0, 0, -1, 1, 0, 0, 1, -1, 0, 0, 0, 0, 0, 0 ], 
      [ 0, 0, 0, 0, 0, 0, 0, 0, 0, 0, 0, 0, 0, 0, 1, 0, 0, 0, 0, 0, 0 ], 
      [ 0, 0, 0, 1, 0, 0, 0, 0, 0, 0, 0, 0, -1, 1, 0, 0, 0, 0, -1, 0, 0 ], 
      [ 0, 0, 1, 1, 0, 0, 0, 0, 0, 0, 0, -1, 1, 0, 0, -2, 1, 0, -1, 0, 0 ], 
      [ 0, 0, 0, 0, 0, 0, 0, 0, 0, 0, 0, 0, 0, -1, 1, 0, 1, -1, 0, 0, 0 ], 
      [ 0, 0, 0, 1, 1, 0, 0, 0, 0, 0, 0, 0, 0, 0, 0, -1, 1, 0, -2, 1, -1 ], 
      [ 0, 0, 0, 1, 0, 0, 0, 0, 0, 0, 0, 0, 0, 0, 0, -1, 0, 1, 0, -1, 0 ] ],
  ListInformations := 
   [ [ [ 1, [ 67, 124 ] ], [ 1, [ 67, 124 ] ], [ 126, [ 3, 60 ] ], [ 126, [ 3, 60 ] ], [ 126, [ 3, 60 ] ], 
          [ 1, [ 67, 124 ] ] ], [ [ 1, [ 68, 123 ] ], [ 1, [ 68, 123 ] ], [ 126, [ 4, 59 ] ], [ 126, [ 4, 59 ] ],
          [ 126, [ 4, 59 ] ], [ 1, [ 68, 123 ] ] ], 
      [ [ 2, [ 65, 124 ] ], [ 2, [ 65, 124 ] ], [ 125, [ 3, 62 ] ], [ 125, [ 3, 62 ] ], [ 125, [ 3, 62 ] ], 
          [ 2, [ 65, 124 ] ] ], [ [ 2, [ 66, 123 ] ], [ 2, [ 66, 123 ] ], [ 125, [ 4, 61 ] ], [ 125, [ 4, 61 ] ],
          [ 125, [ 4, 61 ] ], [ 2, [ 66, 123 ] ] ], 
      [ [ 118, [ 3, 72 ] ], [ 118, [ 3, 72 ] ], [ 9, [ 55, 124 ] ], [ 9, [ 55, 124 ] ], [ 9, [ 55, 124 ] ], 
          [ 118, [ 3, 72 ] ] ], [ [ 119, [ 4, 70 ] ], [ 119, [ 4, 70 ] ], [ 8, [ 57, 123 ] ], [ 8, [ 57, 123 ] ],
          [ 8, [ 57, 123 ] ], [ 119, [ 4, 70 ] ] ], 
      [ [ 115, [ 4, 75 ] ], [ 115, [ 4, 75 ] ], [ 12, [ 52, 123 ] ], [ 12, [ 52, 123 ] ], [ 12, [ 52, 123 ] ], 
          [ 115, [ 4, 75 ] ] ], 
      [ [ 109, [ 4, 80 ] ], [ 109, [ 4, 80 ] ], [ 18, [ 47, 123 ] ], [ 18, [ 47, 123 ] ], [ 18, [ 47, 123 ] ], 
          [ 109, [ 4, 80 ] ] ], [ [ 93, [ 96, 4 ] ], [ 93, [ 96, 4 ] ], [ 34, [ 123, 31 ] ], [ 34, [ 123, 31 ] ],
          [ 34, [ 123, 31 ] ], [ 93, [ 96, 4 ] ] ], 
      [ [ 9, [ 64, 117 ] ], [ 9, [ 64, 117 ] ], [ 118, [ 10, 63 ] ], [ 118, [ 10, 63 ] ], [ 118, [ 10, 63 ] ], 
          [ 9, [ 64, 117 ] ] ], [ [ 115, [ 10, 66 ] ], [ 115, [ 10, 66 ] ], [ 12, [ 61, 117 ] ], 
          [ 12, [ 61, 117 ] ], [ 12, [ 61, 117 ] ], [ 115, [ 10, 66 ] ] ], 
      [ [ 113, [ 10, 68 ] ], [ 113, [ 10, 68 ] ], [ 14, [ 59, 117 ] ], [ 14, [ 59, 117 ] ], [ 14, [ 59, 117 ] ], 
          [ 113, [ 10, 68 ] ] ], [ [ 115, [ 11, 64 ] ], [ 115, [ 11, 64 ] ], [ 12, [ 63, 116 ] ], 
          [ 12, [ 63, 116 ] ], [ 12, [ 63, 116 ] ], [ 115, [ 11, 64 ] ] ], 
      [ [ 16, [ 79, 95 ] ], [ 16, [ 79, 95 ] ], [ 111, [ 32, 48 ] ], [ 111, [ 32, 48 ] ], [ 111, [ 32, 48 ] ], 
          [ 16, [ 79, 95 ] ] ], [ [ 109, [ 17, 64 ] ], [ 109, [ 17, 64 ] ], [ 18, [ 63, 110 ] ], 
          [ 18, [ 63, 110 ] ], [ 18, [ 63, 110 ] ], [ 109, [ 17, 64 ] ] ], 
      [ [ 103, [ 23, 67 ] ], [ 103, [ 23, 67 ] ], [ 24, [ 60, 104 ] ], [ 24, [ 60, 104 ] ], [ 24, [ 60, 104 ] ], 
          [ 103, [ 23, 67 ] ] ], 
      [ [ 24, [ 71, 95 ] ], [ 24, [ 71, 95 ] ], [ 103, [ 32, 56 ] ], [ 103, [ 32, 56 ] ], [ 103, [ 32, 56 ] ], 
          [ 24, [ 71, 95 ] ] ], [ [ 28, [ 67, 95 ] ], [ 28, [ 67, 95 ] ], [ 99, [ 32, 60 ] ], [ 99, [ 32, 60 ] ],
          [ 99, [ 32, 60 ] ], [ 28, [ 67, 95 ] ] ], 
      [ [ 30, [ 65, 95 ] ], [ 30, [ 65, 95 ] ], [ 97, [ 32, 62 ] ], [ 97, [ 32, 62 ] ], [ 97, [ 32, 62 ] ], 
          [ 30, [ 65, 95 ] ] ], [ [ 93, [ 33, 64 ] ], [ 93, [ 33, 64 ] ], [ 34, [ 63, 94 ] ], [ 34, [ 63, 94 ] ],
          [ 34, [ 63, 94 ] ], [ 93, [ 33, 64 ] ] ], 
      [ [ 36, [ 67, 87 ] ], [ 36, [ 67, 87 ] ], [ 91, [ 40, 60 ] ], [ 91, [ 40, 60 ] ], [ 91, [ 40, 60 ] ], 
          [ 36, [ 67, 87 ] ] ], [ [ 36, [ 72, 83 ] ], [ 36, [ 72, 83 ] ], [ 91, [ 44, 55 ] ], [ 91, [ 44, 55 ] ],
          [ 91, [ 44, 55 ] ], [ 36, [ 72, 83 ] ] ], 
      [ [ 46, [ 65, 79 ] ], [ 46, [ 65, 79 ] ], [ 81, [ 48, 62 ] ], [ 81, [ 48, 62 ] ], [ 81, [ 48, 62 ] ], 
          [ 46, [ 65, 79 ] ] ], [ [ 50, [ 67, 74 ] ], [ 50, [ 67, 74 ] ], [ 77, [ 53, 60 ] ], [ 77, [ 53, 60 ] ],
          [ 77, [ 53, 60 ] ], [ 50, [ 67, 74 ] ] ], 
      [ [ 50, [ 69, 72 ] ], [ 50, [ 69, 72 ] ], [ 77, [ 55, 58 ] ], [ 77, [ 55, 58 ] ], [ 77, [ 55, 58 ] ], 
          [ 50, [ 69, 72 ] ] ] ],
  Status := "NO",
  TheCtype := [ [ -1, 0, 0, -1, 1, -1 ], [ -1, 0, 0, 0, -1, 0 ], [ -1, 0, 0, 0, 0, -1 ], [ -1, 0, 0, 0, 0, 0 ], 
      [ -1, 0, 0, 0, 1, -1 ], [ -1, 0, 0, 1, -1, 0 ], [ -1, 0, 0, 1, 0, -1 ], [ -1, 0, 0, 1, 0, 0 ], 
      [ -1, 0, 1, -1, 0, -1 ], [ -1, 0, 1, -1, 0, 0 ], [ -1, 0, 1, -1, 1, -1 ], [ -1, 0, 1, -1, 1, 0 ], 
      [ -1, 0, 1, 0, -1, 0 ], [ -1, 0, 1, 0, -1, 1 ], [ -1, 0, 1, 0, 0, -1 ], [ -1, 0, 1, 0, 0, 0 ], 
      [ -1, 1, -1, 0, 0, 0 ], [ -1, 1, -1, 0, 0, 1 ], [ -1, 1, -1, 0, 1, -1 ], [ -1, 1, -1, 1, -1, 0 ], 
      [ -1, 1, -1, 1, -1, 1 ], [ -1, 1, -1, 1, 0, -1 ], [ -1, 1, -1, 1, 0, 0 ], [ -1, 1, -1, 2, -1, 0 ], 
      [ -1, 1, 0, -1, 0, 0 ], [ -1, 1, 0, -1, 0, 1 ], [ -1, 1, 0, -1, 1, -1 ], [ -1, 1, 0, -1, 1, 0 ], 
      [ -1, 1, 0, 0, -1, 0 ], [ -1, 1, 0, 0, -1, 1 ], [ -1, 1, 0, 0, 0, -1 ], [ -1, 1, 0, 0, 0, 0 ], 
      [ 0, -1, 0, 0, 0, 0 ], [ 0, -1, 0, 0, 0, 1 ], [ 0, -1, 0, 0, 1, -1 ], [ 0, -1, 0, 0, 1, 0 ], 
      [ 0, -1, 0, 1, -1, 0 ], [ 0, -1, 0, 1, -1, 1 ], [ 0, -1, 0, 1, 0, -1 ], [ 0, -1, 0, 1, 0, 0 ], 
      [ 0, -1, 1, -1, 0, 0 ], [ 0, -1, 1, -1, 0, 1 ], [ 0, -1, 1, -1, 1, -1 ], [ 0, -1, 1, -1, 1, 0 ], 
      [ 0, -1, 1, 0, -1, 0 ], [ 0, -1, 1, 0, -1, 1 ], [ 0, -1, 1, 0, 0, -1 ], [ 0, -1, 1, 0, 0, 0 ], 
      [ 0, 0, -1, 0, 0, 0 ], [ 0, 0, -1, 0, 0, 1 ], [ 0, 0, -1, 0, 1, -1 ], [ 0, 0, -1, 1, -1, 0 ], 
      [ 0, 0, -1, 1, -1, 1 ], [ 0, 0, -1, 1, 0, -1 ], [ 0, 0, -1, 1, 0, 0 ], [ 0, 0, -1, 2, -1, 0 ], 
      [ 0, 0, 0, -1, 0, 0 ], [ 0, 0, 0, -1, 0, 1 ], [ 0, 0, 0, -1, 1, -1 ], [ 0, 0, 0, -1, 1, 0 ], 
      [ 0, 0, 0, 0, -1, 0 ], [ 0, 0, 0, 0, -1, 1 ], [ 0, 0, 0, 0, 0, -1 ], [ 0, 0, 0, 0, 0, 1 ], 
      [ 0, 0, 0, 0, 1, -1 ], [ 0, 0, 0, 0, 1, 0 ], [ 0, 0, 0, 1, -1, 0 ], [ 0, 0, 0, 1, -1, 1 ], 
      [ 0, 0, 0, 1, 0, -1 ], [ 0, 0, 0, 1, 0, 0 ], [ 0, 0, 1, -2, 1, 0 ], [ 0, 0, 1, -1, 0, 0 ], 
      [ 0, 0, 1, -1, 0, 1 ], [ 0, 0, 1, -1, 1, -1 ], [ 0, 0, 1, -1, 1, 0 ], [ 0, 0, 1, 0, -1, 1 ], 
      [ 0, 0, 1, 0, 0, -1 ], [ 0, 0, 1, 0, 0, 0 ], [ 0, 1, -1, 0, 0, 0 ], [ 0, 1, -1, 0, 0, 1 ], 
      [ 0, 1, -1, 0, 1, -1 ], [ 0, 1, -1, 0, 1, 0 ], [ 0, 1, -1, 1, -1, 0 ], [ 0, 1, -1, 1, -1, 1 ], 
      [ 0, 1, -1, 1, 0, -1 ], [ 0, 1, -1, 1, 0, 0 ], [ 0, 1, 0, -1, 0, 0 ], [ 0, 1, 0, -1, 0, 1 ], 
      [ 0, 1, 0, -1, 1, -1 ], [ 0, 1, 0, -1, 1, 0 ], [ 0, 1, 0, 0, -1, 0 ], [ 0, 1, 0, 0, -1, 1 ], 
      [ 0, 1, 0, 0, 0, -1 ], [ 0, 1, 0, 0, 0, 0 ], [ 1, -1, 0, 0, 0, 0 ], [ 1, -1, 0, 0, 0, 1 ], 
      [ 1, -1, 0, 0, 1, -1 ], [ 1, -1, 0, 0, 1, 0 ], [ 1, -1, 0, 1, -1, 0 ], [ 1, -1, 0, 1, -1, 1 ], 
      [ 1, -1, 0, 1, 0, -1 ], [ 1, -1, 0, 1, 0, 0 ], [ 1, -1, 1, -2, 1, 0 ], [ 1, -1, 1, -1, 0, 0 ], 
      [ 1, -1, 1, -1, 0, 1 ], [ 1, -1, 1, -1, 1, -1 ], [ 1, -1, 1, -1, 1, 0 ], [ 1, -1, 1, 0, -1, 1 ], 
      [ 1, -1, 1, 0, 0, -1 ], [ 1, -1, 1, 0, 0, 0 ], [ 1, 0, -1, 0, 0, 0 ], [ 1, 0, -1, 0, 0, 1 ], 
      [ 1, 0, -1, 0, 1, -1 ], [ 1, 0, -1, 0, 1, 0 ], [ 1, 0, -1, 1, -1, 0 ], [ 1, 0, -1, 1, -1, 1 ], 
      [ 1, 0, -1, 1, 0, 0 ], [ 1, 0, -1, 1, 0, 1 ], [ 1, 0, 0, -1, 0, 0 ], [ 1, 0, 0, -1, 0, 1 ], 
      [ 1, 0, 0, -1, 1, 0 ], [ 1, 0, 0, 0, -1, 1 ], [ 1, 0, 0, 0, 0, 0 ], [ 1, 0, 0, 0, 0, 1 ], 
      [ 1, 0, 0, 0, 1, 0 ], [ 1, 0, 0, 1, -1, 1 ] ],
  eInvariant := rec(
      nbFac := 25,
      nbIneq := 912 ) );
