return rec(
  CharMat := [ [ 14, 9, 4, 2, -1, -4 ], [ 9, 24, 18, 12, 5, 1 ], [ 4, 18, 32, 22, 11, 6 ], 
      [ 2, 12, 22, 27, 19, 10 ], [ -1, 5, 11, 19, 27, 14 ], [ -4, 1, 6, 10, 14, 18 ] ],
  ListInequalities := [ [ 0, 0, 0, -1, 0, 0, 0, 0, 1, -1, 0, 0, 0, 0, 0, 1, -1, 0, 1, 1, -1 ], 
      [ 0, 0, 0, 0, 0, 0, 0, -1, 2, -1, 0, 0, 0, 0, 0, 0, 0, -1, 0, 2, -1 ], 
      [ 0, 0, 0, -1, 0, 0, 0, -1, 1, 0, -1, 0, 0, 0, 0, 1, -1, 0, 1, 1, -1 ], 
      [ 0, 0, 0, 0, 0, 0, 0, -1, 2, -1, 0, 0, 0, 0, 0, 0, 0, 0, 0, 0, 0 ], 
      [ 0, 0, 0, -1, 0, 0, 0, -1, 1, 0, 0, 0, 0, 0, 0, 1, -1, 0, 1, 0, 0 ], 
      [ 0, 0, 0, 0, 0, 0, 0, 0, -1, 1, 0, 0, 0, 0, 0, 0, 0, 0, 0, -1, 1 ], 
      [ 0, 0, 0, 0, 0, 0, 0, 0, -1, 1, -1, 0, 0, 0, 0, 0, 0, 0, 0, 0, 0 ], 
      [ 0, 0, 0, 0, 0, 1, 0, 0, 0, -1, 1, 0, 0, 0, 0, 0, 0, 0, 0, 0, -1 ], 
      [ 0, 0, 0, 0, 0, 0, 0, 0, 0, -1, 0, 0, 0, 0, 0, 0, 0, 0, 0, 0, 0 ], 
      [ 0, 0, 0, 0, 0, 0, 0, 1, -1, 1, 0, 0, 0, 0, 0, 0, 0, 0, 0, 0, 0 ], 
      [ 0, 0, 0, 0, 0, 0, 1, -1, 0, 0, 1, 0, 0, 0, 0, 0, 0, 0, 0, 0, 0 ], 
      [ 0, 1, 0, 0, 0, 0, -1, 1, 0, 0, 0, -1, 0, 0, 0, 0, 0, 0, 0, 0, 0 ], 
      [ 0, 0, 0, 0, 0, 0, 0, 0, 0, 0, 1, 0, 0, 0, -1, 0, 0, 1, 0, 0, 0 ], 
      [ 0, 0, 0, 1, 0, 0, 0, 0, -1, 1, 0, 0, 1, -1, 0, -1, 1, 0, -1, 0, 0 ], 
      [ 0, 0, 0, 1, 0, 0, 0, -1, 1, 0, 0, 1, -1, 0, 0, -1, 1, 0, -1, 0, 0 ], 
      [ 0, 0, 0, 0, 0, 0, 0, 0, 0, -1, 1, 0, 0, 1, -1, 0, 0, 0, 0, 0, 0 ], 
      [ 0, 0, 0, 1, 1, 0, 0, 0, 0, 0, 0, 0, 0, 0, 0, -1, 1, 0, -2, 1, -1 ], 
      [ 0, 0, 0, 1, 0, 0, 0, 0, 0, 0, 0, 0, 0, 0, 0, -1, 0, 1, 0, -1, 0 ], 
      [ 0, 0, 0, 1, 0, 0, 0, 0, 0, 0, 0, 0, 0, 0, 0, -1, 1, 0, -1, -1, 1 ], 
      [ 0, 0, 0, 1, 0, 0, 0, 0, 0, 0, 0, 0, 0, 0, 0, -1, 1, -1, -1, 1, 0 ] ],
  ListInformations := 
   [ [ [ 125, [ 1, 67 ] ], [ 125, [ 1, 67 ] ], [ 2, [ 60, 126 ] ], [ 2, [ 60, 126 ] ], [ 2, [ 60, 126 ] ], 
          [ 125, [ 1, 67 ] ] ], [ [ 2, [ 71, 121 ] ], [ 2, [ 71, 121 ] ], [ 125, [ 6, 56 ] ], [ 125, [ 6, 56 ] ],
          [ 125, [ 6, 56 ] ], [ 2, [ 71, 121 ] ] ], 
      [ [ 2, [ 73, 118 ] ], [ 2, [ 73, 118 ] ], [ 125, [ 9, 54 ] ], [ 125, [ 9, 54 ] ], [ 125, [ 9, 54 ] ], 
          [ 2, [ 73, 118 ] ] ], [ [ 3, [ 71, 120 ] ], [ 3, [ 71, 120 ] ], [ 124, [ 7, 56 ] ], [ 124, [ 7, 56 ] ],
          [ 124, [ 7, 56 ] ], [ 3, [ 71, 120 ] ] ], 
      [ [ 3, [ 72, 118 ] ], [ 3, [ 72, 118 ] ], [ 124, [ 9, 55 ] ], [ 124, [ 9, 55 ] ], [ 124, [ 9, 55 ] ], 
          [ 3, [ 72, 118 ] ] ], [ [ 4, [ 67, 121 ] ], [ 4, [ 67, 121 ] ], [ 123, [ 6, 60 ] ], [ 123, [ 6, 60 ] ],
          [ 123, [ 6, 60 ] ], [ 4, [ 67, 121 ] ] ], 
      [ [ 4, [ 68, 120 ] ], [ 4, [ 68, 120 ] ], [ 123, [ 7, 59 ] ], [ 123, [ 7, 59 ] ], [ 123, [ 7, 59 ] ], 
          [ 4, [ 68, 120 ] ] ], [ [ 5, [ 65, 121 ] ], [ 5, [ 65, 121 ] ], [ 122, [ 6, 62 ] ], [ 122, [ 6, 62 ] ],
          [ 122, [ 6, 62 ] ], [ 5, [ 65, 121 ] ] ], 
      [ [ 5, [ 66, 120 ] ], [ 5, [ 66, 120 ] ], [ 122, [ 7, 61 ] ], [ 122, [ 7, 61 ] ], [ 122, [ 7, 61 ] ], 
          [ 5, [ 66, 120 ] ] ], 
      [ [ 113, [ 7, 75 ] ], [ 113, [ 7, 75 ] ], [ 14, [ 52, 120 ] ], [ 14, [ 52, 120 ] ], [ 14, [ 52, 120 ] ], 
          [ 113, [ 7, 75 ] ] ], 
      [ [ 109, [ 7, 80 ] ], [ 109, [ 7, 80 ] ], [ 18, [ 47, 120 ] ], [ 18, [ 47, 120 ] ], [ 18, [ 47, 120 ] ], 
          [ 109, [ 7, 80 ] ] ], 
      [ [ 16, [ 79, 95 ] ], [ 16, [ 79, 95 ] ], [ 111, [ 32, 48 ] ], [ 111, [ 32, 48 ] ], [ 111, [ 32, 48 ] ], 
          [ 16, [ 79, 95 ] ] ], [ [ 109, [ 17, 64 ] ], [ 109, [ 17, 64 ] ], [ 18, [ 63, 110 ] ], 
          [ 18, [ 63, 110 ] ], [ 18, [ 63, 110 ] ], [ 109, [ 17, 64 ] ] ], 
      [ [ 20, [ 67, 103 ] ], [ 20, [ 67, 103 ] ], [ 107, [ 24, 60 ] ], [ 107, [ 24, 60 ] ], [ 107, [ 24, 60 ] ], 
          [ 20, [ 67, 103 ] ] ], 
      [ [ 20, [ 72, 99 ] ], [ 20, [ 72, 99 ] ], [ 107, [ 28, 55 ] ], [ 107, [ 28, 55 ] ], [ 107, [ 28, 55 ] ], 
          [ 20, [ 72, 99 ] ] ], [ [ 30, [ 65, 95 ] ], [ 30, [ 65, 95 ] ], [ 97, [ 32, 62 ] ], [ 97, [ 32, 62 ] ],
          [ 97, [ 32, 62 ] ], [ 30, [ 65, 95 ] ] ], 
      [ [ 50, [ 67, 74 ] ], [ 50, [ 67, 74 ] ], [ 77, [ 53, 60 ] ], [ 77, [ 53, 60 ] ], [ 77, [ 53, 60 ] ], 
          [ 50, [ 67, 74 ] ] ], [ [ 50, [ 69, 72 ] ], [ 50, [ 69, 72 ] ], [ 77, [ 55, 58 ] ], [ 77, [ 55, 58 ] ],
          [ 77, [ 55, 58 ] ], [ 50, [ 69, 72 ] ] ], 
      [ [ 51, [ 67, 73 ] ], [ 51, [ 67, 73 ] ], [ 76, [ 54, 60 ] ], [ 76, [ 54, 60 ] ], [ 76, [ 54, 60 ] ], 
          [ 51, [ 67, 73 ] ] ], [ [ 51, [ 68, 72 ] ], [ 51, [ 68, 72 ] ], [ 76, [ 55, 59 ] ], [ 76, [ 55, 59 ] ],
          [ 76, [ 55, 59 ] ], [ 51, [ 68, 72 ] ] ] ],
  Status := "NO",
  TheCtype := [ [ -1, 0, -1, 1, 0, -1 ], [ -1, 0, -1, 2, -1, -1 ], [ -1, 0, -1, 2, -1, 0 ], 
      [ -1, 0, 0, -1, 1, -1 ], [ -1, 0, 0, 0, -1, 0 ], [ -1, 0, 0, 0, 0, -1 ], [ -1, 0, 0, 0, 0, 0 ], 
      [ -1, 0, 0, 0, 1, -1 ], [ -1, 0, 0, 1, -1, 0 ], [ -1, 0, 0, 1, 0, -1 ], [ -1, 0, 0, 1, 0, 0 ], 
      [ -1, 0, 1, -1, 0, 0 ], [ -1, 0, 1, -1, 1, -1 ], [ -1, 0, 1, -1, 1, 0 ], [ -1, 0, 1, 0, 0, -1 ], 
      [ -1, 0, 1, 0, 0, 0 ], [ -1, 1, -1, 0, 0, 0 ], [ -1, 1, -1, 0, 0, 1 ], [ -1, 1, -1, 0, 1, -1 ], 
      [ -1, 1, -1, 0, 1, 0 ], [ -1, 1, -1, 1, -1, 0 ], [ -1, 1, -1, 1, -1, 1 ], [ -1, 1, -1, 1, 0, -1 ], 
      [ -1, 1, -1, 1, 0, 0 ], [ -1, 1, 0, -1, 0, 0 ], [ -1, 1, 0, -1, 0, 1 ], [ -1, 1, 0, -1, 1, -1 ], 
      [ -1, 1, 0, -1, 1, 0 ], [ -1, 1, 0, 0, -1, 0 ], [ -1, 1, 0, 0, -1, 1 ], [ -1, 1, 0, 0, 0, -1 ], 
      [ -1, 1, 0, 0, 0, 0 ], [ 0, -1, 0, 0, 0, 0 ], [ 0, -1, 0, 0, 0, 1 ], [ 0, -1, 0, 0, 1, -1 ], 
      [ 0, -1, 0, 0, 1, 0 ], [ 0, -1, 0, 1, -1, 0 ], [ 0, -1, 0, 1, -1, 1 ], [ 0, -1, 0, 1, 0, -1 ], 
      [ 0, -1, 0, 1, 0, 0 ], [ 0, -1, 1, -1, 0, 0 ], [ 0, -1, 1, -1, 0, 1 ], [ 0, -1, 1, -1, 1, -1 ], 
      [ 0, -1, 1, -1, 1, 0 ], [ 0, -1, 1, 0, -1, 0 ], [ 0, -1, 1, 0, -1, 1 ], [ 0, -1, 1, 0, 0, -1 ], 
      [ 0, -1, 1, 0, 0, 0 ], [ 0, 0, -1, 0, 0, 0 ], [ 0, 0, -1, 0, 0, 1 ], [ 0, 0, -1, 0, 1, -1 ], 
      [ 0, 0, -1, 1, -1, 0 ], [ 0, 0, -1, 1, -1, 1 ], [ 0, 0, -1, 1, 0, -1 ], [ 0, 0, -1, 1, 0, 0 ], 
      [ 0, 0, -1, 2, -1, 0 ], [ 0, 0, 0, -1, 0, 0 ], [ 0, 0, 0, -1, 0, 1 ], [ 0, 0, 0, -1, 1, -1 ], 
      [ 0, 0, 0, -1, 1, 0 ], [ 0, 0, 0, 0, -1, 0 ], [ 0, 0, 0, 0, -1, 1 ], [ 0, 0, 0, 0, 0, -1 ], 
      [ 0, 0, 0, 0, 0, 1 ], [ 0, 0, 0, 0, 1, -1 ], [ 0, 0, 0, 0, 1, 0 ], [ 0, 0, 0, 1, -1, 0 ], 
      [ 0, 0, 0, 1, -1, 1 ], [ 0, 0, 0, 1, 0, -1 ], [ 0, 0, 0, 1, 0, 0 ], [ 0, 0, 1, -2, 1, 0 ], 
      [ 0, 0, 1, -1, 0, 0 ], [ 0, 0, 1, -1, 0, 1 ], [ 0, 0, 1, -1, 1, -1 ], [ 0, 0, 1, -1, 1, 0 ], 
      [ 0, 0, 1, 0, -1, 1 ], [ 0, 0, 1, 0, 0, -1 ], [ 0, 0, 1, 0, 0, 0 ], [ 0, 1, -1, 0, 0, 0 ], 
      [ 0, 1, -1, 0, 0, 1 ], [ 0, 1, -1, 0, 1, -1 ], [ 0, 1, -1, 0, 1, 0 ], [ 0, 1, -1, 1, -1, 0 ], 
      [ 0, 1, -1, 1, -1, 1 ], [ 0, 1, -1, 1, 0, -1 ], [ 0, 1, -1, 1, 0, 0 ], [ 0, 1, 0, -1, 0, 0 ], 
      [ 0, 1, 0, -1, 0, 1 ], [ 0, 1, 0, -1, 1, -1 ], [ 0, 1, 0, -1, 1, 0 ], [ 0, 1, 0, 0, -1, 0 ], 
      [ 0, 1, 0, 0, -1, 1 ], [ 0, 1, 0, 0, 0, -1 ], [ 0, 1, 0, 0, 0, 0 ], [ 1, -1, 0, 0, 0, 0 ], 
      [ 1, -1, 0, 0, 0, 1 ], [ 1, -1, 0, 0, 1, -1 ], [ 1, -1, 0, 0, 1, 0 ], [ 1, -1, 0, 1, -1, 0 ], 
      [ 1, -1, 0, 1, -1, 1 ], [ 1, -1, 0, 1, 0, -1 ], [ 1, -1, 0, 1, 0, 0 ], [ 1, -1, 1, -1, 0, 0 ], 
      [ 1, -1, 1, -1, 0, 1 ], [ 1, -1, 1, -1, 1, -1 ], [ 1, -1, 1, -1, 1, 0 ], [ 1, -1, 1, 0, -1, 0 ], 
      [ 1, -1, 1, 0, -1, 1 ], [ 1, -1, 1, 0, 0, -1 ], [ 1, -1, 1, 0, 0, 0 ], [ 1, 0, -1, 0, 0, 0 ], 
      [ 1, 0, -1, 0, 0, 1 ], [ 1, 0, -1, 1, -1, 0 ], [ 1, 0, -1, 1, -1, 1 ], [ 1, 0, -1, 1, 0, 0 ], 
      [ 1, 0, 0, -1, 0, 0 ], [ 1, 0, 0, -1, 0, 1 ], [ 1, 0, 0, -1, 1, 0 ], [ 1, 0, 0, 0, -1, 1 ], 
      [ 1, 0, 0, 0, 0, 0 ], [ 1, 0, 0, 0, 0, 1 ], [ 1, 0, 0, 0, 1, 0 ], [ 1, 0, 0, 1, -1, 1 ], 
      [ 1, 0, 1, -2, 1, 0 ], [ 1, 0, 1, -2, 1, 1 ], [ 1, 0, 1, -1, 0, 1 ] ],
  eInvariant := rec(
      nbFac := 25,
      nbIneq := 906 ) );
