return rec(
  CharMat := [ [ 7, 5, 3, 1, -1, -3 ], [ 5, 12, 8, 4, 1, -2 ], [ 3, 8, 14, 11, 6, 1 ], [ 1, 4, 11, 18, 11, 4 ], 
      [ -1, 1, 6, 11, 15, 7 ], [ -3, -2, 1, 4, 7, 10 ] ],
  ListInequalities := [ [ 0, 0, 0, 0, 0, 0, -1, 1, 0, 0, 0, 0, 0, 0, -1, 0, 0, 1, 0, 0, 0 ], 
      [ 0, 0, 0, 0, 0, 0, -1, 1, 0, 0, -1, 0, 0, 0, 0, 0, 0, 0, 0, 0, 0 ], 
      [ 0, 0, 0, 0, 0, 0, 0, 0, -1, 1, 0, 0, 0, 0, 0, 0, 0, 0, 0, -1, 1 ], 
      [ 0, 0, 0, 0, 0, 0, 0, 0, -1, 1, -1, 0, 0, 0, 0, 0, 0, 0, 0, 0, 0 ], 
      [ 1, 0, 0, 0, 0, 0, -1, 0, 0, 0, 1, 0, 0, 0, -1, 0, 0, 0, 0, 0, 0 ], 
      [ 0, 0, 0, 0, 0, 0, 0, 0, 1, 0, 0, 0, 0, 0, 0, 0, 0, 0, 0, 0, 0 ], 
      [ 0, 0, 0, 0, 0, 0, 0, 1, -1, 1, 0, 0, 0, 0, 0, 0, 0, 0, 0, 0, 0 ], 
      [ 1, 0, 0, 0, 0, 0, 0, -1, 0, 0, 1, 0, 0, 0, 0, 0, 0, 0, 0, 0, 0 ], 
      [ 0, 0, 0, 0, 0, 0, 1, 0, -1, 0, 1, 0, 0, 0, 0, 0, 0, 0, 0, 0, 0 ], 
      [ 1, 0, 0, 0, 0, 0, -1, 0, 1, -1, 1, 0, 0, 0, 0, 0, 0, 0, 0, 0, 0 ], 
      [ 0, 0, 1, 0, 0, 0, 0, -1, 1, 0, 0, 0, 0, 0, 0, -1, 0, 0, 0, 0, 0 ], 
      [ 0, 0, 1, 0, 0, 0, 1, -1, 0, 0, 0, -1, 1, 0, 0, -1, 0, 0, 0, 0, 0 ], 
      [ 0, 0, 1, 0, 0, 0, 1, -1, 0, 0, 1, -1, 1, 0, 0, -1, 0, -1, 0, 1, 0 ], 
      [ 0, 0, 0, 0, 0, 0, 0, 0, -1, 1, 0, 0, 1, -1, 0, 0, 0, 0, 0, 0, 0 ], 
      [ 0, 0, 0, 0, 0, 0, 0, 0, 0, 0, -1, 0, 0, 0, 1, 0, 0, 0, 0, 0, 0 ], 
      [ 0, 0, 0, 0, 0, 0, 0, 0, 0, 0, 0, 0, 0, 0, -1, 0, 0, 0, 0, 0, 0 ], 
      [ 0, 0, 0, 0, 0, 0, 0, 0, 0, 0, 0, 0, 0, 1, 0, 0, 0, 0, 0, 0, 0 ], 
      [ 0, 0, 0, 0, 0, 0, 0, 0, 0, 0, 0, 1, -1, 0, 1, 0, 0, 0, 0, 0, 0 ], 
      [ 0, 0, 0, 0, 0, 1, 0, 0, 0, 0, 0, 0, 0, 0, 1, 0, 0, 0, 0, 0, -1 ], 
      [ 0, 0, 1, 1, 0, 0, 0, 0, 0, 0, 0, -1, 1, 0, 0, -2, 1, 0, -1, 0, 0 ], 
      [ 0, 0, 0, 0, 0, 0, 0, 0, 0, 0, 0, 0, 0, 0, 1, 0, 0, -1, 0, 1, 0 ], 
      [ 0, 0, -1, 0, 0, 0, 0, 0, 0, 0, 0, 1, -1, 0, 0, 1, 0, 0, 0, 0, 0 ], 
      [ 0, 0, 0, 0, 1, 0, 0, 0, 0, 0, 0, 0, 0, 0, 0, 0, 0, 0, -1, 1, -1 ] ],
  ListInformations := 
   [ [ [ 1, [ 80, 122 ] ], [ 1, [ 80, 122 ] ], [ 126, [ 5, 47 ] ], [ 126, [ 5, 47 ] ], [ 126, [ 5, 47 ] ], 
          [ 1, [ 80, 122 ] ] ], [ [ 1, [ 81, 121 ] ], [ 1, [ 81, 121 ] ], [ 126, [ 6, 46 ] ], [ 126, [ 6, 46 ] ],
          [ 126, [ 6, 46 ] ], [ 1, [ 81, 121 ] ] ], 
      [ [ 3, [ 67, 122 ] ], [ 3, [ 67, 122 ] ], [ 124, [ 5, 60 ] ], [ 124, [ 5, 60 ] ], [ 124, [ 5, 60 ] ], 
          [ 3, [ 67, 122 ] ] ], [ [ 3, [ 68, 121 ] ], [ 3, [ 68, 121 ] ], [ 124, [ 6, 59 ] ], [ 124, [ 6, 59 ] ],
          [ 124, [ 6, 59 ] ], [ 3, [ 68, 121 ] ] ], 
      [ [ 94, [ 95, 5 ] ], [ 94, [ 95, 5 ] ], [ 33, [ 122, 32 ] ], [ 33, [ 122, 32 ] ], [ 33, [ 122, 32 ] ], 
          [ 94, [ 95, 5 ] ] ], 
      [ [ 117, [ 6, 70 ] ], [ 117, [ 6, 70 ] ], [ 10, [ 57, 121 ] ], [ 10, [ 57, 121 ] ], [ 10, [ 57, 121 ] ], 
          [ 117, [ 6, 70 ] ] ], 
      [ [ 114, [ 6, 74 ] ], [ 114, [ 6, 74 ] ], [ 13, [ 53, 121 ] ], [ 13, [ 53, 121 ] ], [ 13, [ 53, 121 ] ], 
          [ 114, [ 6, 74 ] ] ], 
      [ [ 77, [ 111, 6 ] ], [ 77, [ 111, 6 ] ], [ 50, [ 121, 16 ] ], [ 50, [ 121, 16 ] ], [ 50, [ 121, 16 ] ], 
          [ 77, [ 111, 6 ] ] ], 
      [ [ 101, [ 6, 88 ] ], [ 101, [ 6, 88 ] ], [ 26, [ 39, 121 ] ], [ 26, [ 39, 121 ] ], [ 26, [ 39, 121 ] ], 
          [ 101, [ 6, 88 ] ] ], 
      [ [ 89, [ 100, 6 ] ], [ 89, [ 100, 6 ] ], [ 38, [ 121, 27 ] ], [ 38, [ 121, 27 ] ], [ 38, [ 121, 27 ] ], 
          [ 89, [ 100, 6 ] ] ], [ [ 10, [ 71, 110 ] ], [ 10, [ 71, 110 ] ], [ 117, [ 17, 56 ] ], 
          [ 117, [ 17, 56 ] ], [ 117, [ 17, 56 ] ], [ 10, [ 71, 110 ] ] ], 
      [ [ 102, [ 11, 80 ] ], [ 102, [ 11, 80 ] ], [ 25, [ 47, 116 ] ], [ 25, [ 47, 116 ] ], [ 25, [ 47, 116 ] ], 
          [ 102, [ 11, 80 ] ] ], [ [ 101, [ 11, 81 ] ], [ 101, [ 11, 81 ] ], [ 26, [ 46, 116 ] ], 
          [ 26, [ 46, 116 ] ], [ 26, [ 46, 116 ] ], [ 101, [ 11, 81 ] ] ], 
      [ [ 28, [ 67, 95 ] ], [ 28, [ 67, 95 ] ], [ 99, [ 32, 60 ] ], [ 99, [ 32, 60 ] ], [ 99, [ 32, 60 ] ], 
          [ 28, [ 67, 95 ] ] ], [ [ 31, [ 64, 95 ] ], [ 31, [ 64, 95 ] ], [ 96, [ 32, 63 ] ], [ 96, [ 32, 63 ] ],
          [ 96, [ 32, 63 ] ], [ 31, [ 64, 95 ] ] ], 
      [ [ 33, [ 64, 93 ] ], [ 33, [ 64, 93 ] ], [ 94, [ 34, 63 ] ], [ 94, [ 34, 63 ] ], [ 94, [ 34, 63 ] ], 
          [ 33, [ 64, 93 ] ] ], [ [ 91, [ 34, 66 ] ], [ 91, [ 34, 66 ] ], [ 36, [ 61, 93 ] ], [ 36, [ 61, 93 ] ],
          [ 36, [ 61, 93 ] ], [ 91, [ 34, 66 ] ] ], 
      [ [ 86, [ 34, 72 ] ], [ 86, [ 34, 72 ] ], [ 41, [ 55, 93 ] ], [ 41, [ 55, 93 ] ], [ 41, [ 55, 93 ] ], 
          [ 86, [ 34, 72 ] ] ], [ [ 91, [ 35, 64 ] ], [ 91, [ 35, 64 ] ], [ 36, [ 63, 92 ] ], [ 36, [ 63, 92 ] ],
          [ 36, [ 63, 92 ] ], [ 91, [ 35, 64 ] ] ], 
      [ [ 36, [ 71, 84 ] ], [ 36, [ 71, 84 ] ], [ 91, [ 43, 56 ] ], [ 91, [ 43, 56 ] ], [ 91, [ 43, 56 ] ], 
          [ 36, [ 71, 84 ] ] ], [ [ 86, [ 40, 64 ] ], [ 86, [ 40, 64 ] ], [ 41, [ 63, 87 ] ], [ 41, [ 63, 87 ] ],
          [ 41, [ 63, 87 ] ], [ 86, [ 40, 64 ] ] ], 
      [ [ 79, [ 47, 71 ] ], [ 79, [ 47, 71 ] ], [ 48, [ 56, 80 ] ], [ 48, [ 56, 80 ] ], [ 48, [ 56, 80 ] ], 
          [ 79, [ 47, 71 ] ] ], [ [ 58, [ 65, 67 ] ], [ 58, [ 65, 67 ] ], [ 69, [ 60, 62 ] ], [ 69, [ 60, 62 ] ],
          [ 69, [ 60, 62 ] ], [ 58, [ 65, 67 ] ] ] ],
  Status := "NO",
  TheCtype := [ [ -1, -1, 1, 0, 0, -1 ], [ -1, 0, -1, 1, 0, -1 ], [ -1, 0, 0, -1, 1, -1 ], 
      [ -1, 0, 0, 0, -1, 0 ], [ -1, 0, 0, 0, 0, -1 ], [ -1, 0, 0, 0, 0, 0 ], [ -1, 0, 0, 0, 1, -1 ], 
      [ -1, 0, 0, 1, -1, 0 ], [ -1, 0, 0, 1, 0, -1 ], [ -1, 0, 0, 1, 0, 0 ], [ -1, 0, 1, -1, 0, 0 ], 
      [ -1, 0, 1, -1, 1, -1 ], [ -1, 0, 1, -1, 1, 0 ], [ -1, 0, 1, 0, -1, 0 ], [ -1, 0, 1, 0, -1, 1 ], 
      [ -1, 0, 1, 0, 0, -1 ], [ -1, 0, 1, 0, 0, 0 ], [ -1, 1, -1, 0, 0, 0 ], [ -1, 1, -1, 0, 1, -1 ], 
      [ -1, 1, -1, 0, 1, 0 ], [ -1, 1, -1, 1, -1, 0 ], [ -1, 1, -1, 1, -1, 1 ], [ -1, 1, -1, 1, 0, -1 ], 
      [ -1, 1, -1, 1, 0, 0 ], [ -1, 1, 0, -1, 0, 0 ], [ -1, 1, 0, -1, 0, 1 ], [ -1, 1, 0, -1, 1, -1 ], 
      [ -1, 1, 0, -1, 1, 0 ], [ -1, 1, 0, 0, -1, 0 ], [ -1, 1, 0, 0, -1, 1 ], [ -1, 1, 0, 0, 0, -1 ], 
      [ -1, 1, 0, 0, 0, 0 ], [ 0, -1, 0, 0, 0, -1 ], [ 0, -1, 0, 0, 0, 0 ], [ 0, -1, 0, 0, 1, -1 ], 
      [ 0, -1, 0, 0, 1, 0 ], [ 0, -1, 0, 1, -1, 0 ], [ 0, -1, 0, 1, -1, 1 ], [ 0, -1, 0, 1, 0, -1 ], 
      [ 0, -1, 1, -1, 0, 0 ], [ 0, -1, 1, -1, 0, 1 ], [ 0, -1, 1, -1, 1, -1 ], [ 0, -1, 1, -1, 1, 0 ], 
      [ 0, -1, 1, 0, -1, 0 ], [ 0, -1, 1, 0, -1, 1 ], [ 0, -1, 1, 0, 0, -1 ], [ 0, -1, 1, 0, 0, 0 ], 
      [ 0, -1, 2, -1, 0, 0 ], [ 0, 0, -1, 0, 0, 0 ], [ 0, 0, -1, 0, 0, 1 ], [ 0, 0, -1, 0, 1, -1 ], 
      [ 0, 0, -1, 0, 1, 0 ], [ 0, 0, -1, 1, -1, 0 ], [ 0, 0, -1, 1, -1, 1 ], [ 0, 0, -1, 1, 0, -1 ], 
      [ 0, 0, -1, 1, 0, 0 ], [ 0, 0, 0, -1, 0, 0 ], [ 0, 0, 0, -1, 0, 1 ], [ 0, 0, 0, -1, 1, -1 ], 
      [ 0, 0, 0, -1, 1, 0 ], [ 0, 0, 0, 0, -1, 0 ], [ 0, 0, 0, 0, -1, 1 ], [ 0, 0, 0, 0, 0, -1 ], 
      [ 0, 0, 0, 0, 0, 1 ], [ 0, 0, 0, 0, 1, -1 ], [ 0, 0, 0, 0, 1, 0 ], [ 0, 0, 0, 1, -1, 0 ], 
      [ 0, 0, 0, 1, -1, 1 ], [ 0, 0, 0, 1, 0, -1 ], [ 0, 0, 0, 1, 0, 0 ], [ 0, 0, 1, -1, 0, 0 ], 
      [ 0, 0, 1, -1, 0, 1 ], [ 0, 0, 1, -1, 1, -1 ], [ 0, 0, 1, -1, 1, 0 ], [ 0, 0, 1, 0, -1, 0 ], 
      [ 0, 0, 1, 0, -1, 1 ], [ 0, 0, 1, 0, 0, -1 ], [ 0, 0, 1, 0, 0, 0 ], [ 0, 1, -2, 1, 0, 0 ], 
      [ 0, 1, -1, 0, 0, 0 ], [ 0, 1, -1, 0, 0, 1 ], [ 0, 1, -1, 0, 1, -1 ], [ 0, 1, -1, 0, 1, 0 ], 
      [ 0, 1, -1, 1, -1, 0 ], [ 0, 1, -1, 1, -1, 1 ], [ 0, 1, -1, 1, 0, -1 ], [ 0, 1, -1, 1, 0, 0 ], 
      [ 0, 1, 0, -1, 0, 1 ], [ 0, 1, 0, -1, 1, -1 ], [ 0, 1, 0, -1, 1, 0 ], [ 0, 1, 0, 0, -1, 0 ], 
      [ 0, 1, 0, 0, -1, 1 ], [ 0, 1, 0, 0, 0, 0 ], [ 0, 1, 0, 0, 0, 1 ], [ 1, -1, 0, 0, 0, 0 ], 
      [ 1, -1, 0, 0, 0, 1 ], [ 1, -1, 0, 0, 1, -1 ], [ 1, -1, 0, 0, 1, 0 ], [ 1, -1, 0, 1, -1, 0 ], 
      [ 1, -1, 0, 1, -1, 1 ], [ 1, -1, 0, 1, 0, -1 ], [ 1, -1, 0, 1, 0, 0 ], [ 1, -1, 1, -1, 0, 0 ], 
      [ 1, -1, 1, -1, 0, 1 ], [ 1, -1, 1, -1, 1, -1 ], [ 1, -1, 1, -1, 1, 0 ], [ 1, -1, 1, 0, -1, 0 ], 
      [ 1, -1, 1, 0, -1, 1 ], [ 1, -1, 1, 0, 0, 0 ], [ 1, 0, -1, 0, 0, 0 ], [ 1, 0, -1, 0, 0, 1 ], 
      [ 1, 0, -1, 0, 1, -1 ], [ 1, 0, -1, 0, 1, 0 ], [ 1, 0, -1, 1, -1, 0 ], [ 1, 0, -1, 1, -1, 1 ], 
      [ 1, 0, -1, 1, 0, 0 ], [ 1, 0, 0, -1, 0, 0 ], [ 1, 0, 0, -1, 0, 1 ], [ 1, 0, 0, -1, 1, 0 ], 
      [ 1, 0, 0, 0, -1, 1 ], [ 1, 0, 0, 0, 0, 0 ], [ 1, 0, 0, 0, 0, 1 ], [ 1, 0, 0, 0, 1, 0 ], 
      [ 1, 0, 0, 1, -1, 1 ], [ 1, 0, 1, -1, 0, 1 ], [ 1, 1, -1, 0, 0, 1 ] ],
  eInvariant := rec(
      nbFac := 43,
      nbIneq := 927 ) );
