return rec(
  CharMat := [ [ 11, 7, 3, 0, -2, -1 ], [ 7, 16, 15, 10, 4, 3 ], [ 3, 15, 27, 21, 11, 7 ], 
      [ 0, 10, 21, 26, 15, 9 ], [ -2, 4, 11, 15, 19, 11 ], [ -1, 3, 7, 9, 11, 12 ] ],
  ListInequalities := [ [ 0, 0, 0, 0, 0, 0, 0, 0, 0, -1, 1, 0, 0, 0, 0, 0, 0, 0, 0, 0, 0 ], 
      [ 0, 0, 0, 0, 0, 0, 0, 0, 0, 0, -1, 0, 0, 0, 0, 0, 0, 0, 0, 0, 0 ], 
      [ 0, 0, 0, 0, 0, 0, 0, 0, 1, -1, 1, 0, 0, 0, 0, 0, 0, 0, 0, 0, 0 ], 
      [ 0, 0, 0, 0, 0, 0, 0, 0, 1, 0, -1, 0, 0, 0, 0, 0, 0, 0, 0, 0, 0 ], 
      [ 0, 0, 0, 0, 0, 0, 0, 1, -1, 1, 0, 0, 0, 0, 0, 0, 0, 0, 0, 0, 0 ], 
      [ 0, 0, 0, 0, 0, 0, 1, -1, 0, 1, 0, 0, 0, 0, 0, 0, 0, 0, 0, 0, 0 ], 
      [ 1, 0, 0, 0, 0, 0, -1, 0, 0, 1, 0, 0, 0, 0, 0, 0, 0, 0, 0, 0, 0 ], 
      [ 0, 0, 0, 0, 0, 0, 0, 0, 0, 0, 1, 0, 0, 0, 0, 0, 0, 0, 0, -1, 1 ], 
      [ 0, 0, 0, 0, 1, 0, 0, 0, 0, 1, -1, 0, 0, 0, 0, 0, 0, 0, -1, 1, -1 ], 
      [ 0, 1, 1, 0, 0, 0, -1, 1, 0, 0, 0, -2, 1, -1, 1, -1, 1, -1, 0, 0, 0 ], 
      [ 0, 1, 1, 0, 0, 0, -1, 1, 0, -1, 1, -2, 1, 1, -1, -1, -1, 1, 1, -1, 0 ], 
      [ 0, 1, 0, 0, 0, 0, -1, 0, 1, -1, 1, 0, -1, 1, -1, 0, 0, 0, 0, 0, 0 ], 
      [ 0, 0, 0, 0, 0, 0, 0, 0, 0, 0, 1, 0, 0, 0, 0, 0, 0, -1, 0, 1, 0 ], 
      [ 0, 0, 0, 0, 0, 0, 0, 0, 0, 1, -1, 0, 0, 0, 0, 0, -1, 1, 1, -1, 0 ], 
      [ 0, 1, 0, 0, 0, 0, -1, 1, 0, 0, 0, -1, -1, 1, 0, 1, -1, 0, 0, 0, 0 ], 
      [ 0, 1, 0, 0, 0, 0, -1, 1, -1, 1, 0, -1, 1, -1, 0, 0, 0, 0, 0, 0, 0 ], 
      [ 0, 1, 0, 0, 0, 0, -1, 1, 0, 0, 0, -1, 0, 0, -1, 0, 0, 1, 0, 0, 0 ], 
      [ 0, 1, 0, 0, 0, 0, -1, 1, 0, 0, -1, -1, 0, 0, 1, 0, 0, 0, 0, 0, 0 ], 
      [ 0, 0, 0, 0, 0, 0, 0, 0, 0, 0, 1, 0, 0, 0, -1, 0, 0, 1, 0, 0, 0 ], 
      [ 1, 1, 0, 0, 0, 0, -2, 1, 0, 0, 0, -1, 0, 0, 0, 0, 0, 0, 0, 0, 0 ], 
      [ 0, -1, -1, 0, 0, 0, 1, -1, 1, 0, 0, 2, -1, 0, 0, 1, 0, 0, 0, 0, 0 ], 
      [ 0, -1, -1, 0, 0, 0, 1, -1, 0, 0, 0, 2, -1, 0, 0, 1, 0, 0, 0, 0, 0 ], 
      [ 0, -1, 0, 0, 0, 0, 1, -1, 0, 1, -1, 1, 0, -1, 1, 0, 0, 0, 0, 0, 0 ], 
      [ 0, 0, -1, 0, 0, 0, 0, -1, 1, 0, 0, 2, -2, 0, 0, 1, 0, 0, 0, 0, 0 ], 
      [ 0, 0, 0, 0, 0, 0, 0, 0, 0, 1, -1, 0, 0, -2, 2, 0, 1, -1, 0, 0, 0 ], 
      [ 0, 0, 0, 0, 0, 0, 0, 0, 0, 0, 0, 0, 0, 0, 1, 0, 0, 0, 0, 0, 0 ], 
      [ 0, 0, 0, 0, 0, 0, 0, 0, 0, 0, 0, 0, 0, 1, -1, 0, 0, 0, 0, 0, 0 ], 
      [ 0, 1, 0, 0, 0, 0, 0, 0, 0, 0, 0, -1, 0, 0, 0, 0, 0, 0, 0, 0, 0 ], 
      [ 0, 0, 1, 0, 0, 0, 0, 0, 0, 0, 0, -1, 1, 0, 0, -1, 0, 0, 0, 0, 0 ], 
      [ 0, 0, 0, 1, 0, 0, 0, 0, 0, 0, 0, 0, 0, 0, 0, -1, 1, 0, -1, 0, 0 ], 
      [ 0, 0, 0, 0, 0, 1, 0, 0, 0, 0, 0, 0, 0, 0, 0, 0, 0, 0, 0, 0, -1 ] ],
  ListInformations := 
   [ [ [ 2, [ 65, 123 ] ], [ 2, [ 65, 123 ] ], [ 125, [ 4, 62 ] ], [ 125, [ 4, 62 ] ], [ 125, [ 4, 62 ] ], 
          [ 2, [ 65, 123 ] ] ], [ [ 3, [ 64, 123 ] ], [ 3, [ 64, 123 ] ], [ 124, [ 4, 63 ] ], [ 124, [ 4, 63 ] ],
          [ 124, [ 4, 63 ] ], [ 3, [ 64, 123 ] ] ], 
      [ [ 121, [ 4, 68 ] ], [ 121, [ 4, 68 ] ], [ 6, [ 59, 123 ] ], [ 6, [ 59, 123 ] ], [ 6, [ 59, 123 ] ], 
          [ 121, [ 4, 68 ] ] ], [ [ 120, [ 4, 69 ] ], [ 120, [ 4, 69 ] ], [ 7, [ 58, 123 ] ], [ 7, [ 58, 123 ] ],
          [ 7, [ 58, 123 ] ], [ 120, [ 4, 69 ] ] ], 
      [ [ 116, [ 4, 74 ] ], [ 116, [ 4, 74 ] ], [ 11, [ 53, 123 ] ], [ 11, [ 53, 123 ] ], [ 11, [ 53, 123 ] ], 
          [ 116, [ 4, 74 ] ] ], 
      [ [ 110, [ 4, 82 ] ], [ 110, [ 4, 82 ] ], [ 17, [ 45, 123 ] ], [ 17, [ 45, 123 ] ], [ 17, [ 45, 123 ] ], 
          [ 110, [ 4, 82 ] ] ], 
      [ [ 91, [ 101, 4 ] ], [ 91, [ 101, 4 ] ], [ 36, [ 123, 26 ] ], [ 36, [ 123, 26 ] ], [ 36, [ 123, 26 ] ], 
          [ 91, [ 101, 4 ] ] ], [ [ 121, [ 5, 64 ] ], [ 121, [ 5, 64 ] ], [ 6, [ 63, 122 ] ], [ 6, [ 63, 122 ] ],
          [ 6, [ 63, 122 ] ], [ 121, [ 5, 64 ] ] ], 
      [ [ 120, [ 5, 65 ] ], [ 120, [ 5, 65 ] ], [ 7, [ 62, 122 ] ], [ 7, [ 62, 122 ] ], [ 7, [ 62, 122 ] ], 
          [ 120, [ 5, 65 ] ] ], 
      [ [ 6, [ 79, 108 ] ], [ 6, [ 79, 108 ] ], [ 121, [ 19, 48 ] ], [ 121, [ 19, 48 ] ], [ 121, [ 19, 48 ] ], 
          [ 6, [ 79, 108 ] ] ], 
      [ [ 6, [ 81, 106 ] ], [ 6, [ 81, 106 ] ], [ 121, [ 21, 46 ] ], [ 121, [ 21, 46 ] ], [ 121, [ 21, 46 ] ], 
          [ 6, [ 81, 106 ] ] ], [ [ 6, [ 89, 98 ] ], [ 6, [ 89, 98 ] ], [ 121, [ 29, 38 ] ], [ 121, [ 29, 38 ] ],
          [ 121, [ 29, 38 ] ], [ 6, [ 89, 98 ] ] ], 
      [ [ 118, [ 8, 64 ] ], [ 118, [ 8, 64 ] ], [ 9, [ 63, 119 ] ], [ 9, [ 63, 119 ] ], [ 9, [ 63, 119 ] ], 
          [ 118, [ 8, 64 ] ] ], 
      [ [ 117, [ 8, 65 ] ], [ 117, [ 8, 65 ] ], [ 10, [ 62, 119 ] ], [ 10, [ 62, 119 ] ], [ 10, [ 62, 119 ] ], 
          [ 117, [ 8, 65 ] ] ], [ [ 11, [ 79, 102 ] ], [ 11, [ 79, 102 ] ], [ 116, [ 25, 48 ] ], 
          [ 116, [ 25, 48 ] ], [ 116, [ 25, 48 ] ], [ 11, [ 79, 102 ] ] ], 
      [ [ 11, [ 83, 98 ] ], [ 11, [ 83, 98 ] ], [ 116, [ 29, 44 ] ], [ 116, [ 29, 44 ] ], [ 116, [ 29, 44 ] ], 
          [ 11, [ 83, 98 ] ] ], 
      [ [ 13, [ 79, 99 ] ], [ 13, [ 79, 99 ] ], [ 114, [ 28, 48 ] ], [ 114, [ 28, 48 ] ], [ 114, [ 28, 48 ] ], 
          [ 13, [ 79, 99 ] ] ], 
      [ [ 13, [ 80, 98 ] ], [ 13, [ 80, 98 ] ], [ 114, [ 29, 47 ] ], [ 114, [ 29, 47 ] ], [ 114, [ 29, 47 ] ], 
          [ 13, [ 80, 98 ] ] ], [ [ 112, [ 14, 64 ] ], [ 112, [ 14, 64 ] ], [ 15, [ 63, 113 ] ], 
          [ 15, [ 63, 113 ] ], [ 15, [ 63, 113 ] ], [ 112, [ 14, 64 ] ] ], 
      [ [ 78, [ 98, 14 ] ], [ 78, [ 98, 14 ] ], [ 49, [ 113, 29 ] ], [ 49, [ 113, 29 ] ], [ 49, [ 113, 29 ] ], 
          [ 78, [ 98, 14 ] ] ], 
      [ [ 97, [ 14, 86 ] ], [ 97, [ 14, 86 ] ], [ 30, [ 41, 113 ] ], [ 30, [ 41, 113 ] ], [ 30, [ 41, 113 ] ], 
          [ 97, [ 14, 86 ] ] ], 
      [ [ 97, [ 21, 79 ] ], [ 97, [ 21, 79 ] ], [ 30, [ 48, 106 ] ], [ 30, [ 48, 106 ] ], [ 30, [ 48, 106 ] ], 
          [ 97, [ 21, 79 ] ] ], [ [ 95, [ 29, 81 ] ], [ 95, [ 29, 81 ] ], [ 32, [ 46, 98 ] ], [ 32, [ 46, 98 ] ],
          [ 32, [ 46, 98 ] ], [ 95, [ 29, 81 ] ] ], 
      [ [ 30, [ 71, 96 ] ], [ 30, [ 71, 96 ] ], [ 97, [ 31, 56 ] ], [ 97, [ 31, 56 ] ], [ 97, [ 31, 56 ] ], 
          [ 30, [ 71, 96 ] ] ], [ [ 95, [ 31, 65 ] ], [ 95, [ 31, 65 ] ], [ 32, [ 62, 96 ] ], [ 32, [ 62, 96 ] ],
          [ 32, [ 62, 96 ] ], [ 95, [ 31, 65 ] ] ], 
      [ [ 93, [ 33, 64 ] ], [ 93, [ 33, 64 ] ], [ 34, [ 63, 94 ] ], [ 34, [ 63, 94 ] ], [ 34, [ 63, 94 ] ], 
          [ 93, [ 33, 64 ] ] ], [ [ 92, [ 33, 65 ] ], [ 92, [ 33, 65 ] ], [ 35, [ 62, 94 ] ], [ 35, [ 62, 94 ] ],
          [ 35, [ 62, 94 ] ], [ 92, [ 33, 65 ] ] ], 
      [ [ 78, [ 79, 33 ] ], [ 78, [ 79, 33 ] ], [ 49, [ 94, 48 ] ], [ 49, [ 94, 48 ] ], [ 49, [ 94, 48 ] ], 
          [ 78, [ 79, 33 ] ] ], [ [ 40, [ 71, 79 ] ], [ 40, [ 71, 79 ] ], [ 87, [ 48, 56 ] ], [ 87, [ 48, 56 ] ],
          [ 87, [ 48, 56 ] ], [ 40, [ 71, 79 ] ] ], 
      [ [ 52, [ 67, 71 ] ], [ 52, [ 67, 71 ] ], [ 75, [ 56, 60 ] ], [ 75, [ 56, 60 ] ], [ 75, [ 56, 60 ] ], 
          [ 52, [ 67, 71 ] ] ], [ [ 61, [ 64, 65 ] ], [ 61, [ 64, 65 ] ], [ 66, [ 62, 63 ] ], [ 66, [ 62, 63 ] ],
          [ 66, [ 62, 63 ] ], [ 61, [ 64, 65 ] ] ] ],
  Status := "YES",
  TheCtype := [ [ -1, 0, 0, 0, -1, 0 ], [ -1, 0, 0, 0, -1, 1 ], [ -1, 0, 0, 0, 0, -1 ], [ -1, 0, 0, 0, 0, 0 ], 
      [ -1, 0, 0, 1, -1, 0 ], [ -1, 0, 0, 1, -1, 1 ], [ -1, 0, 0, 1, 0, -1 ], [ -1, 0, 1, -1, 0, 0 ], 
      [ -1, 0, 1, -1, 0, 1 ], [ -1, 0, 1, -1, 1, -1 ], [ -1, 0, 1, -1, 1, 0 ], [ -1, 0, 1, 0, -1, 0 ], 
      [ -1, 0, 1, 0, 0, -1 ], [ -1, 1, -1, 0, 0, 0 ], [ -1, 1, -1, 0, 0, 1 ], [ -1, 1, -1, 0, 1, -1 ], 
      [ -1, 1, -1, 0, 1, 0 ], [ -1, 1, -1, 1, -1, 0 ], [ -1, 1, -1, 1, -1, 1 ], [ -1, 1, -1, 1, 0, -1 ], 
      [ -1, 1, -1, 1, 0, 0 ], [ -1, 1, 0, -1, 0, 0 ], [ -1, 1, 0, -1, 0, 1 ], [ -1, 1, 0, -1, 1, -1 ], 
      [ -1, 1, 0, -1, 1, 0 ], [ -1, 1, 0, 0, -1, 0 ], [ -1, 1, 0, 0, -1, 1 ], [ -1, 1, 0, 0, 0, -1 ], 
      [ -1, 1, 0, 0, 0, 0 ], [ -1, 2, -2, 1, 0, 0 ], [ -1, 2, -1, 0, 0, 0 ], [ -1, 2, -1, 0, 1, -1 ], 
      [ 0, -1, 0, 0, 0, 0 ], [ 0, -1, 0, 0, 0, 1 ], [ 0, -1, 0, 0, 1, -1 ], [ 0, -1, 0, 0, 1, 0 ], 
      [ 0, -1, 0, 1, -1, 0 ], [ 0, -1, 0, 1, -1, 1 ], [ 0, -1, 0, 1, 0, -1 ], [ 0, -1, 0, 1, 0, 0 ], 
      [ 0, -1, 1, -1, 0, 0 ], [ 0, -1, 1, -1, 0, 1 ], [ 0, -1, 1, -1, 1, -1 ], [ 0, -1, 1, -1, 1, 0 ], 
      [ 0, -1, 1, 0, -1, 0 ], [ 0, -1, 1, 0, -1, 1 ], [ 0, -1, 1, 0, 0, -1 ], [ 0, -1, 1, 0, 0, 0 ], 
      [ 0, 0, -1, 0, 0, 0 ], [ 0, 0, -1, 0, 0, 1 ], [ 0, 0, -1, 0, 1, -1 ], [ 0, 0, -1, 0, 1, 0 ], 
      [ 0, 0, -1, 1, -1, 0 ], [ 0, 0, -1, 1, -1, 1 ], [ 0, 0, -1, 1, 0, -1 ], [ 0, 0, -1, 1, 0, 0 ], 
      [ 0, 0, 0, -1, 0, 0 ], [ 0, 0, 0, -1, 0, 1 ], [ 0, 0, 0, -1, 1, -1 ], [ 0, 0, 0, -1, 1, 0 ], 
      [ 0, 0, 0, 0, -1, 0 ], [ 0, 0, 0, 0, -1, 1 ], [ 0, 0, 0, 0, 0, -1 ], [ 0, 0, 0, 0, 0, 1 ], 
      [ 0, 0, 0, 0, 1, -1 ], [ 0, 0, 0, 0, 1, 0 ], [ 0, 0, 0, 1, -1, 0 ], [ 0, 0, 0, 1, -1, 1 ], 
      [ 0, 0, 0, 1, 0, -1 ], [ 0, 0, 0, 1, 0, 0 ], [ 0, 0, 1, -1, 0, 0 ], [ 0, 0, 1, -1, 0, 1 ], 
      [ 0, 0, 1, -1, 1, -1 ], [ 0, 0, 1, -1, 1, 0 ], [ 0, 0, 1, 0, -1, 0 ], [ 0, 0, 1, 0, -1, 1 ], 
      [ 0, 0, 1, 0, 0, -1 ], [ 0, 0, 1, 0, 0, 0 ], [ 0, 1, -1, 0, 0, 0 ], [ 0, 1, -1, 0, 0, 1 ], 
      [ 0, 1, -1, 0, 1, -1 ], [ 0, 1, -1, 0, 1, 0 ], [ 0, 1, -1, 1, -1, 0 ], [ 0, 1, -1, 1, -1, 1 ], 
      [ 0, 1, -1, 1, 0, -1 ], [ 0, 1, -1, 1, 0, 0 ], [ 0, 1, 0, -1, 0, 0 ], [ 0, 1, 0, -1, 0, 1 ], 
      [ 0, 1, 0, -1, 1, -1 ], [ 0, 1, 0, -1, 1, 0 ], [ 0, 1, 0, 0, -1, 0 ], [ 0, 1, 0, 0, -1, 1 ], 
      [ 0, 1, 0, 0, 0, -1 ], [ 0, 1, 0, 0, 0, 0 ], [ 1, -2, 1, 0, -1, 1 ], [ 1, -2, 1, 0, 0, 0 ], 
      [ 1, -2, 2, -1, 0, 0 ], [ 1, -1, 0, 0, 0, 0 ], [ 1, -1, 0, 0, 0, 1 ], [ 1, -1, 0, 0, 1, -1 ], 
      [ 1, -1, 0, 0, 1, 0 ], [ 1, -1, 0, 1, -1, 0 ], [ 1, -1, 0, 1, -1, 1 ], [ 1, -1, 0, 1, 0, -1 ], 
      [ 1, -1, 0, 1, 0, 0 ], [ 1, -1, 1, -1, 0, 0 ], [ 1, -1, 1, -1, 0, 1 ], [ 1, -1, 1, -1, 1, -1 ], 
      [ 1, -1, 1, -1, 1, 0 ], [ 1, -1, 1, 0, -1, 0 ], [ 1, -1, 1, 0, -1, 1 ], [ 1, -1, 1, 0, 0, -1 ], 
      [ 1, -1, 1, 0, 0, 0 ], [ 1, 0, -1, 0, 0, 1 ], [ 1, 0, -1, 0, 1, 0 ], [ 1, 0, -1, 1, -1, 0 ], 
      [ 1, 0, -1, 1, -1, 1 ], [ 1, 0, -1, 1, 0, -1 ], [ 1, 0, -1, 1, 0, 0 ], [ 1, 0, 0, -1, 0, 1 ], 
      [ 1, 0, 0, -1, 1, -1 ], [ 1, 0, 0, -1, 1, 0 ], [ 1, 0, 0, 0, 0, 0 ], [ 1, 0, 0, 0, 0, 1 ], 
      [ 1, 0, 0, 0, 1, -1 ], [ 1, 0, 0, 0, 1, 0 ] ],
  eInvariant := rec(
      nbFac := 31,
      nbIneq := 924 ) );
