return rec(
  CharMat := [ [ 18, 11, 4, 2, -3, -6 ], [ 11, 23, 15, 12, 6, 1 ], [ 4, 15, 29, 25, 16, 8 ], 
      [ 2, 12, 25, 32, 20, 9 ], [ -3, 6, 16, 20, 24, 15 ], [ -6, 1, 8, 9, 15, 20 ] ],
  ListInequalities := [ [ 0, 0, 0, 0, 0, 0, 0, -1, 1, 0, 0, 0, 0, 0, 0, 0, -1, 0, 1, 0, 0 ], 
      [ 0, 0, 0, 0, 0, 1, 0, -1, 1, -1, 1, 0, 0, 0, 0, 0, 0, -1, 0, 1, -1 ], 
      [ 0, 0, 0, 0, 0, 0, 0, -1, 1, -1, 0, 0, 0, 0, 0, 0, 0, 0, 0, 0, 0 ], 
      [ 0, 0, 0, 0, 0, 0, 0, 0, -1, 1, 0, 0, 0, 0, 0, 0, 0, 0, 0, -1, 1 ], 
      [ 0, 0, 0, 0, 0, 0, 0, 0, -1, 1, -1, 0, 0, 0, 0, 0, 0, 0, 0, 0, 0 ], 
      [ 0, 0, 0, 0, 0, 0, 0, 1, -1, 0, 0, 0, 0, 0, 0, 0, 0, 1, 0, -1, 0 ], 
      [ 0, 0, 0, 0, 0, 0, 0, 0, 1, 0, 0, 0, 0, 0, 0, 0, 0, 0, 0, 0, 0 ], 
      [ 0, 0, 0, 0, 0, 0, 0, 1, 0, -1, 1, 0, 0, 0, 0, 0, 0, 0, 0, 0, 0 ], 
      [ 0, 0, 0, 0, 0, 0, 1, -1, 0, 0, 1, 0, 0, 0, 0, 0, 0, 0, 0, 0, 0 ], 
      [ 1, 0, 0, 0, 0, 0, -1, 0, 0, 0, 1, 0, 0, 0, 0, 0, 0, 0, 0, 0, 0 ], 
      [ 0, 0, 0, 0, 1, 1, 0, 0, 1, -1, 1, 0, 0, 0, 0, 0, 0, 0, -1, 1, -2 ], 
      [ 0, 0, 0, 0, 1, 0, 0, 0, 0, 1, -1, 0, 0, 0, 0, 0, 0, 0, -1, 1, -1 ], 
      [ 0, 0, 0, 0, 1, 0, 0, 0, 0, 1, 0, 0, 0, 0, 0, 0, 0, 0, -1, 0, 0 ], 
      [ 0, 0, 0, 1, 0, 0, 0, 0, 1, -1, 1, 0, 0, 0, 0, -1, 1, -1, -1, 1, 0 ], 
      [ 0, 0, 0, 0, 0, 0, 0, 0, 0, 0, 1, 0, 0, 0, 0, 0, 0, -1, 0, 0, 1 ], 
      [ 0, 1, 0, 0, 0, 0, -1, 1, 0, 0, 0, -1, 0, 0, 0, 0, 0, 0, 0, 0, 0 ], 
      [ 0, 0, 0, 0, 0, 0, 0, 0, 0, 0, 1, 0, 0, 0, -1, 0, 0, 1, 0, 0, 0 ], 
      [ 0, 0, 0, 0, 0, 0, 0, -1, 1, 0, 0, 1, -1, 0, 0, 0, 0, 0, 0, 0, 0 ], 
      [ 0, 0, 0, 0, 0, 0, 0, 0, -1, 1, 0, 0, 1, -1, 0, 0, 0, 0, 0, 0, 0 ], 
      [ 0, 0, 0, 0, -1, 0, 0, 0, 1, -1, 0, 0, -1, 1, 0, 0, 0, 0, 1, -1, 1 ], 
      [ 0, 0, 0, 0, 0, 0, 0, 0, 1, -2, 1, 0, -1, 2, -1, 0, 0, 0, 0, 0, 0 ], 
      [ 0, 0, 0, 0, 0, 0, 0, 0, 0, 0, 0, 0, 0, 0, 1, 0, 0, 0, 0, 0, 0 ], 
      [ 0, 0, 1, 0, 0, 0, 0, 0, 0, 0, 0, -1, 1, 0, 0, -1, 0, 0, 0, 0, 0 ], 
      [ 0, 0, 0, 0, 1, 0, 0, 0, 0, 0, 0, 0, 0, -1, 1, 0, 1, -1, -1, 1, -1 ], 
      [ 0, 0, 0, 0, 1, 0, 0, 0, 0, 0, 0, 0, -1, 1, 0, 1, -1, 0, -1, 1, -1 ], 
      [ 0, 0, 0, 0, 1, 0, 0, 0, 0, 0, 0, 0, 0, 0, 0, 0, -1, 1, 0, 0, -1 ], 
      [ 0, 0, 0, 1, 1, 0, 0, 0, 0, 0, 0, 0, 0, 0, 0, -1, 1, 0, -2, 1, -1 ], 
      [ 0, 0, 0, 0, 0, 0, 0, 0, 0, 0, 0, 0, 0, 0, 0, 0, 0, -1, 0, 1, 0 ] ],
  ListInformations := 
   [ [ [ 1, [ 71, 124 ] ], [ 1, [ 71, 124 ] ], [ 126, [ 3, 56 ] ], [ 126, [ 3, 56 ] ], [ 126, [ 3, 56 ] ], 
          [ 1, [ 71, 124 ] ] ], [ [ 1, [ 73, 123 ] ], [ 1, [ 73, 123 ] ], [ 126, [ 4, 54 ] ], [ 126, [ 4, 54 ] ],
          [ 126, [ 4, 54 ] ], [ 1, [ 73, 123 ] ] ], 
      [ [ 1, [ 74, 122 ] ], [ 1, [ 74, 122 ] ], [ 126, [ 5, 53 ] ], [ 126, [ 5, 53 ] ], [ 126, [ 5, 53 ] ], 
          [ 1, [ 74, 122 ] ] ], [ [ 2, [ 68, 123 ] ], [ 2, [ 68, 123 ] ], [ 125, [ 4, 59 ] ], [ 125, [ 4, 59 ] ],
          [ 125, [ 4, 59 ] ], [ 2, [ 68, 123 ] ] ], 
      [ [ 2, [ 69, 122 ] ], [ 2, [ 69, 122 ] ], [ 125, [ 5, 58 ] ], [ 125, [ 5, 58 ] ], [ 125, [ 5, 58 ] ], 
          [ 2, [ 69, 122 ] ] ], 
      [ [ 117, [ 4, 71 ] ], [ 117, [ 4, 71 ] ], [ 10, [ 56, 123 ] ], [ 10, [ 56, 123 ] ], [ 10, [ 56, 123 ] ], 
          [ 117, [ 4, 71 ] ] ], [ [ 118, [ 5, 70 ] ], [ 118, [ 5, 70 ] ], [ 9, [ 57, 122 ] ], [ 9, [ 57, 122 ] ],
          [ 9, [ 57, 122 ] ], [ 118, [ 5, 70 ] ] ], 
      [ [ 113, [ 5, 76 ] ], [ 113, [ 5, 76 ] ], [ 14, [ 51, 122 ] ], [ 14, [ 51, 122 ] ], [ 14, [ 51, 122 ] ], 
          [ 113, [ 5, 76 ] ] ], 
      [ [ 109, [ 5, 80 ] ], [ 109, [ 5, 80 ] ], [ 18, [ 47, 122 ] ], [ 18, [ 47, 122 ] ], [ 18, [ 47, 122 ] ], 
          [ 109, [ 5, 80 ] ] ], [ [ 93, [ 97, 5 ] ], [ 93, [ 97, 5 ] ], [ 34, [ 122, 30 ] ], [ 34, [ 122, 30 ] ],
          [ 34, [ 122, 30 ] ], [ 93, [ 97, 5 ] ] ], 
      [ [ 118, [ 6, 69 ] ], [ 118, [ 6, 69 ] ], [ 9, [ 58, 121 ] ], [ 9, [ 58, 121 ] ], [ 9, [ 58, 121 ] ], 
          [ 118, [ 6, 69 ] ] ], [ [ 119, [ 7, 65 ] ], [ 119, [ 7, 65 ] ], [ 8, [ 62, 120 ] ], [ 8, [ 62, 120 ] ],
          [ 8, [ 62, 120 ] ], [ 119, [ 7, 65 ] ] ], 
      [ [ 118, [ 7, 66 ] ], [ 118, [ 7, 66 ] ], [ 9, [ 61, 120 ] ], [ 9, [ 61, 120 ] ], [ 9, [ 61, 120 ] ], 
          [ 118, [ 7, 66 ] ] ], [ [ 113, [ 11, 69 ] ], [ 113, [ 11, 69 ] ], [ 14, [ 58, 116 ] ], 
          [ 14, [ 58, 116 ] ], [ 14, [ 58, 116 ] ], [ 113, [ 11, 69 ] ] ], 
      [ [ 113, [ 13, 64 ] ], [ 113, [ 13, 64 ] ], [ 14, [ 63, 114 ] ], [ 14, [ 63, 114 ] ], [ 14, [ 63, 114 ] ], 
          [ 113, [ 13, 64 ] ] ], 
      [ [ 16, [ 79, 96 ] ], [ 16, [ 79, 96 ] ], [ 111, [ 31, 48 ] ], [ 111, [ 31, 48 ] ], [ 111, [ 31, 48 ] ], 
          [ 16, [ 79, 96 ] ] ], [ [ 109, [ 17, 64 ] ], [ 109, [ 17, 64 ] ], [ 18, [ 63, 110 ] ], 
          [ 18, [ 63, 110 ] ], [ 18, [ 63, 110 ] ], [ 109, [ 17, 64 ] ] ], 
      [ [ 24, [ 71, 96 ] ], [ 24, [ 71, 96 ] ], [ 103, [ 31, 56 ] ], [ 103, [ 31, 56 ] ], [ 103, [ 31, 56 ] ], 
          [ 24, [ 71, 96 ] ] ], 
      [ [ 27, [ 68, 96 ] ], [ 27, [ 68, 96 ] ], [ 100, [ 31, 59 ] ], [ 100, [ 31, 59 ] ], [ 100, [ 31, 59 ] ], 
          [ 27, [ 68, 96 ] ] ], [ [ 95, [ 29, 68 ] ], [ 95, [ 29, 68 ] ], [ 32, [ 59, 98 ] ], [ 32, [ 59, 98 ] ],
          [ 32, [ 59, 98 ] ], [ 95, [ 29, 68 ] ] ], 
      [ [ 95, [ 31, 67 ] ], [ 95, [ 31, 67 ] ], [ 32, [ 60, 96 ] ], [ 32, [ 60, 96 ] ], [ 32, [ 60, 96 ] ], 
          [ 95, [ 31, 67 ] ] ], [ [ 93, [ 33, 64 ] ], [ 93, [ 33, 64 ] ], [ 34, [ 63, 94 ] ], [ 34, [ 63, 94 ] ],
          [ 34, [ 63, 94 ] ], [ 93, [ 33, 64 ] ] ], 
      [ [ 40, [ 71, 79 ] ], [ 40, [ 71, 79 ] ], [ 87, [ 48, 56 ] ], [ 87, [ 48, 56 ] ], [ 87, [ 48, 56 ] ], 
          [ 40, [ 71, 79 ] ] ], [ [ 42, [ 65, 83 ] ], [ 42, [ 65, 83 ] ], [ 85, [ 44, 62 ] ], [ 85, [ 44, 62 ] ],
          [ 85, [ 44, 62 ] ], [ 42, [ 65, 83 ] ] ], 
      [ [ 42, [ 68, 81 ] ], [ 42, [ 68, 81 ] ], [ 85, [ 46, 59 ] ], [ 85, [ 46, 59 ] ], [ 85, [ 46, 59 ] ], 
          [ 42, [ 68, 81 ] ] ], [ [ 50, [ 65, 75 ] ], [ 50, [ 65, 75 ] ], [ 77, [ 52, 62 ] ], [ 77, [ 52, 62 ] ],
          [ 77, [ 52, 62 ] ], [ 50, [ 65, 75 ] ] ], 
      [ [ 50, [ 68, 73 ] ], [ 50, [ 68, 73 ] ], [ 77, [ 54, 59 ] ], [ 77, [ 54, 59 ] ], [ 77, [ 54, 59 ] ], 
          [ 50, [ 68, 73 ] ] ], [ [ 55, [ 64, 71 ] ], [ 55, [ 64, 71 ] ], [ 72, [ 56, 63 ] ], [ 72, [ 56, 63 ] ],
          [ 72, [ 56, 63 ] ], [ 55, [ 64, 71 ] ] ] ],
  Status := "NO",
  TheCtype := [ [ -1, 0, -1, 1, -1, 0 ], [ -1, 0, 0, -1, 1, -1 ], [ -1, 0, 0, 0, -1, 0 ], [ -1, 0, 0, 0, 0, -1 ],
      [ -1, 0, 0, 0, 0, 0 ], [ -1, 0, 0, 0, 1, -1 ], [ -1, 0, 0, 1, -1, 0 ], [ -1, 0, 0, 1, 0, -1 ], 
      [ -1, 0, 0, 1, 0, 0 ], [ -1, 0, 1, -1, 0, -1 ], [ -1, 0, 1, -1, 0, 0 ], [ -1, 0, 1, -1, 1, -1 ], 
      [ -1, 0, 1, 0, -1, 0 ], [ -1, 0, 1, 0, -1, 1 ], [ -1, 0, 1, 0, 0, -1 ], [ -1, 0, 1, 0, 0, 0 ], 
      [ -1, 1, -1, 0, 0, 0 ], [ -1, 1, -1, 0, 0, 1 ], [ -1, 1, -1, 0, 1, -1 ], [ -1, 1, -1, 0, 1, 0 ], 
      [ -1, 1, -1, 1, -1, 0 ], [ -1, 1, -1, 1, -1, 1 ], [ -1, 1, -1, 1, 0, -1 ], [ -1, 1, -1, 1, 0, 0 ], 
      [ -1, 1, 0, -1, 0, 0 ], [ -1, 1, 0, -1, 1, -1 ], [ -1, 1, 0, -1, 1, 0 ], [ -1, 1, 0, 0, -1, 0 ], 
      [ -1, 1, 0, 0, -1, 1 ], [ -1, 1, 0, 0, 0, -1 ], [ -1, 1, 0, 0, 0, 0 ], [ -1, 1, 0, 1, -2, 1 ], 
      [ 0, -1, 0, 0, 0, 0 ], [ 0, -1, 0, 0, 0, 1 ], [ 0, -1, 0, 0, 1, -1 ], [ 0, -1, 0, 0, 1, 0 ], 
      [ 0, -1, 0, 1, -1, 0 ], [ 0, -1, 0, 1, -1, 1 ], [ 0, -1, 0, 1, 0, -1 ], [ 0, -1, 0, 1, 0, 0 ], 
      [ 0, -1, 1, -1, 0, 0 ], [ 0, -1, 1, -1, 0, 1 ], [ 0, -1, 1, -1, 1, -1 ], [ 0, -1, 1, -1, 1, 0 ], 
      [ 0, -1, 1, 0, -1, 0 ], [ 0, -1, 1, 0, -1, 1 ], [ 0, -1, 1, 0, 0, -1 ], [ 0, -1, 1, 0, 0, 0 ], 
      [ 0, 0, -1, 0, 0, 0 ], [ 0, 0, -1, 0, 0, 1 ], [ 0, 0, -1, 0, 1, -1 ], [ 0, 0, -1, 0, 1, 0 ], 
      [ 0, 0, -1, 1, -1, 0 ], [ 0, 0, -1, 1, -1, 1 ], [ 0, 0, -1, 1, 0, -1 ], [ 0, 0, -1, 1, 0, 0 ], 
      [ 0, 0, 0, -1, 0, 0 ], [ 0, 0, 0, -1, 1, -1 ], [ 0, 0, 0, -1, 1, 0 ], [ 0, 0, 0, -1, 2, -1 ], 
      [ 0, 0, 0, 0, -1, 0 ], [ 0, 0, 0, 0, -1, 1 ], [ 0, 0, 0, 0, 0, -1 ], [ 0, 0, 0, 0, 0, 1 ], 
      [ 0, 0, 0, 0, 1, -1 ], [ 0, 0, 0, 0, 1, 0 ], [ 0, 0, 0, 1, -2, 1 ], [ 0, 0, 0, 1, -1, 0 ], 
      [ 0, 0, 0, 1, -1, 1 ], [ 0, 0, 0, 1, 0, 0 ], [ 0, 0, 1, -1, 0, 0 ], [ 0, 0, 1, -1, 0, 1 ], 
      [ 0, 0, 1, -1, 1, -1 ], [ 0, 0, 1, -1, 1, 0 ], [ 0, 0, 1, 0, -1, 0 ], [ 0, 0, 1, 0, -1, 1 ], 
      [ 0, 0, 1, 0, 0, -1 ], [ 0, 0, 1, 0, 0, 0 ], [ 0, 1, -1, 0, 0, 0 ], [ 0, 1, -1, 0, 0, 1 ], 
      [ 0, 1, -1, 0, 1, -1 ], [ 0, 1, -1, 0, 1, 0 ], [ 0, 1, -1, 1, -1, 0 ], [ 0, 1, -1, 1, -1, 1 ], 
      [ 0, 1, -1, 1, 0, -1 ], [ 0, 1, -1, 1, 0, 0 ], [ 0, 1, 0, -1, 0, 0 ], [ 0, 1, 0, -1, 0, 1 ], 
      [ 0, 1, 0, -1, 1, -1 ], [ 0, 1, 0, -1, 1, 0 ], [ 0, 1, 0, 0, -1, 0 ], [ 0, 1, 0, 0, -1, 1 ], 
      [ 0, 1, 0, 0, 0, -1 ], [ 0, 1, 0, 0, 0, 0 ], [ 1, -1, 0, -1, 2, -1 ], [ 1, -1, 0, 0, 0, 0 ], 
      [ 1, -1, 0, 0, 0, 1 ], [ 1, -1, 0, 0, 1, -1 ], [ 1, -1, 0, 0, 1, 0 ], [ 1, -1, 0, 1, -1, 0 ], 
      [ 1, -1, 0, 1, -1, 1 ], [ 1, -1, 0, 1, 0, 0 ], [ 1, -1, 1, -1, 0, 0 ], [ 1, -1, 1, -1, 0, 1 ], 
      [ 1, -1, 1, -1, 1, -1 ], [ 1, -1, 1, -1, 1, 0 ], [ 1, -1, 1, 0, -1, 0 ], [ 1, -1, 1, 0, -1, 1 ], 
      [ 1, -1, 1, 0, 0, -1 ], [ 1, -1, 1, 0, 0, 0 ], [ 1, 0, -1, 0, 0, 0 ], [ 1, 0, -1, 0, 0, 1 ], 
      [ 1, 0, -1, 0, 1, -1 ], [ 1, 0, -1, 0, 1, 0 ], [ 1, 0, -1, 1, -1, 1 ], [ 1, 0, -1, 1, 0, 0 ], 
      [ 1, 0, -1, 1, 0, 1 ], [ 1, 0, 0, -1, 0, 0 ], [ 1, 0, 0, -1, 0, 1 ], [ 1, 0, 0, -1, 1, 0 ], 
      [ 1, 0, 0, 0, -1, 1 ], [ 1, 0, 0, 0, 0, 0 ], [ 1, 0, 0, 0, 0, 1 ], [ 1, 0, 0, 0, 1, 0 ], 
      [ 1, 0, 0, 1, -1, 1 ], [ 1, 0, 1, -1, 1, 0 ] ],
  eInvariant := rec(
      nbFac := 28,
      nbIneq := 912 ) );
