return rec(
  CharMat := [ [ 9, 5, 3, 1, -1, -3 ], [ 5, 15, 11, 7, 4, 1 ], [ 3, 11, 17, 14, 9, 4 ], [ 1, 7, 14, 21, 14, 7 ], 
      [ -1, 4, 9, 14, 18, 10 ], [ -3, 1, 4, 7, 10, 13 ] ],
  ListInequalities := [ [ 0, 0, 0, 0, 0, 0, -1, 1, 0, 0, 0, 0, 0, 0, -1, 0, 0, 1, 0, 0, 0 ], 
      [ 0, 0, 0, 0, 0, 0, -1, 1, 0, 0, -1, 0, 0, 0, 0, 0, 0, 0, 0, 0, 0 ], 
      [ 0, 0, 0, 0, 0, 0, 0, 0, -1, 1, 0, 0, 0, 0, 0, 0, 0, 0, 0, -1, 1 ], 
      [ 0, 0, 0, 0, 0, 0, 0, 0, -1, 1, -1, 0, 0, 0, 0, 0, 0, 0, 0, 0, 0 ], 
      [ 0, 0, 0, 0, 0, 0, 0, 0, 1, 0, 0, 0, 0, 0, 0, 0, 0, 0, 0, 0, 0 ], 
      [ 0, 0, 0, 0, 0, 0, 0, 1, -1, 1, 0, 0, 0, 0, 0, 0, 0, 0, 0, 0, 0 ], 
      [ 0, 0, 0, 0, 0, 0, 1, 0, -1, 0, 1, 0, 0, 0, 0, 0, 0, 0, 0, 0, 0 ], 
      [ 1, 0, 0, 0, 0, 0, -1, 0, 0, 0, 1, 0, 0, 0, 0, 0, 0, 0, 0, 0, 0 ], 
      [ 0, 0, 1, 0, 0, 0, 0, -1, 1, 0, 0, 0, 0, 0, 0, -1, 0, 0, 0, 0, 0 ], 
      [ 0, 0, 1, 0, 0, 0, 1, -1, 0, 0, 0, -1, 1, 0, 0, -1, 0, 0, 0, 0, 0 ], 
      [ 0, 0, 1, 0, 0, 0, 1, -1, 0, 0, 1, -1, 1, 0, 0, -1, 0, -1, 0, 1, 0 ], 
      [ 0, 0, 0, 0, 0, 0, 0, 0, -1, 1, 0, 0, 1, -1, 0, 0, 0, 0, 0, 0, 0 ], 
      [ 0, 0, 0, 0, 0, 0, 0, 0, 0, 0, 0, 0, 0, 0, 1, 0, 0, 0, 0, 0, 0 ], 
      [ 0, 0, 1, 1, 0, 0, 0, 0, 0, 0, 0, -1, 1, 0, 0, -2, 1, 0, -1, 0, 0 ], 
      [ 0, 0, -1, 0, 0, 0, 0, 0, 0, 0, 0, 1, -1, 0, 0, 1, 0, 0, 0, 0, 0 ], 
      [ 0, 0, 0, 0, 1, 0, 0, 0, 0, 0, 0, 0, 0, 0, 0, 0, 0, 0, -1, 1, -1 ] ],
  ListInformations := 
   [ [ [ 1, [ 80, 122 ] ], [ 1, [ 80, 122 ] ], [ 126, [ 5, 47 ] ], [ 126, [ 5, 47 ] ], [ 126, [ 5, 47 ] ], 
          [ 1, [ 80, 122 ] ] ], [ [ 1, [ 81, 121 ] ], [ 1, [ 81, 121 ] ], [ 126, [ 6, 46 ] ], [ 126, [ 6, 46 ] ],
          [ 126, [ 6, 46 ] ], [ 1, [ 81, 121 ] ] ], 
      [ [ 3, [ 67, 122 ] ], [ 3, [ 67, 122 ] ], [ 124, [ 5, 60 ] ], [ 124, [ 5, 60 ] ], [ 124, [ 5, 60 ] ], 
          [ 3, [ 67, 122 ] ] ], [ [ 3, [ 68, 121 ] ], [ 3, [ 68, 121 ] ], [ 124, [ 6, 59 ] ], [ 124, [ 6, 59 ] ],
          [ 124, [ 6, 59 ] ], [ 3, [ 68, 121 ] ] ], 
      [ [ 117, [ 6, 70 ] ], [ 117, [ 6, 70 ] ], [ 10, [ 57, 121 ] ], [ 10, [ 57, 121 ] ], [ 10, [ 57, 121 ] ], 
          [ 117, [ 6, 70 ] ] ], 
      [ [ 114, [ 6, 74 ] ], [ 114, [ 6, 74 ] ], [ 13, [ 53, 121 ] ], [ 13, [ 53, 121 ] ], [ 13, [ 53, 121 ] ], 
          [ 114, [ 6, 74 ] ] ], 
      [ [ 101, [ 6, 88 ] ], [ 101, [ 6, 88 ] ], [ 26, [ 39, 121 ] ], [ 26, [ 39, 121 ] ], [ 26, [ 39, 121 ] ], 
          [ 101, [ 6, 88 ] ] ], [ [ 93, [ 96, 6 ] ], [ 93, [ 96, 6 ] ], [ 34, [ 121, 31 ] ], [ 34, [ 121, 31 ] ],
          [ 34, [ 121, 31 ] ], [ 93, [ 96, 6 ] ] ], 
      [ [ 10, [ 71, 110 ] ], [ 10, [ 71, 110 ] ], [ 117, [ 17, 56 ] ], [ 117, [ 17, 56 ] ], [ 117, [ 17, 56 ] ], 
          [ 10, [ 71, 110 ] ] ], [ [ 102, [ 11, 80 ] ], [ 102, [ 11, 80 ] ], [ 25, [ 47, 116 ] ], 
          [ 25, [ 47, 116 ] ], [ 25, [ 47, 116 ] ], [ 102, [ 11, 80 ] ] ], 
      [ [ 101, [ 11, 81 ] ], [ 101, [ 11, 81 ] ], [ 26, [ 46, 116 ] ], [ 26, [ 46, 116 ] ], [ 26, [ 46, 116 ] ], 
          [ 101, [ 11, 81 ] ] ], 
      [ [ 28, [ 67, 95 ] ], [ 28, [ 67, 95 ] ], [ 99, [ 32, 60 ] ], [ 99, [ 32, 60 ] ], [ 99, [ 32, 60 ] ], 
          [ 28, [ 67, 95 ] ] ], [ [ 93, [ 33, 64 ] ], [ 93, [ 33, 64 ] ], [ 34, [ 63, 94 ] ], [ 34, [ 63, 94 ] ],
          [ 34, [ 63, 94 ] ], [ 93, [ 33, 64 ] ] ], 
      [ [ 36, [ 71, 84 ] ], [ 36, [ 71, 84 ] ], [ 91, [ 43, 56 ] ], [ 91, [ 43, 56 ] ], [ 91, [ 43, 56 ] ], 
          [ 36, [ 71, 84 ] ] ], [ [ 79, [ 47, 71 ] ], [ 79, [ 47, 71 ] ], [ 48, [ 56, 80 ] ], [ 48, [ 56, 80 ] ],
          [ 48, [ 56, 80 ] ], [ 79, [ 47, 71 ] ] ], 
      [ [ 58, [ 65, 67 ] ], [ 58, [ 65, 67 ] ], [ 69, [ 60, 62 ] ], [ 69, [ 60, 62 ] ], [ 69, [ 60, 62 ] ], 
          [ 58, [ 65, 67 ] ] ] ],
  Status := "YES",
  TheCtype := [ [ -1, -1, 1, 0, 0, -1 ], [ -1, 0, -1, 1, 0, -1 ], [ -1, 0, 0, -1, 1, -1 ], 
      [ -1, 0, 0, 0, -1, 0 ], [ -1, 0, 0, 0, 0, -1 ], [ -1, 0, 0, 0, 0, 0 ], [ -1, 0, 0, 0, 1, -1 ], 
      [ -1, 0, 0, 1, -1, 0 ], [ -1, 0, 0, 1, 0, -1 ], [ -1, 0, 0, 1, 0, 0 ], [ -1, 0, 1, -1, 0, 0 ], 
      [ -1, 0, 1, -1, 1, -1 ], [ -1, 0, 1, -1, 1, 0 ], [ -1, 0, 1, 0, -1, 0 ], [ -1, 0, 1, 0, -1, 1 ], 
      [ -1, 0, 1, 0, 0, -1 ], [ -1, 0, 1, 0, 0, 0 ], [ -1, 1, -1, 0, 0, 0 ], [ -1, 1, -1, 0, 1, -1 ], 
      [ -1, 1, -1, 0, 1, 0 ], [ -1, 1, -1, 1, -1, 0 ], [ -1, 1, -1, 1, -1, 1 ], [ -1, 1, -1, 1, 0, -1 ], 
      [ -1, 1, -1, 1, 0, 0 ], [ -1, 1, 0, -1, 0, 0 ], [ -1, 1, 0, -1, 0, 1 ], [ -1, 1, 0, -1, 1, -1 ], 
      [ -1, 1, 0, -1, 1, 0 ], [ -1, 1, 0, 0, -1, 0 ], [ -1, 1, 0, 0, -1, 1 ], [ -1, 1, 0, 0, 0, -1 ], 
      [ -1, 1, 0, 0, 0, 0 ], [ 0, -1, 0, 0, 0, 0 ], [ 0, -1, 0, 0, 0, 1 ], [ 0, -1, 0, 0, 1, -1 ], 
      [ 0, -1, 0, 0, 1, 0 ], [ 0, -1, 0, 1, -1, 0 ], [ 0, -1, 0, 1, -1, 1 ], [ 0, -1, 0, 1, 0, -1 ], 
      [ 0, -1, 1, -1, 0, 0 ], [ 0, -1, 1, -1, 0, 1 ], [ 0, -1, 1, -1, 1, -1 ], [ 0, -1, 1, -1, 1, 0 ], 
      [ 0, -1, 1, 0, -1, 0 ], [ 0, -1, 1, 0, -1, 1 ], [ 0, -1, 1, 0, 0, -1 ], [ 0, -1, 1, 0, 0, 0 ], 
      [ 0, -1, 2, -1, 0, 0 ], [ 0, 0, -1, 0, 0, 0 ], [ 0, 0, -1, 0, 0, 1 ], [ 0, 0, -1, 0, 1, -1 ], 
      [ 0, 0, -1, 0, 1, 0 ], [ 0, 0, -1, 1, -1, 0 ], [ 0, 0, -1, 1, -1, 1 ], [ 0, 0, -1, 1, 0, -1 ], 
      [ 0, 0, -1, 1, 0, 0 ], [ 0, 0, 0, -1, 0, 0 ], [ 0, 0, 0, -1, 0, 1 ], [ 0, 0, 0, -1, 1, -1 ], 
      [ 0, 0, 0, -1, 1, 0 ], [ 0, 0, 0, 0, -1, 0 ], [ 0, 0, 0, 0, -1, 1 ], [ 0, 0, 0, 0, 0, -1 ], 
      [ 0, 0, 0, 0, 0, 1 ], [ 0, 0, 0, 0, 1, -1 ], [ 0, 0, 0, 0, 1, 0 ], [ 0, 0, 0, 1, -1, 0 ], 
      [ 0, 0, 0, 1, -1, 1 ], [ 0, 0, 0, 1, 0, -1 ], [ 0, 0, 0, 1, 0, 0 ], [ 0, 0, 1, -1, 0, 0 ], 
      [ 0, 0, 1, -1, 0, 1 ], [ 0, 0, 1, -1, 1, -1 ], [ 0, 0, 1, -1, 1, 0 ], [ 0, 0, 1, 0, -1, 0 ], 
      [ 0, 0, 1, 0, -1, 1 ], [ 0, 0, 1, 0, 0, -1 ], [ 0, 0, 1, 0, 0, 0 ], [ 0, 1, -2, 1, 0, 0 ], 
      [ 0, 1, -1, 0, 0, 0 ], [ 0, 1, -1, 0, 0, 1 ], [ 0, 1, -1, 0, 1, -1 ], [ 0, 1, -1, 0, 1, 0 ], 
      [ 0, 1, -1, 1, -1, 0 ], [ 0, 1, -1, 1, -1, 1 ], [ 0, 1, -1, 1, 0, -1 ], [ 0, 1, -1, 1, 0, 0 ], 
      [ 0, 1, 0, -1, 0, 1 ], [ 0, 1, 0, -1, 1, -1 ], [ 0, 1, 0, -1, 1, 0 ], [ 0, 1, 0, 0, -1, 0 ], 
      [ 0, 1, 0, 0, -1, 1 ], [ 0, 1, 0, 0, 0, -1 ], [ 0, 1, 0, 0, 0, 0 ], [ 1, -1, 0, 0, 0, 0 ], 
      [ 1, -1, 0, 0, 0, 1 ], [ 1, -1, 0, 0, 1, -1 ], [ 1, -1, 0, 0, 1, 0 ], [ 1, -1, 0, 1, -1, 0 ], 
      [ 1, -1, 0, 1, -1, 1 ], [ 1, -1, 0, 1, 0, -1 ], [ 1, -1, 0, 1, 0, 0 ], [ 1, -1, 1, -1, 0, 0 ], 
      [ 1, -1, 1, -1, 0, 1 ], [ 1, -1, 1, -1, 1, -1 ], [ 1, -1, 1, -1, 1, 0 ], [ 1, -1, 1, 0, -1, 0 ], 
      [ 1, -1, 1, 0, -1, 1 ], [ 1, -1, 1, 0, 0, 0 ], [ 1, 0, -1, 0, 0, 0 ], [ 1, 0, -1, 0, 0, 1 ], 
      [ 1, 0, -1, 0, 1, -1 ], [ 1, 0, -1, 0, 1, 0 ], [ 1, 0, -1, 1, -1, 0 ], [ 1, 0, -1, 1, -1, 1 ], 
      [ 1, 0, -1, 1, 0, 0 ], [ 1, 0, 0, -1, 0, 0 ], [ 1, 0, 0, -1, 0, 1 ], [ 1, 0, 0, -1, 1, 0 ], 
      [ 1, 0, 0, 0, -1, 1 ], [ 1, 0, 0, 0, 0, 0 ], [ 1, 0, 0, 0, 0, 1 ], [ 1, 0, 0, 0, 1, 0 ], 
      [ 1, 0, 0, 1, -1, 1 ], [ 1, 0, 1, -1, 0, 1 ], [ 1, 1, -1, 0, 0, 1 ] ],
  eInvariant := rec(
      nbFac := 30,
      nbIneq := 912 ) );
