return rec(
  CharMat := [ [ 13, 9, 5, 2, -2, -1 ], [ 9, 23, 22, 14, 5, 3 ], [ 5, 22, 38, 25, 11, 7 ], 
      [ 2, 14, 25, 31, 21, 12 ], [ -2, 5, 11, 21, 31, 17 ], [ -1, 3, 7, 12, 17, 18 ] ],
  ListInequalities := [ [ 0, 0, 0, 0, 0, 0, 0, -1, 2, -1, 0, 0, 0, 0, 0, 0, 0, 0, 0, 0, 0 ], 
      [ 0, 0, 0, -1, 0, 0, 0, -1, 1, 0, 0, 0, 0, 0, 0, 1, -1, 0, 1, 0, 0 ], 
      [ 0, 0, 0, 0, 0, 0, 0, 0, 0, -1, 1, 0, 0, 0, 0, 0, 0, 0, 0, 0, 0 ], 
      [ 0, 0, 0, 0, 0, 0, 0, 0, 0, 0, -1, 0, 0, 0, 0, 0, 0, 0, 0, 0, 0 ], 
      [ 0, 0, 0, 0, 0, 0, 0, 1, -1, 1, 0, 0, 0, 0, 0, 0, 0, 0, 0, 0, 0 ], 
      [ 0, 0, 0, 0, 0, 0, 1, -1, 0, 1, 0, 0, 0, 0, 0, 0, 0, 0, 0, 0, 0 ], 
      [ 1, 0, 0, 0, 0, 0, -1, 0, 0, 1, 0, 0, 0, 0, 0, 0, 0, 0, 0, 0, 0 ], 
      [ 0, 1, 1, 0, 0, 0, -1, 1, 0, 0, 0, -2, 1, 0, 0, -1, 0, 0, 0, 0, 0 ], 
      [ 0, 1, 0, 0, 0, 0, -1, 0, 1, 0, 0, 0, -1, 0, 0, 0, 0, 0, 0, 0, 0 ], 
      [ 0, 1, 0, 0, 0, 0, -1, 1, 0, 0, 0, -1, -1, 1, 0, 1, -1, 0, 0, 0, 0 ], 
      [ 0, 1, 0, 0, 0, 0, -1, 1, -1, 1, 0, -1, 1, -1, 0, 0, 0, 0, 0, 0, 0 ], 
      [ 0, 1, 0, 0, 0, 0, -1, 1, 0, 0, 0, -1, 0, 0, -1, 0, 0, 1, 0, 0, 0 ], 
      [ 0, 1, 0, 0, 0, 0, -1, 1, 0, 0, -1, -1, 0, 0, 1, 0, 0, 0, 0, 0, 0 ], 
      [ 0, 0, 0, 0, 0, 0, 0, 0, 0, 0, 1, 0, 0, 0, -1, 0, 0, 1, 0, 0, 0 ], 
      [ 0, 0, 0, 0, 0, 0, 0, 0, 0, 1, -1, 0, 0, -1, 1, 0, 1, -1, 0, 0, 0 ], 
      [ 1, 1, 0, 0, 0, 0, -2, 1, 0, 0, 0, -1, 0, 0, 0, 0, 0, 0, 0, 0, 0 ], 
      [ 0, 0, 0, 1, 0, 0, 0, 0, -1, 1, 0, 0, 1, -1, 0, -1, 1, 0, -1, 0, 0 ], 
      [ 0, 0, 0, 1, 0, 0, 0, -1, 1, 0, 0, 1, -1, 0, 0, -1, 1, 0, -1, 0, 0 ], 
      [ 0, -1, 0, 0, 0, 0, 1, -1, 0, 0, 0, 1, 0, 1, -1, 0, -1, 1, 0, 0, 0 ], 
      [ 0, 0, 0, 0, 0, 0, 0, 0, 0, -1, 1, 0, 0, 2, -2, 0, -1, 1, 0, 0, 0 ], 
      [ 0, 0, 0, 0, 0, 0, 0, 0, 0, 0, 0, 0, 0, 0, 1, 0, 0, 0, 0, 0, 0 ], 
      [ 0, 1, 0, 0, 0, 0, 0, 0, 0, 0, 0, -1, 0, 0, 0, 0, 0, 0, 0, 0, 0 ], 
      [ 0, 0, 0, 1, 0, 0, 0, 0, 0, 0, 0, 0, -1, 1, 0, 0, 0, 0, -1, 0, 0 ], 
      [ 0, 0, 1, 1, 0, 0, 0, 0, 0, 0, 0, -1, 1, 0, 0, -2, 1, 0, -1, 0, 0 ], 
      [ 0, 0, 0, 1, 1, 0, 0, 0, 0, 0, 0, 0, 0, 0, 0, -1, 1, 0, -2, 1, -1 ], 
      [ 0, 0, 0, 1, 0, 0, 0, 0, 0, 0, 0, 0, 0, 0, 0, -1, 0, 1, 0, -1, 0 ], 
      [ 0, 0, 0, 1, 0, 0, 0, 0, 0, 0, 0, 0, 0, 0, 0, -1, 1, 0, -1, -1, 1 ], 
      [ 0, 0, 0, 1, 0, 0, 0, 0, 0, 0, 0, 0, 0, 0, 0, -1, 1, -1, -1, 1, 0 ], 
      [ 0, 0, 0, 0, 0, 1, 0, 0, 0, 0, 0, 0, 0, 0, 0, 0, 0, 0, 0, 0, -1 ] ],
  ListInformations := 
   [ [ [ 1, [ 71, 122 ] ], [ 1, [ 71, 122 ] ], [ 126, [ 5, 56 ] ], [ 126, [ 5, 56 ] ], [ 126, [ 5, 56 ] ], 
          [ 1, [ 71, 122 ] ] ], 
      [ [ 1, [ 72, 121 ] ], [ 1, [ 72, 121 ] ], [ 126, [ 6, 55 ] ], [ 126, [ 6, 55 ] ], [ 126, [ 6, 55 ] ], 
          [ 1, [ 72, 121 ] ] ], 
      [ [ 3, [ 65, 122 ] ], [ 3, [ 65, 122 ] ], [ 124, [ 5, 62 ] ], [ 124, [ 5, 62 ] ], [ 124, [ 5, 62 ] ], 
          [ 3, [ 65, 122 ] ] ], 
      [ [ 4, [ 64, 122 ] ], [ 4, [ 64, 122 ] ], [ 123, [ 5, 63 ] ], [ 123, [ 5, 63 ] ], [ 123, [ 5, 63 ] ], 
          [ 4, [ 64, 122 ] ] ], 
      [ [ 114, [ 5, 75 ] ], [ 114, [ 5, 75 ] ], [ 13, [ 52, 122 ] ], [ 13, [ 52, 122 ] ], [ 13, [ 52, 122 ] ], 
          [ 114, [ 5, 75 ] ] ], 
      [ [ 109, [ 5, 82 ] ], [ 109, [ 5, 82 ] ], [ 18, [ 45, 122 ] ], [ 18, [ 45, 122 ] ], [ 18, [ 45, 122 ] ], 
          [ 109, [ 5, 82 ] ] ], 
      [ [ 91, [ 100, 5 ] ], [ 91, [ 100, 5 ] ], [ 36, [ 122, 27 ] ], [ 36, [ 122, 27 ] ], [ 36, [ 122, 27 ] ], 
          [ 91, [ 100, 5 ] ] ], 
      [ [ 9, [ 79, 105 ] ], [ 9, [ 79, 105 ] ], [ 118, [ 22, 48 ] ], [ 118, [ 22, 48 ] ], [ 118, [ 22, 48 ] ], 
          [ 9, [ 79, 105 ] ] ], 
      [ [ 9, [ 87, 97 ] ], [ 9, [ 87, 97 ] ], [ 118, [ 30, 40 ] ], [ 118, [ 30, 40 ] ], [ 118, [ 30, 40 ] ], 
          [ 9, [ 87, 97 ] ] ], [ [ 13, [ 79, 101 ] ], [ 13, [ 79, 101 ] ], [ 114, [ 26, 48 ] ], 
          [ 114, [ 26, 48 ] ], [ 114, [ 26, 48 ] ], [ 13, [ 79, 101 ] ] ], 
      [ [ 13, [ 83, 97 ] ], [ 13, [ 83, 97 ] ], [ 114, [ 30, 44 ] ], [ 114, [ 30, 44 ] ], [ 114, [ 30, 44 ] ], 
          [ 13, [ 83, 97 ] ] ], 
      [ [ 14, [ 79, 98 ] ], [ 14, [ 79, 98 ] ], [ 113, [ 29, 48 ] ], [ 113, [ 29, 48 ] ], [ 113, [ 29, 48 ] ], 
          [ 14, [ 79, 98 ] ] ], 
      [ [ 14, [ 80, 97 ] ], [ 14, [ 80, 97 ] ], [ 113, [ 30, 47 ] ], [ 113, [ 30, 47 ] ], [ 113, [ 30, 47 ] ], 
          [ 14, [ 80, 97 ] ] ], [ [ 111, [ 15, 64 ] ], [ 111, [ 15, 64 ] ], [ 16, [ 63, 112 ] ], 
          [ 16, [ 63, 112 ] ], [ 16, [ 63, 112 ] ], [ 111, [ 15, 64 ] ] ], 
      [ [ 110, [ 15, 65 ] ], [ 110, [ 15, 65 ] ], [ 17, [ 62, 112 ] ], [ 17, [ 62, 112 ] ], [ 17, [ 62, 112 ] ],
          [ 110, [ 15, 65 ] ] ], 
      [ [ 78, [ 97, 15 ] ], [ 78, [ 97, 15 ] ], [ 49, [ 112, 30 ] ], [ 49, [ 112, 30 ] ], [ 49, [ 112, 30 ] ], 
          [ 78, [ 97, 15 ] ] ], [ [ 18, [ 67, 105 ] ], [ 18, [ 67, 105 ] ], [ 109, [ 22, 60 ] ], 
          [ 109, [ 22, 60 ] ], [ 109, [ 22, 60 ] ], [ 18, [ 67, 105 ] ] ], 
      [ [ 18, [ 72, 101 ] ], [ 18, [ 72, 101 ] ], [ 109, [ 26, 55 ] ], [ 109, [ 26, 55 ] ], [ 109, [ 26, 55 ] ],
          [ 18, [ 72, 101 ] ] ], 
      [ [ 96, [ 28, 79 ] ], [ 96, [ 28, 79 ] ], [ 31, [ 48, 99 ] ], [ 31, [ 48, 99 ] ], [ 31, [ 48, 99 ] ], 
          [ 96, [ 28, 79 ] ] ], 
      [ [ 31, [ 65, 95 ] ], [ 31, [ 65, 95 ] ], [ 96, [ 32, 62 ] ], [ 96, [ 32, 62 ] ], [ 96, [ 32, 62 ] ], 
          [ 31, [ 65, 95 ] ] ], 
      [ [ 93, [ 33, 64 ] ], [ 93, [ 33, 64 ] ], [ 34, [ 63, 94 ] ], [ 34, [ 63, 94 ] ], [ 34, [ 63, 94 ] ], 
          [ 93, [ 33, 64 ] ] ], 
      [ [ 78, [ 79, 33 ] ], [ 78, [ 79, 33 ] ], [ 49, [ 94, 48 ] ], [ 49, [ 94, 48 ] ], [ 49, [ 94, 48 ] ], 
          [ 78, [ 79, 33 ] ] ], 
      [ [ 36, [ 67, 87 ] ], [ 36, [ 67, 87 ] ], [ 91, [ 40, 60 ] ], [ 91, [ 40, 60 ] ], [ 91, [ 40, 60 ] ], 
          [ 36, [ 67, 87 ] ] ], 
      [ [ 36, [ 72, 83 ] ], [ 36, [ 72, 83 ] ], [ 91, [ 44, 55 ] ], [ 91, [ 44, 55 ] ], [ 91, [ 44, 55 ] ], 
          [ 36, [ 72, 83 ] ] ], 
      [ [ 50, [ 67, 74 ] ], [ 50, [ 67, 74 ] ], [ 77, [ 53, 60 ] ], [ 77, [ 53, 60 ] ], [ 77, [ 53, 60 ] ], 
          [ 50, [ 67, 74 ] ] ], 
      [ [ 50, [ 69, 72 ] ], [ 50, [ 69, 72 ] ], [ 77, [ 55, 58 ] ], [ 77, [ 55, 58 ] ], [ 77, [ 55, 58 ] ], 
          [ 50, [ 69, 72 ] ] ], 
      [ [ 51, [ 67, 73 ] ], [ 51, [ 67, 73 ] ], [ 76, [ 54, 60 ] ], [ 76, [ 54, 60 ] ], [ 76, [ 54, 60 ] ], 
          [ 51, [ 67, 73 ] ] ], 
      [ [ 51, [ 68, 72 ] ], [ 51, [ 68, 72 ] ], [ 76, [ 55, 59 ] ], [ 76, [ 55, 59 ] ], [ 76, [ 55, 59 ] ], 
          [ 51, [ 68, 72 ] ] ], 
      [ [ 61, [ 64, 65 ] ], [ 61, [ 64, 65 ] ], [ 66, [ 62, 63 ] ], [ 66, [ 62, 63 ] ], [ 66, [ 62, 63 ] ], 
          [ 61, [ 64, 65 ] ] ] ],
  Status := "NO",
  TheCtype := [ [ -1, 0, -1, 2, -1, 0 ], [ -1, 0, 0, 0, -1, 0 ], [ -1, 0, 0, 0, -1, 1 ], [ -1, 0, 0, 0, 0, -1 ],
      [ -1, 0, 0, 0, 0, 0 ], [ -1, 0, 0, 1, -1, 0 ], [ -1, 0, 0, 1, -1, 1 ], [ -1, 0, 0, 1, 0, -1 ], 
      [ -1, 0, 0, 1, 0, 0 ], [ -1, 0, 1, -1, 0, 0 ], [ -1, 0, 1, -1, 0, 1 ], [ -1, 0, 1, -1, 1, -1 ], 
      [ -1, 0, 1, -1, 1, 0 ], [ -1, 0, 1, 0, 0, -1 ], [ -1, 1, -1, 0, 0, 0 ], [ -1, 1, -1, 0, 0, 1 ], 
      [ -1, 1, -1, 0, 1, -1 ], [ -1, 1, -1, 0, 1, 0 ], [ -1, 1, -1, 1, -1, 0 ], [ -1, 1, -1, 1, -1, 1 ], 
      [ -1, 1, -1, 1, 0, -1 ], [ -1, 1, -1, 1, 0, 0 ], [ -1, 1, 0, -1, 0, 0 ], [ -1, 1, 0, -1, 0, 1 ], 
      [ -1, 1, 0, -1, 1, -1 ], [ -1, 1, 0, -1, 1, 0 ], [ -1, 1, 0, 0, -1, 0 ], [ -1, 1, 0, 0, -1, 1 ], 
      [ -1, 1, 0, 0, 0, -1 ], [ -1, 1, 0, 0, 0, 0 ], [ -1, 2, -1, 0, -1, 1 ], [ -1, 2, -1, 0, 0, 0 ], 
      [ 0, -1, 0, 0, 0, 0 ], [ 0, -1, 0, 0, 0, 1 ], [ 0, -1, 0, 0, 1, -1 ], [ 0, -1, 0, 0, 1, 0 ], 
      [ 0, -1, 0, 1, -1, 0 ], [ 0, -1, 0, 1, -1, 1 ], [ 0, -1, 0, 1, 0, -1 ], [ 0, -1, 0, 1, 0, 0 ], 
      [ 0, -1, 1, -1, 0, 0 ], [ 0, -1, 1, -1, 0, 1 ], [ 0, -1, 1, -1, 1, -1 ], [ 0, -1, 1, -1, 1, 0 ], 
      [ 0, -1, 1, 0, -1, 0 ], [ 0, -1, 1, 0, -1, 1 ], [ 0, -1, 1, 0, 0, -1 ], [ 0, -1, 1, 0, 0, 0 ], 
      [ 0, 0, -1, 0, 0, 0 ], [ 0, 0, -1, 0, 0, 1 ], [ 0, 0, -1, 0, 1, -1 ], [ 0, 0, -1, 1, -1, 0 ], 
      [ 0, 0, -1, 1, -1, 1 ], [ 0, 0, -1, 1, 0, -1 ], [ 0, 0, -1, 1, 0, 0 ], [ 0, 0, -1, 2, -1, 0 ], 
      [ 0, 0, 0, -1, 0, 0 ], [ 0, 0, 0, -1, 0, 1 ], [ 0, 0, 0, -1, 1, -1 ], [ 0, 0, 0, -1, 1, 0 ], 
      [ 0, 0, 0, 0, -1, 0 ], [ 0, 0, 0, 0, -1, 1 ], [ 0, 0, 0, 0, 0, -1 ], [ 0, 0, 0, 0, 0, 1 ], 
      [ 0, 0, 0, 0, 1, -1 ], [ 0, 0, 0, 0, 1, 0 ], [ 0, 0, 0, 1, -1, 0 ], [ 0, 0, 0, 1, -1, 1 ], 
      [ 0, 0, 0, 1, 0, -1 ], [ 0, 0, 0, 1, 0, 0 ], [ 0, 0, 1, -2, 1, 0 ], [ 0, 0, 1, -1, 0, 0 ], 
      [ 0, 0, 1, -1, 0, 1 ], [ 0, 0, 1, -1, 1, -1 ], [ 0, 0, 1, -1, 1, 0 ], [ 0, 0, 1, 0, -1, 1 ], 
      [ 0, 0, 1, 0, 0, -1 ], [ 0, 0, 1, 0, 0, 0 ], [ 0, 1, -1, 0, 0, 0 ], [ 0, 1, -1, 0, 0, 1 ], 
      [ 0, 1, -1, 0, 1, -1 ], [ 0, 1, -1, 0, 1, 0 ], [ 0, 1, -1, 1, -1, 0 ], [ 0, 1, -1, 1, -1, 1 ], 
      [ 0, 1, -1, 1, 0, -1 ], [ 0, 1, -1, 1, 0, 0 ], [ 0, 1, 0, -1, 0, 0 ], [ 0, 1, 0, -1, 0, 1 ], 
      [ 0, 1, 0, -1, 1, -1 ], [ 0, 1, 0, -1, 1, 0 ], [ 0, 1, 0, 0, -1, 0 ], [ 0, 1, 0, 0, -1, 1 ], 
      [ 0, 1, 0, 0, 0, -1 ], [ 0, 1, 0, 0, 0, 0 ], [ 1, -2, 1, 0, 0, 0 ], [ 1, -2, 1, 0, 1, -1 ], 
      [ 1, -1, 0, 0, 0, 0 ], [ 1, -1, 0, 0, 0, 1 ], [ 1, -1, 0, 0, 1, -1 ], [ 1, -1, 0, 0, 1, 0 ], 
      [ 1, -1, 0, 1, -1, 0 ], [ 1, -1, 0, 1, -1, 1 ], [ 1, -1, 0, 1, 0, -1 ], [ 1, -1, 0, 1, 0, 0 ], 
      [ 1, -1, 1, -1, 0, 0 ], [ 1, -1, 1, -1, 0, 1 ], [ 1, -1, 1, -1, 1, -1 ], [ 1, -1, 1, -1, 1, 0 ], 
      [ 1, -1, 1, 0, -1, 0 ], [ 1, -1, 1, 0, -1, 1 ], [ 1, -1, 1, 0, 0, -1 ], [ 1, -1, 1, 0, 0, 0 ], 
      [ 1, 0, -1, 0, 0, 1 ], [ 1, 0, -1, 1, -1, 0 ], [ 1, 0, -1, 1, -1, 1 ], [ 1, 0, -1, 1, 0, -1 ], 
      [ 1, 0, -1, 1, 0, 0 ], [ 1, 0, 0, -1, 0, 0 ], [ 1, 0, 0, -1, 0, 1 ], [ 1, 0, 0, -1, 1, -1 ], 
      [ 1, 0, 0, -1, 1, 0 ], [ 1, 0, 0, 0, 0, 0 ], [ 1, 0, 0, 0, 0, 1 ], [ 1, 0, 0, 0, 1, -1 ], 
      [ 1, 0, 0, 0, 1, 0 ], [ 1, 0, 1, -2, 1, 0 ] ],
  eInvariant := rec(
      nbFac := 29,
      nbIneq := 918 ) );
