return rec(
  CharMat := [ [ 20, 13, 6, -1, -5, -6 ], [ 13, 25, 15, 5, 3, 1 ], [ 6, 15, 27, 16, 11, 8 ], 
      [ -1, 5, 16, 27, 19, 15 ], [ -5, 3, 11, 19, 24, 18 ], [ -6, 1, 8, 15, 18, 21 ] ],
  ListInequalities := [ [ 0, 0, 0, 0, 1, 0, 0, 0, -1, 1, 0, 0, 0, 0, 0, 0, 0, 0, -1, 0, 0 ], 
      [ 0, 0, 0, 0, 0, 1, 0, 0, -1, 0, 1, 0, 0, 0, 0, 0, 0, 0, 0, -1, 0 ], 
      [ 0, 0, 0, 0, 0, 0, 0, 0, -1, 0, 0, 0, 0, 0, 0, 0, 0, 0, 0, 0, 0 ], 
      [ 0, 0, 0, 0, 0, 0, 0, 0, 1, -1, 0, 0, 0, 0, 0, 0, 0, 0, 0, 1, -1 ], 
      [ 0, 0, 0, 0, 0, 0, 0, 0, 0, 1, -1, 0, 0, 0, 0, 0, 0, 0, 0, 0, 0 ], 
      [ 0, 0, 0, 0, 0, 0, 0, 1, -1, 0, 1, 0, 0, 0, 0, 0, 0, 0, 0, 0, 0 ], 
      [ 1, 0, 0, 0, 0, 0, -1, 0, 0, 0, 1, 0, 0, 0, 0, 0, 0, 0, 0, 0, 0 ], 
      [ 0, 0, 0, 0, 0, 0, 0, 0, 0, 0, 1, 0, 0, 0, 0, 0, 0, -1, 0, 1, 0 ], 
      [ 0, 0, 0, 0, 0, 0, 0, 0, -1, 1, 0, 0, 0, 0, 0, 1, -1, 0, 0, 0, 0 ], 
      [ 0, 1, 0, 0, 0, 0, -1, 1, -1, 1, 0, -1, 1, -1, 0, 0, 0, 0, 0, 0, 0 ], 
      [ 0, 0, 0, 0, 0, 0, 0, 0, -1, 1, 0, 0, 1, -1, 0, 0, 0, 0, 0, -1, 1 ], 
      [ 0, 0, 0, 0, 0, 0, 0, 0, 0, -1, 1, 0, 0, 1, -1, 0, 0, 0, 0, 0, 0 ], 
      [ 0, 0, 0, 0, 0, 0, 0, 0, 1, 0, -1, 0, -1, 0, 1, 0, 0, 0, 0, 0, 0 ], 
      [ 0, 0, 0, 0, 1, 0, 0, 0, 0, 1, -1, 0, 0, -1, 1, 0, 0, 0, -1, 1, -1 ], 
      [ 0, 0, 0, 0, 0, 0, 0, 0, 0, 0, 0, 0, 0, 0, 1, 0, 0, 0, 0, 0, 0 ], 
      [ 0, 0, 1, 0, 0, 0, 0, 0, 0, 0, 0, -1, 1, 0, 0, -1, 0, 0, 0, 0, 0 ], 
      [ 0, 0, 0, 0, 0, 0, 0, 0, 0, 0, 0, 0, 0, -1, 1, 0, 1, -1, 0, 0, 0 ] ],
  ListInformations := 
   [ [ [ 1, [ 67, 125 ] ], [ 1, [ 67, 125 ] ], [ 126, [ 2, 60 ] ], [ 126, [ 2, 60 ] ], [ 126, [ 2, 60 ] ], 
          [ 1, [ 67, 125 ] ] ], [ [ 1, [ 69, 124 ] ], [ 1, [ 69, 124 ] ], [ 126, [ 3, 58 ] ], [ 126, [ 3, 58 ] ],
          [ 126, [ 3, 58 ] ], [ 1, [ 69, 124 ] ] ], 
      [ [ 1, [ 70, 123 ] ], [ 1, [ 70, 123 ] ], [ 126, [ 4, 57 ] ], [ 126, [ 4, 57 ] ], [ 126, [ 4, 57 ] ], 
          [ 1, [ 70, 123 ] ] ], [ [ 121, [ 3, 67 ] ], [ 121, [ 3, 67 ] ], [ 6, [ 60, 124 ] ], [ 6, [ 60, 124 ] ],
          [ 6, [ 60, 124 ] ], [ 121, [ 3, 67 ] ] ], 
      [ [ 122, [ 4, 65 ] ], [ 122, [ 4, 65 ] ], [ 5, [ 62, 123 ] ], [ 5, [ 62, 123 ] ], [ 5, [ 62, 123 ] ], 
          [ 122, [ 4, 65 ] ] ], 
      [ [ 117, [ 4, 72 ] ], [ 117, [ 4, 72 ] ], [ 10, [ 55, 123 ] ], [ 10, [ 55, 123 ] ], [ 10, [ 55, 123 ] ], 
          [ 117, [ 4, 72 ] ] ], [ [ 93, [ 98, 4 ] ], [ 93, [ 98, 4 ] ], [ 34, [ 123, 29 ] ], [ 34, [ 123, 29 ] ],
          [ 34, [ 123, 29 ] ], [ 93, [ 98, 4 ] ] ], 
      [ [ 117, [ 9, 64 ] ], [ 117, [ 9, 64 ] ], [ 10, [ 63, 118 ] ], [ 10, [ 63, 118 ] ], [ 10, [ 63, 118 ] ], 
          [ 117, [ 9, 64 ] ] ], [ [ 12, [ 67, 111 ] ], [ 12, [ 67, 111 ] ], [ 115, [ 16, 60 ] ], 
          [ 115, [ 16, 60 ] ], [ 115, [ 16, 60 ] ], [ 12, [ 67, 111 ] ] ], 
      [ [ 12, [ 83, 97 ] ], [ 12, [ 83, 97 ] ], [ 115, [ 30, 44 ] ], [ 115, [ 30, 44 ] ], [ 115, [ 30, 44 ] ], 
          [ 12, [ 83, 97 ] ] ], 
      [ [ 26, [ 67, 98 ] ], [ 26, [ 67, 98 ] ], [ 101, [ 29, 60 ] ], [ 101, [ 29, 60 ] ], [ 101, [ 29, 60 ] ], 
          [ 26, [ 67, 98 ] ] ], [ [ 28, [ 65, 97 ] ], [ 28, [ 65, 97 ] ], [ 99, [ 30, 62 ] ], [ 99, [ 30, 62 ] ],
          [ 99, [ 30, 62 ] ], [ 28, [ 65, 97 ] ] ], 
      [ [ 95, [ 30, 69 ] ], [ 95, [ 30, 69 ] ], [ 32, [ 58, 97 ] ], [ 32, [ 58, 97 ] ], [ 32, [ 58, 97 ] ], 
          [ 95, [ 30, 69 ] ] ], [ [ 95, [ 31, 65 ] ], [ 95, [ 31, 65 ] ], [ 32, [ 62, 96 ] ], [ 32, [ 62, 96 ] ],
          [ 32, [ 62, 96 ] ], [ 95, [ 31, 65 ] ] ], 
      [ [ 93, [ 33, 64 ] ], [ 93, [ 33, 64 ] ], [ 34, [ 63, 94 ] ], [ 34, [ 63, 94 ] ], [ 34, [ 63, 94 ] ], 
          [ 93, [ 33, 64 ] ] ], [ [ 40, [ 71, 79 ] ], [ 40, [ 71, 79 ] ], [ 87, [ 48, 56 ] ], [ 87, [ 48, 56 ] ],
          [ 87, [ 48, 56 ] ], [ 40, [ 71, 79 ] ] ], 
      [ [ 46, [ 65, 79 ] ], [ 46, [ 65, 79 ] ], [ 81, [ 48, 62 ] ], [ 81, [ 48, 62 ] ], [ 81, [ 48, 62 ] ], 
          [ 46, [ 65, 79 ] ] ] ],
  Status := "NO",
  TheCtype := [ [ -1, 0, 0, -1, 0, 0 ], [ -1, 0, 0, 0, -1, 0 ], [ -1, 0, 0, 0, 0, -1 ], [ -1, 0, 0, 0, 0, 0 ], 
      [ -1, 0, 0, 0, 1, -1 ], [ -1, 0, 0, 1, -1, -1 ], [ -1, 0, 0, 1, -1, 0 ], [ -1, 0, 0, 1, 0, -1 ], 
      [ -1, 0, 1, -1, 0, 0 ], [ -1, 0, 1, -1, 0, 1 ], [ -1, 0, 1, -1, 1, -1 ], [ -1, 0, 1, -1, 1, 0 ], 
      [ -1, 0, 1, 0, -1, 0 ], [ -1, 0, 1, 0, -1, 1 ], [ -1, 0, 1, 0, 0, -1 ], [ -1, 0, 1, 0, 0, 0 ], 
      [ -1, 1, -1, 0, 0, 0 ], [ -1, 1, -1, 0, 0, 1 ], [ -1, 1, -1, 0, 1, -1 ], [ -1, 1, -1, 0, 1, 0 ], 
      [ -1, 1, -1, 1, -1, 0 ], [ -1, 1, -1, 1, -1, 1 ], [ -1, 1, -1, 1, 0, -1 ], [ -1, 1, -1, 1, 0, 0 ], 
      [ -1, 1, 0, -1, 0, 0 ], [ -1, 1, 0, -1, 1, -1 ], [ -1, 1, 0, 0, -1, 0 ], [ -1, 1, 0, 0, -1, 1 ], 
      [ -1, 1, 0, 0, 0, -1 ], [ -1, 1, 0, 0, 0, 0 ], [ -1, 1, 0, 1, -1, 0 ], [ -1, 1, 0, 1, 0, -1 ], 
      [ 0, -1, 0, 0, 0, 0 ], [ 0, -1, 0, 0, 0, 1 ], [ 0, -1, 0, 0, 1, -1 ], [ 0, -1, 0, 0, 1, 0 ], 
      [ 0, -1, 0, 1, -1, 0 ], [ 0, -1, 0, 1, -1, 1 ], [ 0, -1, 0, 1, 0, -1 ], [ 0, -1, 0, 1, 0, 0 ], 
      [ 0, -1, 1, -1, 0, 0 ], [ 0, -1, 1, -1, 0, 1 ], [ 0, -1, 1, -1, 1, -1 ], [ 0, -1, 1, -1, 1, 0 ], 
      [ 0, -1, 1, 0, -1, 0 ], [ 0, -1, 1, 0, -1, 1 ], [ 0, -1, 1, 0, 0, -1 ], [ 0, -1, 1, 0, 0, 0 ], 
      [ 0, 0, -1, 0, 0, 0 ], [ 0, 0, -1, 0, 0, 1 ], [ 0, 0, -1, 0, 1, -1 ], [ 0, 0, -1, 0, 1, 0 ], 
      [ 0, 0, -1, 1, -1, 0 ], [ 0, 0, -1, 1, -1, 1 ], [ 0, 0, -1, 1, 0, -1 ], [ 0, 0, -1, 1, 0, 0 ], 
      [ 0, 0, 0, -1, 0, 0 ], [ 0, 0, 0, -1, 0, 1 ], [ 0, 0, 0, -1, 1, -1 ], [ 0, 0, 0, -1, 1, 0 ], 
      [ 0, 0, 0, 0, -1, 0 ], [ 0, 0, 0, 0, -1, 1 ], [ 0, 0, 0, 0, 0, -1 ], [ 0, 0, 0, 0, 0, 1 ], 
      [ 0, 0, 0, 0, 1, -1 ], [ 0, 0, 0, 0, 1, 0 ], [ 0, 0, 0, 1, -1, 0 ], [ 0, 0, 0, 1, -1, 1 ], 
      [ 0, 0, 0, 1, 0, -1 ], [ 0, 0, 0, 1, 0, 0 ], [ 0, 0, 1, -1, 0, 0 ], [ 0, 0, 1, -1, 0, 1 ], 
      [ 0, 0, 1, -1, 1, -1 ], [ 0, 0, 1, -1, 1, 0 ], [ 0, 0, 1, 0, -1, 0 ], [ 0, 0, 1, 0, -1, 1 ], 
      [ 0, 0, 1, 0, 0, -1 ], [ 0, 0, 1, 0, 0, 0 ], [ 0, 1, -1, 0, 0, 0 ], [ 0, 1, -1, 0, 0, 1 ], 
      [ 0, 1, -1, 0, 1, -1 ], [ 0, 1, -1, 0, 1, 0 ], [ 0, 1, -1, 1, -1, 0 ], [ 0, 1, -1, 1, -1, 1 ], 
      [ 0, 1, -1, 1, 0, -1 ], [ 0, 1, -1, 1, 0, 0 ], [ 0, 1, 0, -1, 0, 0 ], [ 0, 1, 0, -1, 0, 1 ], 
      [ 0, 1, 0, -1, 1, -1 ], [ 0, 1, 0, -1, 1, 0 ], [ 0, 1, 0, 0, -1, 0 ], [ 0, 1, 0, 0, -1, 1 ], 
      [ 0, 1, 0, 0, 0, -1 ], [ 0, 1, 0, 0, 0, 0 ], [ 1, -1, 0, -1, 0, 1 ], [ 1, -1, 0, -1, 1, 0 ], 
      [ 1, -1, 0, 0, 0, 0 ], [ 1, -1, 0, 0, 0, 1 ], [ 1, -1, 0, 0, 1, -1 ], [ 1, -1, 0, 0, 1, 0 ], 
      [ 1, -1, 0, 1, -1, 1 ], [ 1, -1, 0, 1, 0, 0 ], [ 1, -1, 1, -1, 0, 0 ], [ 1, -1, 1, -1, 0, 1 ], 
      [ 1, -1, 1, -1, 1, -1 ], [ 1, -1, 1, -1, 1, 0 ], [ 1, -1, 1, 0, -1, 0 ], [ 1, -1, 1, 0, -1, 1 ], 
      [ 1, -1, 1, 0, 0, -1 ], [ 1, -1, 1, 0, 0, 0 ], [ 1, 0, -1, 0, 0, 0 ], [ 1, 0, -1, 0, 0, 1 ], 
      [ 1, 0, -1, 0, 1, -1 ], [ 1, 0, -1, 0, 1, 0 ], [ 1, 0, -1, 1, -1, 0 ], [ 1, 0, -1, 1, -1, 1 ], 
      [ 1, 0, -1, 1, 0, -1 ], [ 1, 0, -1, 1, 0, 0 ], [ 1, 0, 0, -1, 0, 1 ], [ 1, 0, 0, -1, 1, 0 ], 
      [ 1, 0, 0, -1, 1, 1 ], [ 1, 0, 0, 0, -1, 1 ], [ 1, 0, 0, 0, 0, 0 ], [ 1, 0, 0, 0, 0, 1 ], 
      [ 1, 0, 0, 0, 1, 0 ], [ 1, 0, 0, 1, 0, 0 ] ],
  eInvariant := rec(
      nbFac := 22,
      nbIneq := 903 ) );
