return rec(
  CharMat := [ [ 18, 11, 5, 1, -4, -6 ], [ 11, 22, 17, 11, 5, 1 ], [ 5, 17, 27, 19, 12, 6 ], 
      [ 1, 11, 19, 23, 15, 8 ], [ -4, 5, 12, 15, 22, 14 ], [ -6, 1, 6, 8, 14, 18 ] ],
  ListInequalities := [ [ 0, 0, 0, 0, 0, 0, 0, 0, -1, 1, 0, 0, 0, 0, 0, 0, 0, 0, 0, -1, 1 ], 
      [ 0, 0, 0, 0, 0, 0, 0, 0, -1, 1, -1, 0, 0, 0, 0, 0, 0, 0, 0, 0, 0 ], 
      [ 0, 0, 0, 0, 0, 0, 0, 1, -1, 0, 0, 0, 0, 0, 0, 0, 1, 0, -1, 0, 0 ], 
      [ 0, 0, 0, 0, 0, 0, 1, -1, 0, 0, 0, 0, 0, 0, 1, 0, 0, -1, 0, 0, 0 ], 
      [ 0, 0, 0, 0, 0, 0, 0, 0, 1, 0, 0, 0, 0, 0, 0, 0, 0, 0, 0, 0, 0 ], 
      [ 0, 0, 0, 0, 0, 0, 0, 1, 0, -1, 1, 0, 0, 0, 0, 0, 0, 0, 0, 0, 0 ], 
      [ 0, 0, 0, 0, 0, 0, 1, -1, 0, 1, 0, 0, 0, 0, 0, 0, 0, 0, 0, 0, 0 ], 
      [ 1, 0, 0, 0, 0, 0, -1, 0, 0, 0, 1, 0, 0, 0, 0, 0, 0, 0, 0, 0, 0 ], 
      [ 0, 1, 1, 0, 0, 0, -1, 1, 0, 0, 0, -2, 1, 0, 0, -1, 0, 0, 0, 0, 0 ], 
      [ 0, 1, 0, 0, 0, 0, -1, 0, 1, 0, 0, 0, -1, 0, 0, 0, 0, 0, 0, 0, 0 ], 
      [ 0, 0, 0, 0, 0, 1, 0, 0, 0, -1, 1, 0, 0, 0, 0, 0, 1, -1, -1, 1, -1 ], 
      [ 0, 0, 0, 0, 0, 0, 0, 0, 0, -1, 0, 0, 0, 0, 0, 0, 1, 0, -1, 0, 0 ], 
      [ 0, 1, 0, 0, 0, 0, -1, 1, 0, -1, 0, -1, -1, 1, 0, 1, 0, 0, -1, 0, 0 ], 
      [ 0, 1, 0, 0, 0, 0, -1, 1, -1, 0, 0, -1, 1, -1, 0, 0, 1, 0, -1, 0, 0 ], 
      [ 0, 0, 0, 1, 0, 0, 0, 0, 1, -1, 1, 0, 0, 0, 0, -1, 1, -1, -1, 1, 0 ], 
      [ 0, 0, 0, 0, 0, 0, 0, 0, 0, 0, 1, 0, 0, 0, 0, 0, 0, -1, 0, 0, 1 ], 
      [ 0, 1, 0, 0, 0, 0, -1, 1, 0, 0, 0, -1, 0, -1, 1, 0, 1, -1, 0, 0, 0 ], 
      [ 0, 1, 0, 0, 0, 0, -1, 1, 0, -1, 1, -1, 0, 1, -1, 0, 0, 0, 0, 0, 0 ], 
      [ 0, 1, 0, 0, 0, 0, -1, 1, 0, 0, 0, -1, 0, 0, -1, 0, 0, 1, 0, 0, 0 ], 
      [ 0, 0, 0, 0, 0, 0, 0, 0, 0, 0, -1, 0, 0, 0, 1, 0, 0, -1, 0, 0, 0 ], 
      [ 0, 0, 0, 0, 0, 0, 0, 0, 0, 1, 0, 0, 0, -1, 0, 0, 1, 0, 0, 0, 0 ], 
      [ 0, 0, 0, 0, 0, 1, 0, 0, 0, 0, 1, 0, 0, 0, -1, 0, 0, 1, 0, 0, -1 ], 
      [ 0, 0, 0, 0, 0, 0, 0, 0, 0, 0, 1, 0, 0, 0, -1, 0, 0, 0, 0, 1, 0 ], 
      [ 0, 0, 0, 0, 0, 0, 0, 0, -1, 1, 0, 0, 1, -1, 0, 0, 0, 0, 0, 0, 0 ], 
      [ 0, -1, 0, 0, 0, 0, 1, -1, 0, 0, 0, 1, 0, 0, 0, 0, 0, 0, 0, 0, 0 ], 
      [ 0, 0, 0, 0, 0, 0, 0, 0, 0, 0, 0, 0, 0, 0, 1, 0, 0, 0, 0, 0, 0 ], 
      [ 0, 0, 0, 0, 0, 0, 0, 0, 0, 0, 0, 0, -1, 1, 0, 1, -1, 0, 0, 0, 0 ], 
      [ 0, 0, 0, 1, 0, 0, 0, 0, 0, 0, 0, 0, 0, 0, 0, -1, 1, 0, -1, 0, 0 ], 
      [ 0, 0, 0, 0, 0, 0, 0, 0, 0, 0, 0, 0, 0, 0, 0, 0, -1, 1, 1, -1, 0 ], 
      [ 0, 0, 0, 0, 1, 0, 0, 0, 0, 0, 0, 0, 0, 0, 0, 0, 0, 0, -1, 1, -1 ] ],
  ListInformations := 
   [ [ [ 1, [ 67, 124 ] ], [ 1, [ 67, 124 ] ], [ 126, [ 3, 60 ] ], [ 126, [ 3, 60 ] ], [ 126, [ 3, 60 ] ], 
          [ 1, [ 67, 124 ] ] ], [ [ 1, [ 68, 123 ] ], [ 1, [ 68, 123 ] ], [ 126, [ 4, 59 ] ], [ 126, [ 4, 59 ] ],
          [ 126, [ 4, 59 ] ], [ 1, [ 68, 123 ] ] ], 
      [ [ 118, [ 2, 71 ] ], [ 118, [ 2, 71 ] ], [ 9, [ 56, 125 ] ], [ 9, [ 56, 125 ] ], [ 9, [ 56, 125 ] ], 
          [ 118, [ 2, 71 ] ] ], 
      [ [ 111, [ 3, 79 ] ], [ 111, [ 3, 79 ] ], [ 16, [ 48, 124 ] ], [ 16, [ 48, 124 ] ], [ 16, [ 48, 124 ] ], 
          [ 111, [ 3, 79 ] ] ], [ [ 119, [ 4, 70 ] ], [ 119, [ 4, 70 ] ], [ 8, [ 57, 123 ] ], [ 8, [ 57, 123 ] ],
          [ 8, [ 57, 123 ] ], [ 119, [ 4, 70 ] ] ], 
      [ [ 113, [ 4, 76 ] ], [ 113, [ 4, 76 ] ], [ 14, [ 51, 123 ] ], [ 14, [ 51, 123 ] ], [ 14, [ 51, 123 ] ], 
          [ 113, [ 4, 76 ] ] ], 
      [ [ 108, [ 4, 82 ] ], [ 108, [ 4, 82 ] ], [ 19, [ 45, 123 ] ], [ 19, [ 45, 123 ] ], [ 19, [ 45, 123 ] ], 
          [ 108, [ 4, 82 ] ] ], [ [ 93, [ 97, 4 ] ], [ 93, [ 97, 4 ] ], [ 34, [ 123, 30 ] ], [ 34, [ 123, 30 ] ],
          [ 34, [ 123, 30 ] ], [ 93, [ 97, 4 ] ] ], 
      [ [ 8, [ 79, 104 ] ], [ 8, [ 79, 104 ] ], [ 119, [ 23, 48 ] ], [ 119, [ 23, 48 ] ], [ 119, [ 23, 48 ] ], 
          [ 8, [ 79, 104 ] ] ], [ [ 8, [ 87, 96 ] ], [ 8, [ 87, 96 ] ], [ 119, [ 31, 40 ] ], [ 119, [ 31, 40 ] ],
          [ 119, [ 31, 40 ] ], [ 8, [ 87, 96 ] ] ], 
      [ [ 9, [ 65, 117 ] ], [ 9, [ 65, 117 ] ], [ 118, [ 10, 62 ] ], [ 118, [ 10, 62 ] ], [ 118, [ 10, 62 ] ], 
          [ 9, [ 65, 117 ] ] ], 
      [ [ 9, [ 66, 116 ] ], [ 9, [ 66, 116 ] ], [ 118, [ 11, 61 ] ], [ 118, [ 11, 61 ] ], [ 118, [ 11, 61 ] ], 
          [ 9, [ 66, 116 ] ] ], 
      [ [ 9, [ 82, 103 ] ], [ 9, [ 82, 103 ] ], [ 118, [ 24, 45 ] ], [ 118, [ 24, 45 ] ], [ 118, [ 24, 45 ] ], 
          [ 9, [ 82, 103 ] ] ], [ [ 9, [ 86, 99 ] ], [ 9, [ 86, 99 ] ], [ 118, [ 28, 41 ] ], [ 118, [ 28, 41 ] ],
          [ 118, [ 28, 41 ] ], [ 9, [ 86, 99 ] ] ], 
      [ [ 113, [ 11, 68 ] ], [ 113, [ 11, 68 ] ], [ 14, [ 59, 116 ] ], [ 14, [ 59, 116 ] ], [ 14, [ 59, 116 ] ], 
          [ 113, [ 11, 68 ] ] ], [ [ 113, [ 13, 64 ] ], [ 113, [ 13, 64 ] ], [ 14, [ 63, 114 ] ], 
          [ 14, [ 63, 114 ] ], [ 14, [ 63, 114 ] ], [ 113, [ 13, 64 ] ] ], 
      [ [ 14, [ 79, 98 ] ], [ 14, [ 79, 98 ] ], [ 113, [ 29, 48 ] ], [ 113, [ 29, 48 ] ], [ 113, [ 29, 48 ] ], 
          [ 14, [ 79, 98 ] ] ], 
      [ [ 14, [ 81, 96 ] ], [ 14, [ 81, 96 ] ], [ 113, [ 31, 46 ] ], [ 113, [ 31, 46 ] ], [ 113, [ 31, 46 ] ], 
          [ 14, [ 81, 96 ] ] ], 
      [ [ 15, [ 79, 97 ] ], [ 15, [ 79, 97 ] ], [ 112, [ 30, 48 ] ], [ 112, [ 30, 48 ] ], [ 112, [ 30, 48 ] ], 
          [ 15, [ 79, 97 ] ] ], [ [ 16, [ 64, 110 ] ], [ 16, [ 64, 110 ] ], [ 111, [ 17, 63 ] ], 
          [ 111, [ 17, 63 ] ], [ 111, [ 17, 63 ] ], [ 16, [ 64, 110 ] ] ], 
      [ [ 108, [ 17, 66 ] ], [ 108, [ 17, 66 ] ], [ 19, [ 61, 110 ] ], [ 19, [ 61, 110 ] ], [ 19, [ 61, 110 ] ], 
          [ 108, [ 17, 66 ] ] ], [ [ 108, [ 18, 64 ] ], [ 108, [ 18, 64 ] ], [ 19, [ 63, 109 ] ], 
          [ 19, [ 63, 109 ] ], [ 19, [ 63, 109 ] ], [ 108, [ 18, 64 ] ] ], 
      [ [ 102, [ 24, 64 ] ], [ 102, [ 24, 64 ] ], [ 25, [ 63, 103 ] ], [ 25, [ 63, 103 ] ], [ 25, [ 63, 103 ] ], 
          [ 102, [ 24, 64 ] ] ], 
      [ [ 27, [ 67, 96 ] ], [ 27, [ 67, 96 ] ], [ 100, [ 31, 60 ] ], [ 100, [ 31, 60 ] ], [ 100, [ 31, 60 ] ], 
          [ 27, [ 67, 96 ] ] ], [ [ 95, [ 31, 79 ] ], [ 95, [ 31, 79 ] ], [ 32, [ 48, 96 ] ], [ 32, [ 48, 96 ] ],
          [ 32, [ 48, 96 ] ], [ 95, [ 31, 79 ] ] ], 
      [ [ 93, [ 33, 64 ] ], [ 93, [ 33, 64 ] ], [ 34, [ 63, 94 ] ], [ 34, [ 63, 94 ] ], [ 34, [ 63, 94 ] ], 
          [ 93, [ 33, 64 ] ] ], [ [ 44, [ 67, 79 ] ], [ 44, [ 67, 79 ] ], [ 83, [ 48, 60 ] ], [ 83, [ 48, 60 ] ],
          [ 83, [ 48, 60 ] ], [ 44, [ 67, 79 ] ] ], 
      [ [ 52, [ 67, 71 ] ], [ 52, [ 67, 71 ] ], [ 75, [ 56, 60 ] ], [ 75, [ 56, 60 ] ], [ 75, [ 56, 60 ] ], 
          [ 52, [ 67, 71 ] ] ], [ [ 54, [ 65, 71 ] ], [ 54, [ 65, 71 ] ], [ 73, [ 56, 62 ] ], [ 73, [ 56, 62 ] ],
          [ 73, [ 56, 62 ] ], [ 54, [ 65, 71 ] ] ], 
      [ [ 58, [ 65, 67 ] ], [ 58, [ 65, 67 ] ], [ 69, [ 60, 62 ] ], [ 69, [ 60, 62 ] ], [ 69, [ 60, 62 ] ], 
          [ 58, [ 65, 67 ] ] ] ],
  Status := "NO",
  TheCtype := [ [ -1, 0, 0, -1, 1, -1 ], [ -1, 0, 0, 0, -1, 0 ], [ -1, 0, 0, 0, 0, -1 ], [ -1, 0, 0, 0, 0, 0 ], 
      [ -1, 0, 0, 0, 1, -1 ], [ -1, 0, 0, 1, -1, 0 ], [ -1, 0, 0, 1, 0, -1 ], [ -1, 0, 0, 1, 0, 0 ], 
      [ -1, 0, 1, -1, -1, 0 ], [ -1, 0, 1, -1, 0, -1 ], [ -1, 0, 1, -1, 0, 0 ], [ -1, 0, 1, -1, 1, -1 ], 
      [ -1, 0, 1, 0, -1, 0 ], [ -1, 0, 1, 0, -1, 1 ], [ -1, 0, 1, 0, 0, -1 ], [ -1, 1, -1, 0, 0, -1 ], 
      [ -1, 1, -1, 0, 0, 0 ], [ -1, 1, -1, 0, 1, -1 ], [ -1, 1, -1, 0, 1, 0 ], [ -1, 1, -1, 1, -1, 0 ], 
      [ -1, 1, -1, 1, -1, 1 ], [ -1, 1, -1, 1, 0, -1 ], [ -1, 1, -1, 1, 0, 0 ], [ -1, 1, 0, -1, 0, 0 ], 
      [ -1, 1, 0, -1, 0, 1 ], [ -1, 1, 0, -1, 1, -1 ], [ -1, 1, 0, -1, 1, 0 ], [ -1, 1, 0, 0, -1, 0 ], 
      [ -1, 1, 0, 0, -1, 1 ], [ -1, 1, 0, 0, 0, -1 ], [ -1, 1, 0, 0, 0, 0 ], [ -1, 2, -1, 0, 0, 0 ], 
      [ 0, -1, 0, 0, 0, 0 ], [ 0, -1, 0, 0, 0, 1 ], [ 0, -1, 0, 0, 1, -1 ], [ 0, -1, 0, 0, 1, 0 ], 
      [ 0, -1, 0, 1, -1, 0 ], [ 0, -1, 0, 1, -1, 1 ], [ 0, -1, 0, 1, 0, -1 ], [ 0, -1, 0, 1, 0, 0 ], 
      [ 0, -1, 1, -1, 0, 0 ], [ 0, -1, 1, -1, 0, 1 ], [ 0, -1, 1, -1, 1, -1 ], [ 0, -1, 1, -1, 1, 0 ], 
      [ 0, -1, 1, 0, -1, 0 ], [ 0, -1, 1, 0, -1, 1 ], [ 0, -1, 1, 0, 0, -1 ], [ 0, -1, 1, 0, 0, 0 ], 
      [ 0, 0, -1, 0, 0, 0 ], [ 0, 0, -1, 0, 0, 1 ], [ 0, 0, -1, 0, 1, -1 ], [ 0, 0, -1, 0, 1, 0 ], 
      [ 0, 0, -1, 1, -1, 0 ], [ 0, 0, -1, 1, -1, 1 ], [ 0, 0, -1, 1, 0, -1 ], [ 0, 0, -1, 1, 0, 0 ], 
      [ 0, 0, 0, -1, 0, 0 ], [ 0, 0, 0, -1, 0, 1 ], [ 0, 0, 0, -1, 1, -1 ], [ 0, 0, 0, -1, 1, 0 ], 
      [ 0, 0, 0, 0, -1, 0 ], [ 0, 0, 0, 0, -1, 1 ], [ 0, 0, 0, 0, 0, -1 ], [ 0, 0, 0, 0, 0, 1 ], 
      [ 0, 0, 0, 0, 1, -1 ], [ 0, 0, 0, 0, 1, 0 ], [ 0, 0, 0, 1, -1, 0 ], [ 0, 0, 0, 1, -1, 1 ], 
      [ 0, 0, 0, 1, 0, -1 ], [ 0, 0, 0, 1, 0, 0 ], [ 0, 0, 1, -1, 0, 0 ], [ 0, 0, 1, -1, 0, 1 ], 
      [ 0, 0, 1, -1, 1, -1 ], [ 0, 0, 1, -1, 1, 0 ], [ 0, 0, 1, 0, -1, 0 ], [ 0, 0, 1, 0, -1, 1 ], 
      [ 0, 0, 1, 0, 0, -1 ], [ 0, 0, 1, 0, 0, 0 ], [ 0, 1, -1, 0, 0, 0 ], [ 0, 1, -1, 0, 0, 1 ], 
      [ 0, 1, -1, 0, 1, -1 ], [ 0, 1, -1, 0, 1, 0 ], [ 0, 1, -1, 1, -1, 0 ], [ 0, 1, -1, 1, -1, 1 ], 
      [ 0, 1, -1, 1, 0, -1 ], [ 0, 1, -1, 1, 0, 0 ], [ 0, 1, 0, -1, 0, 0 ], [ 0, 1, 0, -1, 0, 1 ], 
      [ 0, 1, 0, -1, 1, -1 ], [ 0, 1, 0, -1, 1, 0 ], [ 0, 1, 0, 0, -1, 0 ], [ 0, 1, 0, 0, -1, 1 ], 
      [ 0, 1, 0, 0, 0, -1 ], [ 0, 1, 0, 0, 0, 0 ], [ 1, -2, 1, 0, 0, 0 ], [ 1, -1, 0, 0, 0, 0 ], 
      [ 1, -1, 0, 0, 0, 1 ], [ 1, -1, 0, 0, 1, -1 ], [ 1, -1, 0, 0, 1, 0 ], [ 1, -1, 0, 1, -1, 0 ], 
      [ 1, -1, 0, 1, -1, 1 ], [ 1, -1, 0, 1, 0, -1 ], [ 1, -1, 0, 1, 0, 0 ], [ 1, -1, 1, -1, 0, 0 ], 
      [ 1, -1, 1, -1, 0, 1 ], [ 1, -1, 1, -1, 1, -1 ], [ 1, -1, 1, -1, 1, 0 ], [ 1, -1, 1, 0, -1, 0 ], 
      [ 1, -1, 1, 0, -1, 1 ], [ 1, -1, 1, 0, 0, 0 ], [ 1, -1, 1, 0, 0, 1 ], [ 1, 0, -1, 0, 0, 1 ], 
      [ 1, 0, -1, 0, 1, -1 ], [ 1, 0, -1, 0, 1, 0 ], [ 1, 0, -1, 1, -1, 1 ], [ 1, 0, -1, 1, 0, 0 ], 
      [ 1, 0, -1, 1, 0, 1 ], [ 1, 0, -1, 1, 1, 0 ], [ 1, 0, 0, -1, 0, 0 ], [ 1, 0, 0, -1, 0, 1 ], 
      [ 1, 0, 0, -1, 1, 0 ], [ 1, 0, 0, 0, -1, 1 ], [ 1, 0, 0, 0, 0, 0 ], [ 1, 0, 0, 0, 0, 1 ], 
      [ 1, 0, 0, 0, 1, 0 ], [ 1, 0, 0, 1, -1, 1 ] ],
  eInvariant := rec(
      nbFac := 30,
      nbIneq := 924 ) );
