return rec(
  CharMat := [ [ 15, 10, 5, 0, -4, -2 ], [ 10, 22, 20, 12, 4, 2 ], [ 5, 20, 34, 24, 12, 6 ], 
      [ 0, 12, 24, 31, 20, 10 ], [ -4, 4, 12, 20, 26, 13 ], [ -2, 2, 6, 10, 13, 12 ] ],
  ListInequalities := [ [ 0, 0, 0, 0, 0, 1, 0, 0, 0, 0, -1, 0, 0, 0, 0, 0, 0, 0, 0, 0, -1 ], 
      [ 0, 0, 0, 0, 0, 0, 0, 0, 1, -1, 1, 0, 0, 0, 0, 0, 0, 0, 0, 0, 0 ], 
      [ 0, 0, 0, 0, 0, 0, 0, 1, -1, 1, 0, 0, 0, 0, 0, 0, 0, 0, 0, 0, 0 ], 
      [ 0, 0, 0, 0, 0, 0, 1, -1, 0, 1, 0, 0, 0, 0, 0, 0, 0, 0, 0, 0, 0 ], 
      [ 1, 0, 0, 0, 0, 0, -1, 0, 0, 1, 0, 0, 0, 0, 0, 0, 0, 0, 0, 0, 0 ], 
      [ 0, 0, 0, 0, 0, 0, 0, 0, 0, 0, 1, 0, 0, 0, 0, 0, 0, 0, 0, -1, 1 ], 
      [ 0, 0, 0, 1, 0, 0, 0, 1, -1, 0, 0, 0, 0, 0, 0, -1, 1, 0, -1, 0, 0 ], 
      [ 0, 0, 0, 1, 0, 0, 0, 0, 1, -1, 0, 0, 0, 0, 0, -1, 1, 0, -1, 0, 0 ], 
      [ 0, 0, 0, 0, 0, 1, 0, 0, 0, 1, -1, 0, 0, 0, 0, 0, -1, 1, 1, -1, -1 ], 
      [ 0, 1, 0, 0, 0, 0, -1, 1, 0, 0, 0, -1, -1, 1, 0, 1, -1, 0, 0, 0, 0 ], 
      [ 0, 1, 0, 0, 0, 0, -1, 1, -1, 1, 0, -1, 1, -1, 0, 0, 0, 0, 0, 0, 0 ], 
      [ 0, 1, 0, 0, 0, 0, -1, 1, 0, 0, 0, -1, 0, -1, 1, 0, 1, -1, 0, 0, 0 ], 
      [ 0, 1, 0, 0, 0, 0, -1, 1, 0, -1, 1, -1, 0, 1, -1, 0, 0, 0, 0, 0, 0 ], 
      [ 1, 1, 0, 0, 0, 0, -2, 1, 0, 0, 0, -1, 0, 0, 0, 0, 0, 0, 0, 0, 0 ], 
      [ 0, -1, -1, 0, 0, 0, 1, -1, 1, 0, 0, 2, -1, 0, 0, 1, 0, 0, 0, 0, 0 ], 
      [ 0, 0, 0, 0, 0, 1, 0, 0, 0, 1, -1, 0, 0, -1, 1, 0, 1, -1, 0, 0, -1 ], 
      [ 0, -1, -1, 0, 1, 1, 1, -1, 0, 1, -1, 2, -1, 0, 0, 1, 0, 0, -1, 1, -2 ], 
      [ 0, -1, -1, 0, 0, 0, 1, -1, 0, 0, 0, 2, -1, 0, 0, 1, 0, 0, 0, 0, 0 ], 
      [ 0, 0, -1, 0, 0, 0, 0, -1, 1, 0, 0, 2, -2, 0, 0, 1, 0, 0, 0, 0, 0 ], 
      [ 0, 1, 0, 0, 0, 0, 0, 0, 0, 0, 0, -1, 0, 0, 0, 0, 0, 0, 0, 0, 0 ], 
      [ 0, 0, 0, 0, 0, 1, 0, 0, 0, 0, 0, 0, 0, 1, -1, 0, 0, 0, 0, 0, -1 ], 
      [ 0, 0, 1, 1, 0, 0, 0, 0, 0, 0, 0, -1, 1, 0, 0, -2, 1, 0, -1, 0, 0 ], 
      [ 0, 0, 0, 1, 1, 0, 0, 0, 0, 0, 0, 0, 0, 0, 0, -1, 1, 0, -2, 1, -1 ], 
      [ 0, 0, 0, 1, 0, 0, 0, 0, 0, 0, 0, 0, 0, 0, 0, -1, 0, 1, 0, -1, 0 ], 
      [ 0, 0, 0, -1, 0, 0, 0, 0, 0, 0, 0, 0, 0, 0, 0, 1, -1, 0, 1, 0, 0 ], 
      [ 0, 0, 0, 0, 0, -1, 0, 0, 0, 0, 0, 0, 0, 0, 0, 0, 0, 0, 0, 0, 1 ] ],
  ListInformations := 
   [ [ [ 1, [ 64, 125 ] ], [ 1, [ 64, 125 ] ], [ 126, [ 2, 63 ] ], [ 126, [ 2, 63 ] ], [ 126, [ 2, 63 ] ], 
          [ 1, [ 64, 125 ] ] ], 
      [ [ 121, [ 4, 68 ] ], [ 121, [ 4, 68 ] ], [ 6, [ 59, 123 ] ], [ 6, [ 59, 123 ] ], [ 6, [ 59, 123 ] ], 
          [ 121, [ 4, 68 ] ] ], 
      [ [ 116, [ 4, 75 ] ], [ 116, [ 4, 75 ] ], [ 11, [ 52, 123 ] ], [ 11, [ 52, 123 ] ], [ 11, [ 52, 123 ] ], 
          [ 116, [ 4, 75 ] ] ], 
      [ [ 109, [ 4, 82 ] ], [ 109, [ 4, 82 ] ], [ 18, [ 45, 123 ] ], [ 18, [ 45, 123 ] ], [ 18, [ 45, 123 ] ], 
          [ 109, [ 4, 82 ] ] ], 
      [ [ 91, [ 100, 4 ] ], [ 91, [ 100, 4 ] ], [ 36, [ 123, 27 ] ], [ 36, [ 123, 27 ] ], [ 36, [ 123, 27 ] ], 
          [ 91, [ 100, 4 ] ] ], 
      [ [ 121, [ 5, 64 ] ], [ 121, [ 5, 64 ] ], [ 6, [ 63, 122 ] ], [ 6, [ 63, 122 ] ], [ 6, [ 63, 122 ] ], 
          [ 121, [ 5, 64 ] ] ], 
      [ [ 115, [ 5, 72 ] ], [ 115, [ 5, 72 ] ], [ 12, [ 55, 122 ] ], [ 12, [ 55, 122 ] ], [ 12, [ 55, 122 ] ], 
          [ 115, [ 5, 72 ] ] ], 
      [ [ 115, [ 8, 67 ] ], [ 115, [ 8, 67 ] ], [ 12, [ 60, 119 ] ], [ 12, [ 60, 119 ] ], [ 12, [ 60, 119 ] ], 
          [ 115, [ 8, 67 ] ] ], 
      [ [ 116, [ 9, 66 ] ], [ 116, [ 9, 66 ] ], [ 11, [ 61, 118 ] ], [ 11, [ 61, 118 ] ], [ 11, [ 61, 118 ] ], 
          [ 116, [ 9, 66 ] ] ], [ [ 11, [ 79, 101 ] ], [ 11, [ 79, 101 ] ], [ 116, [ 26, 48 ] ], 
          [ 116, [ 26, 48 ] ], [ 116, [ 26, 48 ] ], [ 11, [ 79, 101 ] ] ], 
      [ [ 11, [ 83, 97 ] ], [ 11, [ 83, 97 ] ], [ 116, [ 30, 44 ] ], [ 116, [ 30, 44 ] ], [ 116, [ 30, 44 ] ], 
          [ 11, [ 83, 97 ] ] ], 
      [ [ 13, [ 79, 99 ] ], [ 13, [ 79, 99 ] ], [ 114, [ 28, 48 ] ], [ 114, [ 28, 48 ] ], [ 114, [ 28, 48 ] ], 
          [ 13, [ 79, 99 ] ] ], 
      [ [ 13, [ 81, 97 ] ], [ 13, [ 81, 97 ] ], [ 114, [ 30, 46 ] ], [ 114, [ 30, 46 ] ], [ 114, [ 30, 46 ] ], 
          [ 13, [ 81, 97 ] ] ], 
      [ [ 78, [ 97, 15 ] ], [ 78, [ 97, 15 ] ], [ 49, [ 112, 30 ] ], [ 49, [ 112, 30 ] ], [ 49, [ 112, 30 ] ], 
          [ 78, [ 97, 15 ] ] ], 
      [ [ 96, [ 15, 86 ] ], [ 96, [ 15, 86 ] ], [ 31, [ 41, 112 ] ], [ 31, [ 41, 112 ] ], [ 31, [ 41, 112 ] ], 
          [ 96, [ 15, 86 ] ] ], [ [ 109, [ 16, 66 ] ], [ 109, [ 16, 66 ] ], [ 18, [ 61, 111 ] ], 
          [ 18, [ 61, 111 ] ], [ 18, [ 61, 111 ] ], [ 109, [ 16, 66 ] ] ], 
      [ [ 96, [ 20, 81 ] ], [ 96, [ 20, 81 ] ], [ 31, [ 46, 107 ] ], [ 31, [ 46, 107 ] ], [ 31, [ 46, 107 ] ], 
          [ 96, [ 20, 81 ] ] ], 
      [ [ 96, [ 22, 79 ] ], [ 96, [ 22, 79 ] ], [ 31, [ 48, 105 ] ], [ 31, [ 48, 105 ] ], [ 31, [ 48, 105 ] ], 
          [ 96, [ 22, 79 ] ] ], 
      [ [ 31, [ 72, 95 ] ], [ 31, [ 72, 95 ] ], [ 96, [ 32, 55 ] ], [ 96, [ 32, 55 ] ], [ 96, [ 32, 55 ] ], 
          [ 31, [ 72, 95 ] ] ], 
      [ [ 78, [ 79, 33 ] ], [ 78, [ 79, 33 ] ], [ 49, [ 94, 48 ] ], [ 49, [ 94, 48 ] ], [ 49, [ 94, 48 ] ], 
          [ 78, [ 79, 33 ] ] ], 
      [ [ 91, [ 34, 66 ] ], [ 91, [ 34, 66 ] ], [ 36, [ 61, 93 ] ], [ 36, [ 61, 93 ] ], [ 36, [ 61, 93 ] ], 
          [ 91, [ 34, 66 ] ] ], 
      [ [ 36, [ 72, 83 ] ], [ 36, [ 72, 83 ] ], [ 91, [ 44, 55 ] ], [ 91, [ 44, 55 ] ], [ 91, [ 44, 55 ] ], 
          [ 36, [ 72, 83 ] ] ], 
      [ [ 50, [ 67, 74 ] ], [ 50, [ 67, 74 ] ], [ 77, [ 53, 60 ] ], [ 77, [ 53, 60 ] ], [ 77, [ 53, 60 ] ], 
          [ 50, [ 67, 74 ] ] ], 
      [ [ 50, [ 69, 72 ] ], [ 50, [ 69, 72 ] ], [ 77, [ 55, 58 ] ], [ 77, [ 55, 58 ] ], [ 77, [ 55, 58 ] ], 
          [ 50, [ 69, 72 ] ] ], 
      [ [ 71, [ 55, 67 ] ], [ 71, [ 55, 67 ] ], [ 56, [ 60, 72 ] ], [ 56, [ 60, 72 ] ], [ 56, [ 60, 72 ] ], 
          [ 71, [ 55, 67 ] ] ], 
      [ [ 65, [ 61, 64 ] ], [ 65, [ 61, 64 ] ], [ 62, [ 63, 66 ] ], [ 62, [ 63, 66 ] ], [ 62, [ 63, 66 ] ], 
          [ 65, [ 61, 64 ] ] ] ],
  Status := "NO",
  TheCtype := [ [ -1, 0, 0, 0, -1, 0 ], [ -1, 0, 0, 0, -1, 1 ], [ -1, 0, 0, 0, 0, -1 ], [ -1, 0, 0, 0, 0, 0 ], 
      [ -1, 0, 0, 1, -1, 0 ], [ -1, 0, 0, 1, -1, 1 ], [ -1, 0, 0, 1, 0, -1 ], [ -1, 0, 1, -1, 0, 0 ], 
      [ -1, 0, 1, -1, 0, 1 ], [ -1, 0, 1, -1, 1, -1 ], [ -1, 0, 1, -1, 1, 0 ], [ -1, 0, 1, 0, -1, 0 ], 
      [ -1, 0, 1, 0, -1, 1 ], [ -1, 0, 1, 0, 0, -1 ], [ -1, 1, -1, 0, 0, 0 ], [ -1, 1, -1, 0, 0, 1 ], 
      [ -1, 1, -1, 0, 1, -1 ], [ -1, 1, -1, 0, 1, 0 ], [ -1, 1, -1, 1, -1, 0 ], [ -1, 1, -1, 1, -1, 1 ], 
      [ -1, 1, -1, 1, 0, -1 ], [ -1, 1, -1, 1, 0, 0 ], [ -1, 1, 0, -1, 0, 0 ], [ -1, 1, 0, -1, 0, 1 ], 
      [ -1, 1, 0, -1, 1, -1 ], [ -1, 1, 0, -1, 1, 0 ], [ -1, 1, 0, 0, -1, 0 ], [ -1, 1, 0, 0, -1, 1 ], 
      [ -1, 1, 0, 0, 0, -1 ], [ -1, 1, 0, 0, 0, 0 ], [ -1, 2, -2, 1, 0, 0 ], [ -1, 2, -1, 0, 0, 0 ], 
      [ 0, -1, 0, 0, 0, 0 ], [ 0, -1, 0, 0, 0, 1 ], [ 0, -1, 0, 0, 1, -1 ], [ 0, -1, 0, 0, 1, 0 ], 
      [ 0, -1, 0, 1, -1, 0 ], [ 0, -1, 0, 1, -1, 1 ], [ 0, -1, 0, 1, 0, -1 ], [ 0, -1, 0, 1, 0, 0 ], 
      [ 0, -1, 1, -1, 0, 0 ], [ 0, -1, 1, -1, 0, 1 ], [ 0, -1, 1, -1, 1, -1 ], [ 0, -1, 1, -1, 1, 0 ], 
      [ 0, -1, 1, 0, -1, 0 ], [ 0, -1, 1, 0, -1, 1 ], [ 0, -1, 1, 0, 0, -1 ], [ 0, -1, 1, 0, 0, 0 ], 
      [ 0, 0, -1, 0, 0, 0 ], [ 0, 0, -1, 0, 0, 1 ], [ 0, 0, -1, 0, 1, -1 ], [ 0, 0, -1, 1, -1, 0 ], 
      [ 0, 0, -1, 1, -1, 1 ], [ 0, 0, -1, 1, 0, -1 ], [ 0, 0, -1, 1, 0, 0 ], [ 0, 0, -1, 2, -1, 0 ], 
      [ 0, 0, 0, -1, 0, 0 ], [ 0, 0, 0, -1, 0, 1 ], [ 0, 0, 0, -1, 1, -1 ], [ 0, 0, 0, -1, 1, 0 ], 
      [ 0, 0, 0, 0, -1, 1 ], [ 0, 0, 0, 0, -1, 2 ], [ 0, 0, 0, 0, 0, -1 ], [ 0, 0, 0, 0, 0, 1 ], 
      [ 0, 0, 0, 0, 1, -2 ], [ 0, 0, 0, 0, 1, -1 ], [ 0, 0, 0, 1, -1, 0 ], [ 0, 0, 0, 1, -1, 1 ], 
      [ 0, 0, 0, 1, 0, -1 ], [ 0, 0, 0, 1, 0, 0 ], [ 0, 0, 1, -2, 1, 0 ], [ 0, 0, 1, -1, 0, 0 ], 
      [ 0, 0, 1, -1, 0, 1 ], [ 0, 0, 1, -1, 1, -1 ], [ 0, 0, 1, -1, 1, 0 ], [ 0, 0, 1, 0, -1, 1 ], 
      [ 0, 0, 1, 0, 0, -1 ], [ 0, 0, 1, 0, 0, 0 ], [ 0, 1, -1, 0, 0, 0 ], [ 0, 1, -1, 0, 0, 1 ], 
      [ 0, 1, -1, 0, 1, -1 ], [ 0, 1, -1, 0, 1, 0 ], [ 0, 1, -1, 1, -1, 0 ], [ 0, 1, -1, 1, -1, 1 ], 
      [ 0, 1, -1, 1, 0, -1 ], [ 0, 1, -1, 1, 0, 0 ], [ 0, 1, 0, -1, 0, 0 ], [ 0, 1, 0, -1, 0, 1 ], 
      [ 0, 1, 0, -1, 1, -1 ], [ 0, 1, 0, -1, 1, 0 ], [ 0, 1, 0, 0, -1, 0 ], [ 0, 1, 0, 0, -1, 1 ], 
      [ 0, 1, 0, 0, 0, -1 ], [ 0, 1, 0, 0, 0, 0 ], [ 1, -2, 1, 0, 0, 0 ], [ 1, -2, 2, -1, 0, 0 ], 
      [ 1, -1, 0, 0, 0, 0 ], [ 1, -1, 0, 0, 0, 1 ], [ 1, -1, 0, 0, 1, -1 ], [ 1, -1, 0, 0, 1, 0 ], 
      [ 1, -1, 0, 1, -1, 0 ], [ 1, -1, 0, 1, -1, 1 ], [ 1, -1, 0, 1, 0, -1 ], [ 1, -1, 0, 1, 0, 0 ], 
      [ 1, -1, 1, -1, 0, 0 ], [ 1, -1, 1, -1, 0, 1 ], [ 1, -1, 1, -1, 1, -1 ], [ 1, -1, 1, -1, 1, 0 ], 
      [ 1, -1, 1, 0, -1, 0 ], [ 1, -1, 1, 0, -1, 1 ], [ 1, -1, 1, 0, 0, -1 ], [ 1, -1, 1, 0, 0, 0 ], 
      [ 1, 0, -1, 0, 0, 1 ], [ 1, 0, -1, 0, 1, -1 ], [ 1, 0, -1, 0, 1, 0 ], [ 1, 0, -1, 1, -1, 0 ], 
      [ 1, 0, -1, 1, -1, 1 ], [ 1, 0, -1, 1, 0, -1 ], [ 1, 0, -1, 1, 0, 0 ], [ 1, 0, 0, -1, 0, 1 ], 
      [ 1, 0, 0, -1, 1, -1 ], [ 1, 0, 0, -1, 1, 0 ], [ 1, 0, 0, 0, 0, 0 ], [ 1, 0, 0, 0, 0, 1 ], 
      [ 1, 0, 0, 0, 1, -1 ], [ 1, 0, 0, 0, 1, 0 ] ],
  eInvariant := rec(
      nbFac := 37,
      nbIneq := 936 ) );
