return rec(
  CharMat := [ [ 12, 7, 2, -1, -4, -2 ], [ 7, 19, 13, 5, 6, 3 ], [ 2, 13, 22, 13, 12, 6 ], 
      [ -1, 5, 13, 24, 18, 9 ], [ -4, 6, 12, 18, 28, 14 ], [ -2, 3, 6, 9, 14, 15 ] ],
  ListInequalities := [ [ 0, 0, 0, 0, 0, 0, 0, 0, -1, 0, 0, 0, 0, 0, 0, 0, 0, 0, 0, 0, 0 ], 
      [ 0, 0, 0, 0, 0, 0, 0, 0, 1, -1, 1, 0, 0, 0, 0, 0, 0, 0, 0, 0, 0 ], 
      [ 0, 0, 0, 0, 0, 0, 0, 1, -1, 0, 1, 0, 0, 0, 0, 0, 0, 0, 0, 0, 0 ], 
      [ 0, 0, 0, 0, 0, 0, 1, -1, 0, 1, 0, 0, 0, 0, 0, 0, 0, 0, 0, 0, 0 ], 
      [ 1, 0, 0, 0, 0, 0, -1, 0, 0, 1, 0, 0, 0, 0, 0, 0, 0, 0, 0, 0, 0 ], 
      [ 0, 0, 0, 0, 0, 0, 0, 0, 0, 0, 1, 0, 0, 0, 0, 0, 0, -1, 0, 1, 0 ], 
      [ 0, 1, 0, 0, 0, 0, -1, 1, 0, 0, 0, -1, 0, 0, 0, 0, 0, 0, 0, 0, 0 ], 
      [ 0, 0, 0, 0, 0, 0, 0, 0, 0, 0, 1, 0, 0, 0, -1, 0, 0, 1, 0, 0, 0 ], 
      [ 0, 0, 0, 1, 0, 0, 0, 0, -1, 1, 0, 0, 1, -1, 0, -1, 1, 0, -1, 0, 0 ], 
      [ 0, 0, 0, 0, 0, 0, 0, -1, 0, 1, 0, 1, 0, -1, 0, 0, 0, 0, 0, 0, 0 ], 
      [ 1, 1, 0, 0, 0, 0, -2, 1, -1, 1, 0, -1, 1, -1, 0, 0, 0, 0, 0, 0, 0 ], 
      [ 0, -1, 0, 0, 0, 0, 1, 0, 0, 0, 0, 1, -1, 1, 0, 0, 0, 0, 0, 0, 0 ], 
      [ 0, 0, 0, 0, 1, 0, 0, 0, -1, 1, 0, 0, 1, -1, 0, 0, 0, 0, -1, 1, -1 ], 
      [ 0, 0, 0, 0, 0, 0, 0, 0, -1, 0, 1, 0, 1, 0, -1, 0, 0, 0, 0, 0, 0 ], 
      [ 0, -1, 0, 0, 0, 0, 1, -1, 1, -1, 0, 1, -1, 1, 0, 0, 0, 0, 0, 0, 0 ], 
      [ 0, -1, 0, 0, 0, 0, 1, -1, 0, 0, 0, 1, -1, 1, 0, 1, -1, 0, 0, 0, 0 ], 
      [ 0, 0, 0, 0, 0, 0, 0, 0, 0, 0, 0, 0, -1, 1, 0, 0, 0, 0, 0, 0, 0 ], 
      [ 0, 1, 0, 0, 0, 0, 0, 0, 0, 0, 0, -1, 1, -1, 0, 0, 0, 0, 0, 0, 0 ], 
      [ 0, 0, 1, 0, 0, 0, 0, 0, 0, 0, 0, -1, 1, 0, 0, -1, 0, 0, 0, 0, 0 ], 
      [ 0, 0, 0, 0, 0, 0, 0, 0, 0, 0, 0, 0, 0, 0, 0, 1, -1, 0, 0, 0, 0 ], 
      [ 0, 0, 0, 0, 0, 1, 0, 0, 0, 0, 0, 0, 0, 0, 0, 0, 0, 0, 0, 0, -1 ] ],
  ListInformations := 
   [ [ [ 1, [ 70, 122 ] ], [ 1, [ 70, 122 ] ], [ 126, [ 5, 57 ] ], [ 126, [ 5, 57 ] ], [ 126, [ 5, 57 ] ], 
          [ 1, [ 70, 122 ] ] ], 
      [ [ 120, [ 5, 68 ] ], [ 120, [ 5, 68 ] ], [ 7, [ 59, 122 ] ], [ 7, [ 59, 122 ] ], [ 7, [ 59, 122 ] ], 
          [ 120, [ 5, 68 ] ] ], 
      [ [ 117, [ 5, 72 ] ], [ 117, [ 5, 72 ] ], [ 10, [ 55, 122 ] ], [ 10, [ 55, 122 ] ], [ 10, [ 55, 122 ] ], 
          [ 117, [ 5, 72 ] ] ], 
      [ [ 108, [ 5, 82 ] ], [ 108, [ 5, 82 ] ], [ 19, [ 45, 122 ] ], [ 19, [ 45, 122 ] ], [ 19, [ 45, 122 ] ], 
          [ 108, [ 5, 82 ] ] ], 
      [ [ 90, [ 100, 5 ] ], [ 90, [ 100, 5 ] ], [ 37, [ 122, 27 ] ], [ 37, [ 122, 27 ] ], [ 37, [ 122, 27 ] ], 
          [ 90, [ 100, 5 ] ] ], 
      [ [ 117, [ 9, 64 ] ], [ 117, [ 9, 64 ] ], [ 10, [ 63, 118 ] ], [ 10, [ 63, 118 ] ], [ 10, [ 63, 118 ] ], 
          [ 117, [ 9, 64 ] ] ], 
      [ [ 15, [ 79, 97 ] ], [ 15, [ 79, 97 ] ], [ 112, [ 30, 48 ] ], [ 112, [ 30, 48 ] ], [ 112, [ 30, 48 ] ], 
          [ 15, [ 79, 97 ] ] ], [ [ 110, [ 16, 64 ] ], [ 110, [ 16, 64 ] ], [ 17, [ 63, 111 ] ], 
          [ 17, [ 63, 111 ] ], [ 17, [ 63, 111 ] ], [ 110, [ 16, 64 ] ] ], 
      [ [ 19, [ 67, 104 ] ], [ 19, [ 67, 104 ] ], [ 108, [ 23, 60 ] ], [ 108, [ 23, 60 ] ], [ 108, [ 23, 60 ] ],
          [ 19, [ 67, 104 ] ] ], 
      [ [ 19, [ 75, 97 ] ], [ 19, [ 75, 97 ] ], [ 108, [ 30, 52 ] ], [ 108, [ 30, 52 ] ], [ 108, [ 30, 52 ] ], 
          [ 19, [ 75, 97 ] ] ], 
      [ [ 74, [ 97, 20 ] ], [ 74, [ 97, 20 ] ], [ 53, [ 107, 30 ] ], [ 53, [ 107, 30 ] ], [ 53, [ 107, 30 ] ], 
          [ 74, [ 97, 20 ] ] ], 
      [ [ 95, [ 20, 93 ] ], [ 95, [ 20, 93 ] ], [ 32, [ 34, 107 ] ], [ 32, [ 34, 107 ] ], [ 32, [ 34, 107 ] ], 
          [ 95, [ 20, 93 ] ] ], 
      [ [ 25, [ 67, 99 ] ], [ 25, [ 67, 99 ] ], [ 102, [ 28, 60 ] ], [ 102, [ 28, 60 ] ], [ 102, [ 28, 60 ] ], 
          [ 25, [ 67, 99 ] ] ], 
      [ [ 25, [ 69, 97 ] ], [ 25, [ 69, 97 ] ], [ 102, [ 30, 58 ] ], [ 102, [ 30, 58 ] ], [ 102, [ 30, 58 ] ], 
          [ 25, [ 69, 97 ] ] ], 
      [ [ 95, [ 30, 83 ] ], [ 95, [ 30, 83 ] ], [ 32, [ 44, 97 ] ], [ 32, [ 44, 97 ] ], [ 32, [ 44, 97 ] ], 
          [ 95, [ 30, 83 ] ] ], 
      [ [ 95, [ 31, 79 ] ], [ 95, [ 31, 79 ] ], [ 32, [ 48, 96 ] ], [ 32, [ 48, 96 ] ], [ 32, [ 48, 96 ] ], 
          [ 95, [ 31, 79 ] ] ], 
      [ [ 33, [ 67, 93 ] ], [ 33, [ 67, 93 ] ], [ 94, [ 34, 60 ] ], [ 94, [ 34, 60 ] ], [ 94, [ 34, 60 ] ], 
          [ 33, [ 67, 93 ] ] ], 
      [ [ 74, [ 83, 34 ] ], [ 74, [ 83, 34 ] ], [ 53, [ 93, 44 ] ], [ 53, [ 93, 44 ] ], [ 53, [ 93, 44 ] ], 
          [ 74, [ 83, 34 ] ] ], 
      [ [ 40, [ 71, 79 ] ], [ 40, [ 71, 79 ] ], [ 87, [ 48, 56 ] ], [ 87, [ 48, 56 ] ], [ 87, [ 48, 56 ] ], 
          [ 40, [ 71, 79 ] ] ], 
      [ [ 74, [ 49, 67 ] ], [ 74, [ 49, 67 ] ], [ 53, [ 60, 78 ] ], [ 53, [ 60, 78 ] ], [ 53, [ 60, 78 ] ], 
          [ 74, [ 49, 67 ] ] ], 
      [ [ 61, [ 64, 65 ] ], [ 61, [ 64, 65 ] ], [ 66, [ 62, 63 ] ], [ 66, [ 62, 63 ] ], [ 66, [ 62, 63 ] ], 
          [ 61, [ 64, 65 ] ] ] ],
  Status := "NO",
  TheCtype := [ [ -1, 0, 0, -1, 0, 0 ], [ -1, 0, 0, 0, -1, 0 ], [ -1, 0, 0, 0, -1, 1 ], [ -1, 0, 0, 0, 0, -1 ], 
      [ -1, 0, 0, 0, 0, 0 ], [ -1, 0, 0, 1, -1, 0 ], [ -1, 0, 0, 1, -1, 1 ], [ -1, 0, 0, 1, 0, -1 ], 
      [ -1, 0, 1, -1, 0, 0 ], [ -1, 0, 1, -1, 0, 1 ], [ -1, 0, 1, -1, 1, -1 ], [ -1, 0, 1, 0, -1, 0 ], 
      [ -1, 0, 1, 0, -1, 1 ], [ -1, 0, 1, 0, 0, -1 ], [ -1, 0, 1, 0, 0, 0 ], [ -1, 1, -1, 0, 0, 0 ], 
      [ -1, 1, -1, 0, 0, 1 ], [ -1, 1, -1, 0, 1, -1 ], [ -1, 1, -1, 0, 1, 0 ], [ -1, 1, -1, 1, -1, 0 ], 
      [ -1, 1, -1, 1, -1, 1 ], [ -1, 1, -1, 1, 0, -1 ], [ -1, 1, -1, 1, 0, 0 ], [ -1, 1, 0, -1, 0, 0 ], 
      [ -1, 1, 0, -1, 0, 1 ], [ -1, 1, 0, -1, 1, -1 ], [ -1, 1, 0, 0, -1, 0 ], [ -1, 1, 0, 0, -1, 1 ], 
      [ -1, 1, 0, 0, 0, -1 ], [ -1, 1, 0, 0, 0, 0 ], [ -1, 1, 0, 1, -1, 0 ], [ -1, 2, -1, 1, -1, 0 ], 
      [ 0, -1, 0, -1, 1, 0 ], [ 0, -1, 0, 0, 0, 0 ], [ 0, -1, 0, 0, 0, 1 ], [ 0, -1, 0, 0, 1, -1 ], 
      [ 0, -1, 0, 0, 1, 0 ], [ 0, -1, 0, 1, -1, 1 ], [ 0, -1, 0, 1, 0, -1 ], [ 0, -1, 0, 1, 0, 0 ], 
      [ 0, -1, 1, -1, 0, 0 ], [ 0, -1, 1, -1, 0, 1 ], [ 0, -1, 1, -1, 1, -1 ], [ 0, -1, 1, -1, 1, 0 ], 
      [ 0, -1, 1, 0, -1, 0 ], [ 0, -1, 1, 0, -1, 1 ], [ 0, -1, 1, 0, 0, -1 ], [ 0, -1, 1, 0, 0, 0 ], 
      [ 0, 0, -1, 0, 0, 0 ], [ 0, 0, -1, 0, 0, 1 ], [ 0, 0, -1, 0, 1, -1 ], [ 0, 0, -1, 0, 1, 0 ], 
      [ 0, 0, -1, 1, -1, 0 ], [ 0, 0, -1, 1, -1, 1 ], [ 0, 0, -1, 1, 0, -1 ], [ 0, 0, -1, 1, 0, 0 ], 
      [ 0, 0, 0, -1, 0, 0 ], [ 0, 0, 0, -1, 0, 1 ], [ 0, 0, 0, -1, 1, -1 ], [ 0, 0, 0, -1, 1, 0 ], 
      [ 0, 0, 0, 0, -1, 0 ], [ 0, 0, 0, 0, -1, 1 ], [ 0, 0, 0, 0, 0, -1 ], [ 0, 0, 0, 0, 0, 1 ], 
      [ 0, 0, 0, 0, 1, -1 ], [ 0, 0, 0, 0, 1, 0 ], [ 0, 0, 0, 1, -1, 0 ], [ 0, 0, 0, 1, -1, 1 ], 
      [ 0, 0, 0, 1, 0, -1 ], [ 0, 0, 0, 1, 0, 0 ], [ 0, 0, 1, -1, 0, 0 ], [ 0, 0, 1, -1, 0, 1 ], 
      [ 0, 0, 1, -1, 1, -1 ], [ 0, 0, 1, -1, 1, 0 ], [ 0, 0, 1, 0, -1, 0 ], [ 0, 0, 1, 0, -1, 1 ], 
      [ 0, 0, 1, 0, 0, -1 ], [ 0, 0, 1, 0, 0, 0 ], [ 0, 1, -1, 0, 0, 0 ], [ 0, 1, -1, 0, 0, 1 ], 
      [ 0, 1, -1, 0, 1, -1 ], [ 0, 1, -1, 0, 1, 0 ], [ 0, 1, -1, 1, -1, 0 ], [ 0, 1, -1, 1, -1, 1 ], 
      [ 0, 1, -1, 1, 0, -1 ], [ 0, 1, -1, 1, 0, 0 ], [ 0, 1, 0, -1, 0, 0 ], [ 0, 1, 0, -1, 0, 1 ], 
      [ 0, 1, 0, -1, 1, -1 ], [ 0, 1, 0, 0, -1, 0 ], [ 0, 1, 0, 0, -1, 1 ], [ 0, 1, 0, 0, 0, -1 ], 
      [ 0, 1, 0, 0, 0, 0 ], [ 0, 1, 0, 1, -1, 0 ], [ 1, -2, 1, -1, 1, 0 ], [ 1, -1, 0, -1, 1, 0 ], 
      [ 1, -1, 0, 0, 0, 0 ], [ 1, -1, 0, 0, 0, 1 ], [ 1, -1, 0, 0, 1, -1 ], [ 1, -1, 0, 0, 1, 0 ], 
      [ 1, -1, 0, 1, -1, 1 ], [ 1, -1, 0, 1, 0, -1 ], [ 1, -1, 0, 1, 0, 0 ], [ 1, -1, 1, -1, 0, 0 ], 
      [ 1, -1, 1, -1, 0, 1 ], [ 1, -1, 1, -1, 1, -1 ], [ 1, -1, 1, -1, 1, 0 ], [ 1, -1, 1, 0, -1, 0 ], 
      [ 1, -1, 1, 0, -1, 1 ], [ 1, -1, 1, 0, 0, -1 ], [ 1, -1, 1, 0, 0, 0 ], [ 1, 0, -1, 0, 0, 0 ], 
      [ 1, 0, -1, 0, 0, 1 ], [ 1, 0, -1, 0, 1, -1 ], [ 1, 0, -1, 0, 1, 0 ], [ 1, 0, -1, 1, -1, 1 ], 
      [ 1, 0, -1, 1, 0, -1 ], [ 1, 0, -1, 1, 0, 0 ], [ 1, 0, 0, -1, 0, 1 ], [ 1, 0, 0, -1, 1, -1 ], 
      [ 1, 0, 0, -1, 1, 0 ], [ 1, 0, 0, 0, 0, 0 ], [ 1, 0, 0, 0, 0, 1 ], [ 1, 0, 0, 0, 1, -1 ], 
      [ 1, 0, 0, 0, 1, 0 ], [ 1, 0, 0, 1, 0, 0 ] ],
  eInvariant := rec(
      nbFac := 27,
      nbIneq := 915 ) );
