return rec(
  CharMat := [ [ 12, 8, 3, -1, -2, -3 ], [ 8, 26, 26, 17, 10, 3 ], [ 3, 26, 49, 35, 22, 9 ], 
      [ -1, 17, 35, 41, 27, 13 ], [ -2, 10, 22, 27, 30, 15 ], [ -3, 3, 9, 13, 15, 17 ] ],
  ListInequalities := [ [ -1, 0, 0, 0, 0, 0, 2, -1, 0, 0, 0, 0, 0, 0, 0, 0, 0, 0, 0, 0, 0 ], 
      [ -1, -1, 0, 0, 0, 0, 2, -1, 0, 0, 0, 1, 0, 0, 0, 0, 0, 0, 0, 0, 0 ], 
      [ 0, 0, 0, 0, 0, 0, 0, 0, -1, 0, 0, 0, 0, 0, 0, 0, 0, 0, 0, 0, 0 ], 
      [ 0, 1, 1, 0, 0, 0, -1, 1, -1, 0, 0, -2, 1, 0, 0, -1, 0, 0, 0, 0, 0 ], 
      [ 0, 1, 0, 0, 0, 0, -1, 0, 0, 0, 0, 0, -1, 0, 0, 0, 0, 0, 0, 0, 0 ], 
      [ 0, 0, 0, 0, 0, 0, 0, 0, -1, 1, 0, 0, 0, 0, 0, 0, 0, 0, 0, -1, 1 ], 
      [ 0, 0, 0, 0, 0, 0, 0, 0, 0, 1, -1, 0, 0, 0, 0, 0, 0, 0, 0, 0, 0 ], 
      [ 0, 0, 0, 0, 0, 0, 0, 1, -1, 0, 1, 0, 0, 0, 0, 0, 0, 0, 0, 0, 0 ], 
      [ 1, 0, 0, 0, 0, 0, -1, 0, 0, 0, 1, 0, 0, 0, 0, 0, 0, 0, 0, 0, 0 ], 
      [ 0, 0, 0, 0, 0, 0, 0, 0, 0, 0, 1, 0, 0, 0, 0, 0, 0, -1, 0, 1, 0 ], 
      [ 0, 1, 0, 0, 0, 0, -1, 1, 0, 0, 0, -1, -1, 1, 0, 1, -1, 0, 0, 0, 0 ], 
      [ 0, 1, 0, 0, 0, 0, -1, 1, -1, 1, 0, -1, 1, -1, 0, 0, 0, 0, 0, 0, 0 ], 
      [ 0, 1, 0, 0, 0, 0, -1, 1, 0, 0, 0, -1, 0, 0, -1, 0, 0, 1, 0, 0, 0 ], 
      [ 0, 1, 0, 0, 0, 0, -1, 1, 0, 0, -1, -1, 0, 0, 1, 0, 0, 0, 0, 0, 0 ], 
      [ 0, 0, 0, 1, 0, 0, 0, 0, 0, 0, 0, 0, 0, 0, 0, -1, 1, 0, -1, 0, 0 ], 
      [ 0, 0, 0, 0, 1, 0, 0, 0, 0, 0, 0, 0, 0, 0, 0, 0, 0, 0, -1, 1, -1 ] ],
  ListInformations := 
   [ [ [ 1, [ 94, 121 ] ], [ 1, [ 94, 121 ] ], [ 126, [ 6, 33 ] ], [ 126, [ 6, 33 ] ], [ 126, [ 6, 33 ] ], 
          [ 1, [ 94, 121 ] ] ], 
      [ [ 1, [ 95, 110 ] ], [ 1, [ 95, 110 ] ], [ 126, [ 17, 32 ] ], [ 126, [ 17, 32 ] ], [ 126, [ 17, 32 ] ], 
          [ 1, [ 95, 110 ] ] ], [ [ 2, [ 70, 121 ] ], [ 2, [ 70, 121 ] ], [ 125, [ 6, 57 ] ], [ 125, [ 6, 57 ] ],
          [ 125, [ 6, 57 ] ], [ 2, [ 70, 121 ] ] ], 
      [ [ 2, [ 85, 110 ] ], [ 2, [ 85, 110 ] ], [ 125, [ 17, 42 ] ], [ 125, [ 17, 42 ] ], [ 125, [ 17, 42 ] ], 
          [ 2, [ 85, 110 ] ] ], 
      [ [ 2, [ 93, 102 ] ], [ 2, [ 93, 102 ] ], [ 125, [ 25, 34 ] ], [ 125, [ 25, 34 ] ], [ 125, [ 25, 34 ] ], 
          [ 2, [ 93, 102 ] ] ], [ [ 3, [ 67, 122 ] ], [ 3, [ 67, 122 ] ], [ 124, [ 5, 60 ] ], [ 124, [ 5, 60 ] ],
          [ 124, [ 5, 60 ] ], [ 3, [ 67, 122 ] ] ], 
      [ [ 120, [ 6, 65 ] ], [ 120, [ 6, 65 ] ], [ 7, [ 62, 121 ] ], [ 7, [ 62, 121 ] ], [ 7, [ 62, 121 ] ], 
          [ 120, [ 6, 65 ] ] ], 
      [ [ 116, [ 6, 72 ] ], [ 116, [ 6, 72 ] ], [ 11, [ 55, 121 ] ], [ 11, [ 55, 121 ] ], [ 11, [ 55, 121 ] ], 
          [ 116, [ 6, 72 ] ] ], [ [ 92, [ 96, 6 ] ], [ 92, [ 96, 6 ] ], [ 35, [ 121, 31 ] ], [ 35, [ 121, 31 ] ],
          [ 35, [ 121, 31 ] ], [ 92, [ 96, 6 ] ] ], 
      [ [ 116, [ 10, 64 ] ], [ 116, [ 10, 64 ] ], [ 11, [ 63, 117 ] ], [ 11, [ 63, 117 ] ], [ 11, [ 63, 117 ] ], 
          [ 116, [ 10, 64 ] ] ], 
      [ [ 13, [ 78, 99 ] ], [ 13, [ 78, 99 ] ], [ 114, [ 28, 49 ] ], [ 114, [ 28, 49 ] ], [ 114, [ 28, 49 ] ], 
          [ 13, [ 78, 99 ] ] ], 
      [ [ 13, [ 82, 95 ] ], [ 13, [ 82, 95 ] ], [ 114, [ 32, 45 ] ], [ 114, [ 32, 45 ] ], [ 114, [ 32, 45 ] ], 
          [ 13, [ 82, 95 ] ] ], 
      [ [ 16, [ 78, 96 ] ], [ 16, [ 78, 96 ] ], [ 111, [ 31, 49 ] ], [ 111, [ 31, 49 ] ], [ 111, [ 31, 49 ] ], 
          [ 16, [ 78, 96 ] ] ], 
      [ [ 16, [ 79, 95 ] ], [ 16, [ 79, 95 ] ], [ 111, [ 32, 48 ] ], [ 111, [ 32, 48 ] ], [ 111, [ 32, 48 ] ], 
          [ 16, [ 79, 95 ] ] ], [ [ 52, [ 67, 71 ] ], [ 52, [ 67, 71 ] ], [ 75, [ 56, 60 ] ], [ 75, [ 56, 60 ] ],
          [ 75, [ 56, 60 ] ], [ 52, [ 67, 71 ] ] ], 
      [ [ 58, [ 65, 67 ] ], [ 58, [ 65, 67 ] ], [ 69, [ 60, 62 ] ], [ 69, [ 60, 62 ] ], [ 69, [ 60, 62 ] ], 
          [ 58, [ 65, 67 ] ] ] ],
  Status := "YES",
  TheCtype := [ [ -2, 2, -1, 0, 0, 0 ], [ -1, 0, 0, -1, 0, 0 ], [ -1, 0, 0, -1, 1, -1 ], [ -1, 0, 0, 0, -1, 0 ], 
      [ -1, 0, 0, 0, 0, -1 ], [ -1, 0, 0, 0, 0, 0 ], [ -1, 0, 0, 0, 1, -1 ], [ -1, 0, 0, 1, -1, 0 ], 
      [ -1, 0, 0, 1, 0, -1 ], [ -1, 0, 1, -1, 0, 0 ], [ -1, 0, 1, -1, 0, 1 ], [ -1, 0, 1, -1, 1, -1 ], 
      [ -1, 0, 1, -1, 1, 0 ], [ -1, 0, 1, 0, -1, 0 ], [ -1, 0, 1, 0, -1, 1 ], [ -1, 0, 1, 0, 0, -1 ], 
      [ -1, 1, -1, 0, 0, 0 ], [ -1, 1, -1, 0, 0, 1 ], [ -1, 1, -1, 0, 1, -1 ], [ -1, 1, -1, 0, 1, 0 ], 
      [ -1, 1, -1, 1, -1, 0 ], [ -1, 1, -1, 1, -1, 1 ], [ -1, 1, -1, 1, 0, -1 ], [ -1, 1, -1, 1, 0, 0 ], 
      [ -1, 1, 0, -1, 0, 0 ], [ -1, 1, 0, -1, 0, 1 ], [ -1, 1, 0, -1, 1, -1 ], [ -1, 1, 0, -1, 1, 0 ], 
      [ -1, 1, 0, 0, -1, 0 ], [ -1, 1, 0, 0, -1, 1 ], [ -1, 1, 0, 0, 0, -1 ], [ -1, 1, 0, 0, 0, 0 ], 
      [ -1, 2, -1, 0, 0, 0 ], [ 0, -1, 0, 0, 0, 0 ], [ 0, -1, 0, 0, 0, 1 ], [ 0, -1, 0, 0, 1, -1 ], 
      [ 0, -1, 0, 0, 1, 0 ], [ 0, -1, 0, 1, -1, 0 ], [ 0, -1, 0, 1, -1, 1 ], [ 0, -1, 0, 1, 0, -1 ], 
      [ 0, -1, 0, 1, 0, 0 ], [ 0, -1, 1, -1, 0, 0 ], [ 0, -1, 1, -1, 0, 1 ], [ 0, -1, 1, -1, 1, -1 ], 
      [ 0, -1, 1, -1, 1, 0 ], [ 0, -1, 1, 0, -1, 0 ], [ 0, -1, 1, 0, -1, 1 ], [ 0, -1, 1, 0, 0, -1 ], 
      [ 0, -1, 1, 0, 0, 0 ], [ 0, 0, -1, 0, 0, 1 ], [ 0, 0, -1, 0, 1, -1 ], [ 0, 0, -1, 0, 1, 0 ], 
      [ 0, 0, -1, 1, -1, 0 ], [ 0, 0, -1, 1, -1, 1 ], [ 0, 0, -1, 1, 0, -1 ], [ 0, 0, -1, 1, 0, 0 ], 
      [ 0, 0, 0, -1, 0, 0 ], [ 0, 0, 0, -1, 0, 1 ], [ 0, 0, 0, -1, 1, -1 ], [ 0, 0, 0, -1, 1, 0 ], 
      [ 0, 0, 0, 0, -1, 0 ], [ 0, 0, 0, 0, -1, 1 ], [ 0, 0, 0, 0, 0, -1 ], [ 0, 0, 0, 0, 0, 1 ], 
      [ 0, 0, 0, 0, 1, -1 ], [ 0, 0, 0, 0, 1, 0 ], [ 0, 0, 0, 1, -1, 0 ], [ 0, 0, 0, 1, -1, 1 ], 
      [ 0, 0, 0, 1, 0, -1 ], [ 0, 0, 0, 1, 0, 0 ], [ 0, 0, 1, -1, 0, 0 ], [ 0, 0, 1, -1, 0, 1 ], 
      [ 0, 0, 1, -1, 1, -1 ], [ 0, 0, 1, -1, 1, 0 ], [ 0, 0, 1, 0, -1, 0 ], [ 0, 0, 1, 0, -1, 1 ], 
      [ 0, 0, 1, 0, 0, -1 ], [ 0, 1, -1, 0, 0, 0 ], [ 0, 1, -1, 0, 0, 1 ], [ 0, 1, -1, 0, 1, -1 ], 
      [ 0, 1, -1, 0, 1, 0 ], [ 0, 1, -1, 1, -1, 0 ], [ 0, 1, -1, 1, -1, 1 ], [ 0, 1, -1, 1, 0, -1 ], 
      [ 0, 1, -1, 1, 0, 0 ], [ 0, 1, 0, -1, 0, 0 ], [ 0, 1, 0, -1, 0, 1 ], [ 0, 1, 0, -1, 1, -1 ], 
      [ 0, 1, 0, -1, 1, 0 ], [ 0, 1, 0, 0, -1, 0 ], [ 0, 1, 0, 0, -1, 1 ], [ 0, 1, 0, 0, 0, -1 ], 
      [ 0, 1, 0, 0, 0, 0 ], [ 1, -2, 1, 0, 0, 0 ], [ 1, -1, 0, 0, 0, 0 ], [ 1, -1, 0, 0, 0, 1 ], 
      [ 1, -1, 0, 0, 1, -1 ], [ 1, -1, 0, 0, 1, 0 ], [ 1, -1, 0, 1, -1, 0 ], [ 1, -1, 0, 1, -1, 1 ], 
      [ 1, -1, 0, 1, 0, -1 ], [ 1, -1, 0, 1, 0, 0 ], [ 1, -1, 1, -1, 0, 0 ], [ 1, -1, 1, -1, 0, 1 ], 
      [ 1, -1, 1, -1, 1, -1 ], [ 1, -1, 1, -1, 1, 0 ], [ 1, -1, 1, 0, -1, 0 ], [ 1, -1, 1, 0, -1, 1 ], 
      [ 1, -1, 1, 0, 0, -1 ], [ 1, -1, 1, 0, 0, 0 ], [ 1, 0, -1, 0, 0, 1 ], [ 1, 0, -1, 0, 1, -1 ], 
      [ 1, 0, -1, 0, 1, 0 ], [ 1, 0, -1, 1, -1, 0 ], [ 1, 0, -1, 1, -1, 1 ], [ 1, 0, -1, 1, 0, -1 ], 
      [ 1, 0, -1, 1, 0, 0 ], [ 1, 0, 0, -1, 0, 1 ], [ 1, 0, 0, -1, 1, 0 ], [ 1, 0, 0, 0, -1, 1 ], 
      [ 1, 0, 0, 0, 0, 0 ], [ 1, 0, 0, 0, 0, 1 ], [ 1, 0, 0, 0, 1, 0 ], [ 1, 0, 0, 1, -1, 1 ], 
      [ 1, 0, 0, 1, 0, 0 ], [ 2, -2, 1, 0, 0, 0 ] ],
  eInvariant := rec(
      nbFac := 21,
      nbIneq := 903 ) );
