return rec(
  CharMat := [ [ 15, 9, 3, -1, -5, -3 ], [ 9, 18, 11, 6, 1, -1 ], [ 3, 11, 19, 13, 7, 1 ], 
      [ -1, 6, 13, 21, 14, 5 ], [ -5, 1, 7, 14, 21, 9 ], [ -3, -1, 1, 5, 9, 11 ] ],
  ListInequalities := [ [ 0, 0, 0, 0, 0, 0, 0, -1, 1, -1, 0, 0, 0, 0, 0, 0, 0, 0, 0, 0, 0 ], 
      [ 0, 0, 0, 0, 0, 0, 0, 0, 1, -1, 1, 0, 0, 0, 0, 0, 0, 0, 0, 0, 0 ], 
      [ 0, 0, 0, 0, 0, 0, 0, 0, 1, 0, -1, 0, 0, 0, 0, 0, 0, 0, 0, 0, 0 ], 
      [ 0, 0, 0, 0, 0, 0, 1, -1, 0, 1, 0, 0, 0, 0, 0, 0, 0, 0, 0, 0, 0 ], 
      [ 0, 0, 0, 0, 0, 0, 0, 0, 0, 0, 1, 0, 0, 0, 0, 0, 0, 0, 0, -1, 1 ], 
      [ 0, 0, 0, 0, 1, 0, 0, 0, 0, 1, -1, 0, 0, 0, 0, 0, 0, 0, -1, 1, -1 ], 
      [ 0, 1, 0, 0, 0, 0, -1, 1, 0, 0, 0, -1, 0, 0, 0, 0, 0, 0, 0, 0, 0 ], 
      [ 0, 0, 0, 0, 0, 0, 0, 0, 0, 0, -1, 0, 0, 0, 1, 0, 0, -1, 0, 0, 0 ], 
      [ 0, 0, 0, 0, 0, 0, 0, 0, 0, 1, 0, 0, 0, -1, 0, 0, 1, 0, 0, 0, 0 ], 
      [ 0, 0, 0, 0, 0, 1, 0, 0, 0, 0, 1, 0, 0, 0, -1, 0, 0, 1, 0, 0, -1 ], 
      [ 0, 0, 0, 0, 0, 0, 0, -1, 1, 0, 0, 1, -1, 0, 0, 0, 0, 0, 0, 0, 0 ], 
      [ 0, 0, 0, 0, 0, 0, 0, 0, 0, 0, 0, 0, 0, 0, 0, 0, 0, 1, 0, 0, 0 ], 
      [ 0, 0, 0, 1, 0, 0, 0, 0, 0, 0, 0, 0, 0, 0, 0, -1, 1, 0, -1, 0, 0 ] ],
  ListInformations := 
   [ [ [ 1, [ 74, 121 ] ], [ 1, [ 74, 121 ] ], [ 126, [ 6, 53 ] ], [ 126, [ 6, 53 ] ], [ 126, [ 6, 53 ] ], 
          [ 1, [ 74, 121 ] ] ], [ [ 119, [ 6, 68 ] ], [ 119, [ 6, 68 ] ], [ 8, [ 59, 121 ] ], [ 8, [ 59, 121 ] ],
          [ 8, [ 59, 121 ] ], [ 119, [ 6, 68 ] ] ], 
      [ [ 118, [ 6, 69 ] ], [ 118, [ 6, 69 ] ], [ 9, [ 58, 121 ] ], [ 9, [ 58, 121 ] ], [ 9, [ 58, 121 ] ], 
          [ 118, [ 6, 69 ] ] ], 
      [ [ 107, [ 6, 82 ] ], [ 107, [ 6, 82 ] ], [ 20, [ 45, 121 ] ], [ 20, [ 45, 121 ] ], [ 20, [ 45, 121 ] ], 
          [ 107, [ 6, 82 ] ] ], [ [ 119, [ 7, 64 ] ], [ 119, [ 7, 64 ] ], [ 8, [ 63, 120 ] ], [ 8, [ 63, 120 ] ],
          [ 8, [ 63, 120 ] ], [ 119, [ 7, 64 ] ] ], 
      [ [ 118, [ 7, 65 ] ], [ 118, [ 7, 65 ] ], [ 9, [ 62, 120 ] ], [ 9, [ 62, 120 ] ], [ 9, [ 62, 120 ] ], 
          [ 118, [ 7, 65 ] ] ], 
      [ [ 16, [ 79, 95 ] ], [ 16, [ 79, 95 ] ], [ 111, [ 32, 48 ] ], [ 111, [ 32, 48 ] ], [ 111, [ 32, 48 ] ], 
          [ 16, [ 79, 95 ] ] ], [ [ 17, [ 64, 109 ] ], [ 17, [ 64, 109 ] ], [ 110, [ 18, 63 ] ], 
          [ 110, [ 18, 63 ] ], [ 110, [ 18, 63 ] ], [ 17, [ 64, 109 ] ] ], 
      [ [ 107, [ 18, 66 ] ], [ 107, [ 18, 66 ] ], [ 20, [ 61, 109 ] ], [ 20, [ 61, 109 ] ], [ 20, [ 61, 109 ] ], 
          [ 107, [ 18, 66 ] ] ], [ [ 107, [ 19, 64 ] ], [ 107, [ 19, 64 ] ], [ 20, [ 63, 108 ] ], 
          [ 20, [ 63, 108 ] ], [ 20, [ 63, 108 ] ], [ 107, [ 19, 64 ] ] ], 
      [ [ 24, [ 71, 95 ] ], [ 24, [ 71, 95 ] ], [ 103, [ 32, 56 ] ], [ 103, [ 32, 56 ] ], [ 103, [ 32, 56 ] ], 
          [ 24, [ 71, 95 ] ] ], [ [ 77, [ 49, 64 ] ], [ 77, [ 49, 64 ] ], [ 50, [ 63, 78 ] ], [ 50, [ 63, 78 ] ],
          [ 50, [ 63, 78 ] ], [ 77, [ 49, 64 ] ] ], 
      [ [ 52, [ 67, 71 ] ], [ 52, [ 67, 71 ] ], [ 75, [ 56, 60 ] ], [ 75, [ 56, 60 ] ], [ 75, [ 56, 60 ] ], 
          [ 52, [ 67, 71 ] ] ] ],
  Status := "NO",
  TheCtype := [ [ -1, 0, -1, 1, -1, 0 ], [ -1, 0, 0, -1, 0, 0 ], [ -1, 0, 0, 0, -1, 0 ], [ -1, 0, 0, 0, -1, 1 ], 
      [ -1, 0, 0, 0, 0, -1 ], [ -1, 0, 0, 0, 0, 0 ], [ -1, 0, 0, 1, -1, 0 ], [ -1, 0, 0, 1, -1, 1 ], 
      [ -1, 0, 0, 1, 0, -1 ], [ -1, 0, 1, -1, 0, 0 ], [ -1, 0, 1, -1, 0, 1 ], [ -1, 0, 1, -1, 1, -1 ], 
      [ -1, 0, 1, 0, -1, 0 ], [ -1, 0, 1, 0, -1, 1 ], [ -1, 0, 1, 0, 0, -1 ], [ -1, 0, 1, 0, 0, 0 ], 
      [ -1, 1, -1, 0, 0, -1 ], [ -1, 1, -1, 0, 0, 0 ], [ -1, 1, -1, 0, 1, -1 ], [ -1, 1, -1, 0, 1, 0 ], 
      [ -1, 1, -1, 1, -1, 0 ], [ -1, 1, -1, 1, -1, 1 ], [ -1, 1, -1, 1, 0, -1 ], [ -1, 1, -1, 1, 0, 0 ], 
      [ -1, 1, 0, -1, 0, 0 ], [ -1, 1, 0, -1, 0, 1 ], [ -1, 1, 0, -1, 1, -1 ], [ -1, 1, 0, -1, 1, 0 ], 
      [ -1, 1, 0, 0, -1, 0 ], [ -1, 1, 0, 0, -1, 1 ], [ -1, 1, 0, 0, 0, -1 ], [ -1, 1, 0, 0, 0, 0 ], 
      [ 0, -1, 0, 0, 0, -1 ], [ 0, -1, 0, 0, 0, 0 ], [ 0, -1, 0, 0, 1, -1 ], [ 0, -1, 0, 0, 1, 0 ], 
      [ 0, -1, 0, 1, -1, 0 ], [ 0, -1, 0, 1, -1, 1 ], [ 0, -1, 0, 1, 0, -1 ], [ 0, -1, 0, 1, 0, 0 ], 
      [ 0, -1, 1, -1, 0, 0 ], [ 0, -1, 1, -1, 0, 1 ], [ 0, -1, 1, -1, 1, -1 ], [ 0, -1, 1, -1, 1, 0 ], 
      [ 0, -1, 1, 0, -1, 0 ], [ 0, -1, 1, 0, -1, 1 ], [ 0, -1, 1, 0, 0, -1 ], [ 0, -1, 1, 0, 0, 0 ], 
      [ 0, 0, -1, 0, 0, 0 ], [ 0, 0, -1, 0, 0, 1 ], [ 0, 0, -1, 0, 1, -1 ], [ 0, 0, -1, 0, 1, 0 ], 
      [ 0, 0, -1, 1, -1, 0 ], [ 0, 0, -1, 1, -1, 1 ], [ 0, 0, -1, 1, 0, -1 ], [ 0, 0, -1, 1, 0, 0 ], 
      [ 0, 0, 0, -1, 0, 0 ], [ 0, 0, 0, -1, 0, 1 ], [ 0, 0, 0, -1, 1, -1 ], [ 0, 0, 0, -1, 1, 0 ], 
      [ 0, 0, 0, 0, -1, 0 ], [ 0, 0, 0, 0, -1, 1 ], [ 0, 0, 0, 0, 0, -1 ], [ 0, 0, 0, 0, 0, 1 ], 
      [ 0, 0, 0, 0, 1, -1 ], [ 0, 0, 0, 0, 1, 0 ], [ 0, 0, 0, 1, -1, 0 ], [ 0, 0, 0, 1, -1, 1 ], 
      [ 0, 0, 0, 1, 0, -1 ], [ 0, 0, 0, 1, 0, 0 ], [ 0, 0, 1, -1, 0, 0 ], [ 0, 0, 1, -1, 0, 1 ], 
      [ 0, 0, 1, -1, 1, -1 ], [ 0, 0, 1, -1, 1, 0 ], [ 0, 0, 1, 0, -1, 0 ], [ 0, 0, 1, 0, -1, 1 ], 
      [ 0, 0, 1, 0, 0, -1 ], [ 0, 0, 1, 0, 0, 0 ], [ 0, 1, -1, 0, 0, 0 ], [ 0, 1, -1, 0, 0, 1 ], 
      [ 0, 1, -1, 0, 1, -1 ], [ 0, 1, -1, 0, 1, 0 ], [ 0, 1, -1, 1, -1, 0 ], [ 0, 1, -1, 1, -1, 1 ], 
      [ 0, 1, -1, 1, 0, -1 ], [ 0, 1, -1, 1, 0, 0 ], [ 0, 1, 0, -1, 0, 0 ], [ 0, 1, 0, -1, 0, 1 ], 
      [ 0, 1, 0, -1, 1, -1 ], [ 0, 1, 0, -1, 1, 0 ], [ 0, 1, 0, 0, -1, 0 ], [ 0, 1, 0, 0, -1, 1 ], 
      [ 0, 1, 0, 0, 0, 0 ], [ 0, 1, 0, 0, 0, 1 ], [ 1, -1, 0, 0, 0, 0 ], [ 1, -1, 0, 0, 0, 1 ], 
      [ 1, -1, 0, 0, 1, -1 ], [ 1, -1, 0, 0, 1, 0 ], [ 1, -1, 0, 1, -1, 0 ], [ 1, -1, 0, 1, -1, 1 ], 
      [ 1, -1, 0, 1, 0, -1 ], [ 1, -1, 0, 1, 0, 0 ], [ 1, -1, 1, -1, 0, 0 ], [ 1, -1, 1, -1, 0, 1 ], 
      [ 1, -1, 1, -1, 1, -1 ], [ 1, -1, 1, -1, 1, 0 ], [ 1, -1, 1, 0, -1, 0 ], [ 1, -1, 1, 0, -1, 1 ], 
      [ 1, -1, 1, 0, 0, 0 ], [ 1, -1, 1, 0, 0, 1 ], [ 1, 0, -1, 0, 0, 0 ], [ 1, 0, -1, 0, 0, 1 ], 
      [ 1, 0, -1, 0, 1, -1 ], [ 1, 0, -1, 0, 1, 0 ], [ 1, 0, -1, 1, -1, 1 ], [ 1, 0, -1, 1, 0, -1 ], 
      [ 1, 0, -1, 1, 0, 0 ], [ 1, 0, 0, -1, 0, 1 ], [ 1, 0, 0, -1, 1, -1 ], [ 1, 0, 0, -1, 1, 0 ], 
      [ 1, 0, 0, 0, 0, 0 ], [ 1, 0, 0, 0, 0, 1 ], [ 1, 0, 0, 0, 1, -1 ], [ 1, 0, 0, 0, 1, 0 ], 
      [ 1, 0, 0, 1, 0, 0 ], [ 1, 0, 1, -1, 1, 0 ] ],
  eInvariant := rec(
      nbFac := 25,
      nbIneq := 915 ) );
