return rec(
  CharMat := [ [ 23, 13, 4, 1, -4, -9 ], [ 13, 27, 17, 13, 7, 1 ], [ 4, 17, 28, 23, 16, 9 ], 
      [ 1, 13, 23, 29, 20, 11 ], [ -4, 7, 16, 20, 28, 18 ], [ -9, 1, 9, 11, 18, 25 ] ],
  ListInequalities := [ [ 0, 0, 0, 1, 0, 0, 0, -1, 1, 0, 0, 0, 0, 0, 0, -1, 1, -1, -1, 1, 0 ], 
      [ 0, 0, 0, 0, 0, 0, 0, -1, 0, 1, 0, 0, 0, 0, 0, 0, 0, -1, 0, 0, 1 ], 
      [ 0, 0, 0, 0, 0, 0, 0, -1, 0, 1, -1, 0, 0, 0, 0, 0, 0, 0, 0, 0, 0 ], 
      [ 0, 0, 0, 0, 0, 0, 0, 1, -1, 0, 0, 0, 0, 0, 0, 0, 0, 1, 0, -1, 0 ], 
      [ 0, 0, 0, 0, 0, 0, 1, -1, 0, 0, 0, 0, 0, 0, 1, 0, 0, -1, 0, 0, 0 ], 
      [ 0, 0, 0, 0, 0, 0, 0, 0, 1, 0, 0, 0, 0, 0, 0, 0, 0, 0, 0, 0, 0 ], 
      [ 1, 0, 0, 0, 0, 0, -1, 0, 0, 0, 1, 0, 0, 0, 0, 0, 0, 0, 0, 0, 0 ], 
      [ 0, 1, 0, 0, 0, 0, -1, 1, 0, 0, 0, -1, 0, 0, 0, 0, 0, 0, 0, 0, 0 ], 
      [ 0, 0, 0, 0, 0, 0, 0, 0, 0, 0, -1, 0, 0, 0, 1, 0, 0, -1, 0, 0, 0 ], 
      [ 0, 0, 0, 0, 0, 0, 0, -1, 1, 0, 0, 1, -1, 0, 0, 0, 0, 0, 0, 0, 0 ], 
      [ 0, 0, 0, 0, 0, 0, 0, 0, 0, 0, 1, 0, 0, 0, -1, 0, 0, 0, 0, 1, 0 ], 
      [ 0, 0, 0, 0, 0, 0, 0, 0, -1, 1, 0, 0, 1, -1, 0, 0, 0, 0, 0, 0, 0 ], 
      [ 0, 0, 0, 0, 0, 0, 0, 0, 0, 0, 0, 0, 0, 0, 1, 0, 0, 0, 0, 0, 0 ], 
      [ 0, 0, 1, 0, 0, 0, 0, 0, 0, 0, 0, -1, 1, 0, 0, -1, 0, 0, 0, 0, 0 ], 
      [ 0, 0, 0, 0, 0, 0, 0, 0, 0, 0, 0, 0, -1, 1, 0, 1, -1, 0, 0, 0, 0 ], 
      [ 0, 0, 0, 0, 1, 0, 0, 0, 0, 0, 0, 0, 0, 0, 0, 0, 0, 0, -1, 1, -1 ] ],
  ListInformations := 
   [ [ [ 1, [ 71, 124 ] ], [ 1, [ 71, 124 ] ], [ 126, [ 3, 56 ] ], [ 126, [ 3, 56 ] ], [ 126, [ 3, 56 ] ], 
          [ 1, [ 71, 124 ] ] ], [ [ 1, [ 75, 122 ] ], [ 1, [ 75, 122 ] ], [ 126, [ 5, 52 ] ], [ 126, [ 5, 52 ] ],
          [ 126, [ 5, 52 ] ], [ 1, [ 75, 122 ] ] ], 
      [ [ 1, [ 76, 121 ] ], [ 1, [ 76, 121 ] ], [ 126, [ 6, 51 ] ], [ 126, [ 6, 51 ] ], [ 126, [ 6, 51 ] ], 
          [ 1, [ 76, 121 ] ] ], 
      [ [ 116, [ 5, 71 ] ], [ 116, [ 5, 71 ] ], [ 11, [ 56, 122 ] ], [ 11, [ 56, 122 ] ], [ 11, [ 56, 122 ] ], 
          [ 116, [ 5, 71 ] ] ], 
      [ [ 110, [ 5, 79 ] ], [ 110, [ 5, 79 ] ], [ 17, [ 48, 122 ] ], [ 17, [ 48, 122 ] ], [ 17, [ 48, 122 ] ], 
          [ 110, [ 5, 79 ] ] ], 
      [ [ 117, [ 6, 70 ] ], [ 117, [ 6, 70 ] ], [ 10, [ 57, 121 ] ], [ 10, [ 57, 121 ] ], [ 10, [ 57, 121 ] ], 
          [ 117, [ 6, 70 ] ] ], [ [ 93, [ 96, 6 ] ], [ 93, [ 96, 6 ] ], [ 34, [ 121, 31 ] ], [ 34, [ 121, 31 ] ],
          [ 34, [ 121, 31 ] ], [ 93, [ 96, 6 ] ] ], 
      [ [ 16, [ 79, 95 ] ], [ 16, [ 79, 95 ] ], [ 111, [ 32, 48 ] ], [ 111, [ 32, 48 ] ], [ 111, [ 32, 48 ] ], 
          [ 16, [ 79, 95 ] ] ], [ [ 17, [ 64, 109 ] ], [ 17, [ 64, 109 ] ], [ 110, [ 18, 63 ] ], 
          [ 110, [ 18, 63 ] ], [ 110, [ 18, 63 ] ], [ 17, [ 64, 109 ] ] ], 
      [ [ 24, [ 71, 95 ] ], [ 24, [ 71, 95 ] ], [ 103, [ 32, 56 ] ], [ 103, [ 32, 56 ] ], [ 103, [ 32, 56 ] ], 
          [ 24, [ 71, 95 ] ] ], [ [ 101, [ 25, 64 ] ], [ 101, [ 25, 64 ] ], [ 26, [ 63, 102 ] ], 
          [ 26, [ 63, 102 ] ], [ 26, [ 63, 102 ] ], [ 101, [ 25, 64 ] ] ], 
      [ [ 28, [ 67, 95 ] ], [ 28, [ 67, 95 ] ], [ 99, [ 32, 60 ] ], [ 99, [ 32, 60 ] ], [ 99, [ 32, 60 ] ], 
          [ 28, [ 67, 95 ] ] ], [ [ 93, [ 33, 64 ] ], [ 93, [ 33, 64 ] ], [ 34, [ 63, 94 ] ], [ 34, [ 63, 94 ] ],
          [ 34, [ 63, 94 ] ], [ 93, [ 33, 64 ] ] ], 
      [ [ 40, [ 71, 79 ] ], [ 40, [ 71, 79 ] ], [ 87, [ 48, 56 ] ], [ 87, [ 48, 56 ] ], [ 87, [ 48, 56 ] ], 
          [ 40, [ 71, 79 ] ] ], [ [ 44, [ 67, 79 ] ], [ 44, [ 67, 79 ] ], [ 83, [ 48, 60 ] ], [ 83, [ 48, 60 ] ],
          [ 83, [ 48, 60 ] ], [ 44, [ 67, 79 ] ] ], 
      [ [ 58, [ 65, 67 ] ], [ 58, [ 65, 67 ] ], [ 69, [ 60, 62 ] ], [ 69, [ 60, 62 ] ], [ 69, [ 60, 62 ] ], 
          [ 58, [ 65, 67 ] ] ] ],
  Status := "NO",
  TheCtype := [ [ -1, 0, -1, 0, 1, -1 ], [ -1, 0, -1, 1, -1, 0 ], [ -1, 0, 0, -1, 1, -1 ], 
      [ -1, 0, 0, 0, -1, 0 ], [ -1, 0, 0, 0, 0, -1 ], [ -1, 0, 0, 0, 0, 0 ], [ -1, 0, 0, 0, 1, -1 ], 
      [ -1, 0, 0, 1, -1, 0 ], [ -1, 0, 0, 1, 0, -1 ], [ -1, 0, 0, 1, 0, 0 ], [ -1, 0, 1, -1, 0, -1 ], 
      [ -1, 0, 1, -1, 0, 0 ], [ -1, 0, 1, -1, 1, -1 ], [ -1, 0, 1, 0, -1, 0 ], [ -1, 0, 1, 0, 0, -1 ], 
      [ -1, 0, 1, 0, 0, 0 ], [ -1, 1, -1, 0, 0, -1 ], [ -1, 1, -1, 0, 0, 0 ], [ -1, 1, -1, 0, 1, -1 ], 
      [ -1, 1, -1, 0, 1, 0 ], [ -1, 1, -1, 1, -1, 0 ], [ -1, 1, -1, 1, -1, 1 ], [ -1, 1, -1, 1, 0, -1 ], 
      [ -1, 1, -1, 1, 0, 0 ], [ -1, 1, 0, -1, 0, 0 ], [ -1, 1, 0, -1, 0, 1 ], [ -1, 1, 0, -1, 1, -1 ], 
      [ -1, 1, 0, -1, 1, 0 ], [ -1, 1, 0, 0, -1, 0 ], [ -1, 1, 0, 0, -1, 1 ], [ -1, 1, 0, 0, 0, -1 ], 
      [ -1, 1, 0, 0, 0, 0 ], [ 0, -1, 0, 0, 0, 0 ], [ 0, -1, 0, 0, 0, 1 ], [ 0, -1, 0, 0, 1, -1 ], 
      [ 0, -1, 0, 0, 1, 0 ], [ 0, -1, 0, 1, -1, 0 ], [ 0, -1, 0, 1, -1, 1 ], [ 0, -1, 0, 1, 0, -1 ], 
      [ 0, -1, 0, 1, 0, 0 ], [ 0, -1, 1, -1, 0, 0 ], [ 0, -1, 1, -1, 0, 1 ], [ 0, -1, 1, -1, 1, -1 ], 
      [ 0, -1, 1, -1, 1, 0 ], [ 0, -1, 1, 0, -1, 0 ], [ 0, -1, 1, 0, -1, 1 ], [ 0, -1, 1, 0, 0, -1 ], 
      [ 0, -1, 1, 0, 0, 0 ], [ 0, 0, -1, 0, 0, 0 ], [ 0, 0, -1, 0, 0, 1 ], [ 0, 0, -1, 0, 1, -1 ], 
      [ 0, 0, -1, 0, 1, 0 ], [ 0, 0, -1, 1, -1, 0 ], [ 0, 0, -1, 1, -1, 1 ], [ 0, 0, -1, 1, 0, -1 ], 
      [ 0, 0, -1, 1, 0, 0 ], [ 0, 0, 0, -1, 0, 0 ], [ 0, 0, 0, -1, 0, 1 ], [ 0, 0, 0, -1, 1, -1 ], 
      [ 0, 0, 0, -1, 1, 0 ], [ 0, 0, 0, 0, -1, 0 ], [ 0, 0, 0, 0, -1, 1 ], [ 0, 0, 0, 0, 0, -1 ], 
      [ 0, 0, 0, 0, 0, 1 ], [ 0, 0, 0, 0, 1, -1 ], [ 0, 0, 0, 0, 1, 0 ], [ 0, 0, 0, 1, -1, 0 ], 
      [ 0, 0, 0, 1, -1, 1 ], [ 0, 0, 0, 1, 0, -1 ], [ 0, 0, 0, 1, 0, 0 ], [ 0, 0, 1, -1, 0, 0 ], 
      [ 0, 0, 1, -1, 0, 1 ], [ 0, 0, 1, -1, 1, -1 ], [ 0, 0, 1, -1, 1, 0 ], [ 0, 0, 1, 0, -1, 0 ], 
      [ 0, 0, 1, 0, -1, 1 ], [ 0, 0, 1, 0, 0, -1 ], [ 0, 0, 1, 0, 0, 0 ], [ 0, 1, -1, 0, 0, 0 ], 
      [ 0, 1, -1, 0, 0, 1 ], [ 0, 1, -1, 0, 1, -1 ], [ 0, 1, -1, 0, 1, 0 ], [ 0, 1, -1, 1, -1, 0 ], 
      [ 0, 1, -1, 1, -1, 1 ], [ 0, 1, -1, 1, 0, -1 ], [ 0, 1, -1, 1, 0, 0 ], [ 0, 1, 0, -1, 0, 0 ], 
      [ 0, 1, 0, -1, 0, 1 ], [ 0, 1, 0, -1, 1, -1 ], [ 0, 1, 0, -1, 1, 0 ], [ 0, 1, 0, 0, -1, 0 ], 
      [ 0, 1, 0, 0, -1, 1 ], [ 0, 1, 0, 0, 0, -1 ], [ 0, 1, 0, 0, 0, 0 ], [ 1, -1, 0, 0, 0, 0 ], 
      [ 1, -1, 0, 0, 0, 1 ], [ 1, -1, 0, 0, 1, -1 ], [ 1, -1, 0, 0, 1, 0 ], [ 1, -1, 0, 1, -1, 0 ], 
      [ 1, -1, 0, 1, -1, 1 ], [ 1, -1, 0, 1, 0, -1 ], [ 1, -1, 0, 1, 0, 0 ], [ 1, -1, 1, -1, 0, 0 ], 
      [ 1, -1, 1, -1, 0, 1 ], [ 1, -1, 1, -1, 1, -1 ], [ 1, -1, 1, -1, 1, 0 ], [ 1, -1, 1, 0, -1, 0 ], 
      [ 1, -1, 1, 0, -1, 1 ], [ 1, -1, 1, 0, 0, 0 ], [ 1, -1, 1, 0, 0, 1 ], [ 1, 0, -1, 0, 0, 0 ], 
      [ 1, 0, -1, 0, 0, 1 ], [ 1, 0, -1, 0, 1, 0 ], [ 1, 0, -1, 1, -1, 1 ], [ 1, 0, -1, 1, 0, 0 ], 
      [ 1, 0, -1, 1, 0, 1 ], [ 1, 0, 0, -1, 0, 0 ], [ 1, 0, 0, -1, 0, 1 ], [ 1, 0, 0, -1, 1, 0 ], 
      [ 1, 0, 0, 0, -1, 1 ], [ 1, 0, 0, 0, 0, 0 ], [ 1, 0, 0, 0, 0, 1 ], [ 1, 0, 0, 0, 1, 0 ], 
      [ 1, 0, 0, 1, -1, 1 ], [ 1, 0, 1, -1, 1, 0 ], [ 1, 0, 1, 0, -1, 1 ] ],
  eInvariant := rec(
      nbFac := 21,
      nbIneq := 915 ) );
