return rec(
  CharMat := [ [ 15, 9, 3, -1, -4, -5 ], [ 9, 20, 13, 6, 5, 1 ], [ 3, 13, 23, 15, 12, 7 ], 
      [ -1, 6, 15, 22, 16, 10 ], [ -4, 5, 12, 16, 23, 14 ], [ -5, 1, 7, 10, 14, 16 ] ],
  ListInequalities := [ [ 0, 0, 0, 0, 0, 0, 0, 0, -1, 0, 0, 0, 0, 0, 0, 0, 0, 0, 0, 0, 0 ], 
      [ 0, 0, 0, 0, 0, 0, 0, 0, -1, 1, 0, 0, 0, 0, 0, 0, 0, 0, 0, -1, 1 ], 
      [ 0, 0, 0, 0, 0, 1, 0, 0, 0, -1, 1, 0, 0, 0, 0, 0, 0, 0, 0, 0, -1 ], 
      [ 0, 0, 0, 0, 0, 0, 0, 1, -1, 0, 0, 0, 0, 0, 0, 0, 0, 1, 0, -1, 0 ], 
      [ 0, 0, 0, 0, 0, 0, 0, 0, 0, 1, -1, 0, 0, 0, 0, 0, 0, 0, 0, 0, 0 ], 
      [ 0, 0, 0, 0, 0, 0, 0, 1, 0, -1, 1, 0, 0, 0, 0, 0, 0, 0, 0, 0, 0 ], 
      [ 0, 0, 0, 0, 0, 0, 1, -1, 0, 0, 1, 0, 0, 0, 0, 0, 0, 0, 0, 0, 0 ], 
      [ 1, 0, 0, 0, 0, 0, -1, 0, 0, 0, 1, 0, 0, 0, 0, 0, 0, 0, 0, 0, 0 ], 
      [ 0, 0, 0, 0, 0, 0, 0, 0, 0, 0, -1, 0, 0, 0, 0, 0, 0, 1, 0, -1, 0 ], 
      [ 0, 0, 0, 1, 0, 0, 0, 0, 1, -1, 1, 0, 0, 0, 0, -1, 1, -1, -1, 1, 0 ], 
      [ 0, 0, 0, 0, 0, 0, 0, 0, 0, 0, 1, 0, 0, 0, 0, 0, 0, -1, 0, 0, 1 ], 
      [ 0, 1, 0, 0, 0, 0, -1, 1, 0, 0, 0, -1, 0, 0, 0, 0, 0, 0, 0, 0, 0 ], 
      [ 0, 0, 0, 0, 0, 0, 0, 0, 0, 0, 1, 0, 0, 0, -1, 0, 0, 1, 0, 0, 0 ], 
      [ 0, 0, 0, 1, 0, 0, 0, 0, -1, 1, 0, 0, 1, -1, 0, -1, 1, 0, -1, 0, 0 ], 
      [ 0, 0, 0, 0, 0, 0, 0, -1, 0, 1, 0, 1, 0, -1, 0, 0, 0, 0, 0, 0, 0 ], 
      [ 0, -1, 0, 0, 0, 0, 1, 0, 0, 0, 0, 1, -1, 1, 0, 0, 0, 0, 0, 0, 0 ], 
      [ 0, 0, 0, 0, 1, 0, 0, 0, -1, 1, 0, 0, 1, -1, 0, 0, 0, 0, -1, 1, -1 ], 
      [ 0, 0, 0, 0, 0, 0, 0, 0, -1, 0, 1, 0, 1, 0, -1, 0, 0, 0, 0, 0, 0 ], 
      [ 0, -1, 0, 0, 0, 0, 1, -1, 1, 0, 0, 1, -1, 1, 0, 0, -1, 0, 1, 0, 0 ], 
      [ 0, -1, 0, 0, 0, 1, 1, -1, 1, -1, 1, 1, -1, 1, 0, 0, 0, -1, 0, 1, -1 ], 
      [ 0, -1, 0, 0, 0, 0, 1, -1, 1, -1, 0, 1, -1, 1, 0, 0, 0, 0, 0, 0, 0 ], 
      [ 0, -1, 0, 0, 0, 0, 1, -1, 0, 0, 0, 1, -1, 1, 0, 1, -1, 0, 0, 0, 0 ], 
      [ 0, 0, 0, 0, 0, 0, 0, 0, 0, 0, 0, 0, 0, 0, 1, 0, 0, 0, 0, 0, 0 ], 
      [ 0, 0, 0, 0, 0, 0, 0, 0, 0, 0, 0, 0, 1, -1, 0, 0, 0, 0, 0, 0, 0 ], 
      [ 0, 0, 1, 0, 0, 0, 0, 0, 0, 0, 0, -1, 1, 0, 0, -1, 0, 0, 0, 0, 0 ], 
      [ 0, 0, 0, 0, 0, 0, 0, 0, 0, 0, 0, 0, 0, -1, 1, 0, 1, -1, 0, 0, 0 ], 
      [ 0, 0, 0, 0, 0, 0, 0, 0, 0, 0, 0, 0, 0, 0, 0, 0, -1, 1, 1, -1, 0 ], 
      [ 0, 0, 0, 0, 0, 0, 0, 0, 0, 0, 0, 0, 0, 0, 0, 0, 0, -1, 0, 1, 0 ] ],
  ListInformations := 
   [ [ [ 1, [ 70, 122 ] ], [ 1, [ 70, 122 ] ], [ 126, [ 5, 57 ] ], [ 126, [ 5, 57 ] ], [ 126, [ 5, 57 ] ], 
          [ 1, [ 70, 122 ] ] ], 
      [ [ 2, [ 67, 123 ] ], [ 2, [ 67, 123 ] ], [ 125, [ 4, 60 ] ], [ 125, [ 4, 60 ] ], [ 125, [ 4, 60 ] ], 
          [ 2, [ 67, 123 ] ] ], 
      [ [ 3, [ 65, 123 ] ], [ 3, [ 65, 123 ] ], [ 124, [ 4, 62 ] ], [ 124, [ 4, 62 ] ], [ 124, [ 4, 62 ] ], 
          [ 3, [ 65, 123 ] ] ], 
      [ [ 118, [ 4, 71 ] ], [ 118, [ 4, 71 ] ], [ 9, [ 56, 123 ] ], [ 9, [ 56, 123 ] ], [ 9, [ 56, 123 ] ], 
          [ 118, [ 4, 71 ] ] ], 
      [ [ 121, [ 5, 65 ] ], [ 121, [ 5, 65 ] ], [ 6, [ 62, 122 ] ], [ 6, [ 62, 122 ] ], [ 6, [ 62, 122 ] ], 
          [ 121, [ 5, 65 ] ] ], 
      [ [ 114, [ 5, 76 ] ], [ 114, [ 5, 76 ] ], [ 13, [ 51, 122 ] ], [ 13, [ 51, 122 ] ], [ 13, [ 51, 122 ] ], 
          [ 114, [ 5, 76 ] ] ], 
      [ [ 110, [ 5, 80 ] ], [ 110, [ 5, 80 ] ], [ 17, [ 47, 122 ] ], [ 17, [ 47, 122 ] ], [ 17, [ 47, 122 ] ], 
          [ 110, [ 5, 80 ] ] ], 
      [ [ 93, [ 98, 5 ] ], [ 93, [ 98, 5 ] ], [ 34, [ 122, 29 ] ], [ 34, [ 122, 29 ] ], [ 34, [ 122, 29 ] ], 
          [ 93, [ 98, 5 ] ] ], 
      [ [ 9, [ 64, 117 ] ], [ 9, [ 64, 117 ] ], [ 118, [ 10, 63 ] ], [ 118, [ 10, 63 ] ], [ 118, [ 10, 63 ] ], 
          [ 9, [ 64, 117 ] ] ], [ [ 114, [ 10, 68 ] ], [ 114, [ 10, 68 ] ], [ 13, [ 59, 117 ] ], 
          [ 13, [ 59, 117 ] ], [ 13, [ 59, 117 ] ], [ 114, [ 10, 68 ] ] ], 
      [ [ 114, [ 12, 64 ] ], [ 114, [ 12, 64 ] ], [ 13, [ 63, 115 ] ], [ 13, [ 63, 115 ] ], [ 13, [ 63, 115 ] ],
          [ 114, [ 12, 64 ] ] ], 
      [ [ 15, [ 79, 97 ] ], [ 15, [ 79, 97 ] ], [ 112, [ 30, 48 ] ], [ 112, [ 30, 48 ] ], [ 112, [ 30, 48 ] ], 
          [ 15, [ 79, 97 ] ] ], [ [ 110, [ 16, 64 ] ], [ 110, [ 16, 64 ] ], [ 17, [ 63, 111 ] ], 
          [ 17, [ 63, 111 ] ], [ 17, [ 63, 111 ] ], [ 110, [ 16, 64 ] ] ], 
      [ [ 19, [ 67, 104 ] ], [ 19, [ 67, 104 ] ], [ 108, [ 23, 60 ] ], [ 108, [ 23, 60 ] ], [ 108, [ 23, 60 ] ],
          [ 19, [ 67, 104 ] ] ], 
      [ [ 19, [ 75, 97 ] ], [ 19, [ 75, 97 ] ], [ 108, [ 30, 52 ] ], [ 108, [ 30, 52 ] ], [ 108, [ 30, 52 ] ], 
          [ 19, [ 75, 97 ] ] ], 
      [ [ 95, [ 20, 94 ] ], [ 95, [ 20, 94 ] ], [ 32, [ 33, 107 ] ], [ 32, [ 33, 107 ] ], [ 32, [ 33, 107 ] ], 
          [ 95, [ 20, 94 ] ] ], 
      [ [ 25, [ 67, 99 ] ], [ 25, [ 67, 99 ] ], [ 102, [ 28, 60 ] ], [ 102, [ 28, 60 ] ], [ 102, [ 28, 60 ] ], 
          [ 25, [ 67, 99 ] ] ], 
      [ [ 25, [ 69, 97 ] ], [ 25, [ 69, 97 ] ], [ 102, [ 30, 58 ] ], [ 102, [ 30, 58 ] ], [ 102, [ 30, 58 ] ], 
          [ 25, [ 69, 97 ] ] ], 
      [ [ 95, [ 27, 86 ] ], [ 95, [ 27, 86 ] ], [ 32, [ 41, 100 ] ], [ 32, [ 41, 100 ] ], [ 32, [ 41, 100 ] ], 
          [ 95, [ 27, 86 ] ] ], 
      [ [ 95, [ 29, 84 ] ], [ 95, [ 29, 84 ] ], [ 32, [ 43, 98 ] ], [ 32, [ 43, 98 ] ], [ 32, [ 43, 98 ] ], 
          [ 95, [ 29, 84 ] ] ], 
      [ [ 95, [ 30, 83 ] ], [ 95, [ 30, 83 ] ], [ 32, [ 44, 97 ] ], [ 32, [ 44, 97 ] ], [ 32, [ 44, 97 ] ], 
          [ 95, [ 30, 83 ] ] ], 
      [ [ 95, [ 31, 79 ] ], [ 95, [ 31, 79 ] ], [ 32, [ 48, 96 ] ], [ 32, [ 48, 96 ] ], [ 32, [ 48, 96 ] ], 
          [ 95, [ 31, 79 ] ] ], 
      [ [ 93, [ 33, 64 ] ], [ 93, [ 33, 64 ] ], [ 34, [ 63, 94 ] ], [ 34, [ 63, 94 ] ], [ 34, [ 63, 94 ] ], 
          [ 93, [ 33, 64 ] ] ], 
      [ [ 90, [ 33, 67 ] ], [ 90, [ 33, 67 ] ], [ 37, [ 60, 94 ] ], [ 37, [ 60, 94 ] ], [ 37, [ 60, 94 ] ], 
          [ 90, [ 33, 67 ] ] ], 
      [ [ 40, [ 71, 79 ] ], [ 40, [ 71, 79 ] ], [ 87, [ 48, 56 ] ], [ 87, [ 48, 56 ] ], [ 87, [ 48, 56 ] ], 
          [ 40, [ 71, 79 ] ] ], 
      [ [ 46, [ 65, 79 ] ], [ 46, [ 65, 79 ] ], [ 81, [ 48, 62 ] ], [ 81, [ 48, 62 ] ], [ 81, [ 48, 62 ] ], 
          [ 46, [ 65, 79 ] ] ], 
      [ [ 54, [ 65, 71 ] ], [ 54, [ 65, 71 ] ], [ 73, [ 56, 62 ] ], [ 73, [ 56, 62 ] ], [ 73, [ 56, 62 ] ], 
          [ 54, [ 65, 71 ] ] ], 
      [ [ 55, [ 64, 71 ] ], [ 55, [ 64, 71 ] ], [ 72, [ 56, 63 ] ], [ 72, [ 56, 63 ] ], [ 72, [ 56, 63 ] ], 
          [ 55, [ 64, 71 ] ] ] ],
  Status := "NO",
  TheCtype := [ [ -1, 0, 0, -1, 0, 0 ], [ -1, 0, 0, -1, 1, -1 ], [ -1, 0, 0, 0, -1, 0 ], [ -1, 0, 0, 0, 0, -1 ],
      [ -1, 0, 0, 0, 0, 0 ], [ -1, 0, 0, 0, 1, -1 ], [ -1, 0, 0, 1, -1, 0 ], [ -1, 0, 0, 1, 0, -1 ], 
      [ -1, 0, 1, -1, 0, -1 ], [ -1, 0, 1, -1, 0, 0 ], [ -1, 0, 1, -1, 1, -1 ], [ -1, 0, 1, 0, -1, 0 ], 
      [ -1, 0, 1, 0, -1, 1 ], [ -1, 0, 1, 0, 0, -1 ], [ -1, 0, 1, 0, 0, 0 ], [ -1, 1, -1, 0, 0, 0 ], 
      [ -1, 1, -1, 0, 0, 1 ], [ -1, 1, -1, 0, 1, -1 ], [ -1, 1, -1, 0, 1, 0 ], [ -1, 1, -1, 1, -1, 0 ], 
      [ -1, 1, -1, 1, -1, 1 ], [ -1, 1, -1, 1, 0, -1 ], [ -1, 1, -1, 1, 0, 0 ], [ -1, 1, 0, -1, 0, 0 ], 
      [ -1, 1, 0, -1, 0, 1 ], [ -1, 1, 0, -1, 1, -1 ], [ -1, 1, 0, 0, -1, 0 ], [ -1, 1, 0, 0, -1, 1 ], 
      [ -1, 1, 0, 0, 0, -1 ], [ -1, 1, 0, 0, 0, 0 ], [ -1, 1, 0, 1, -1, 0 ], [ -1, 2, -1, 1, -1, 0 ], 
      [ 0, -1, 0, 0, 0, 0 ], [ 0, -1, 0, 0, 0, 1 ], [ 0, -1, 0, 0, 1, -1 ], [ 0, -1, 0, 0, 1, 0 ], 
      [ 0, -1, 0, 1, -1, 0 ], [ 0, -1, 0, 1, -1, 1 ], [ 0, -1, 0, 1, 0, -1 ], [ 0, -1, 0, 1, 0, 0 ], 
      [ 0, -1, 1, -1, 0, 0 ], [ 0, -1, 1, -1, 0, 1 ], [ 0, -1, 1, -1, 1, -1 ], [ 0, -1, 1, -1, 1, 0 ], 
      [ 0, -1, 1, 0, -1, 0 ], [ 0, -1, 1, 0, -1, 1 ], [ 0, -1, 1, 0, 0, -1 ], [ 0, -1, 1, 0, 0, 0 ], 
      [ 0, 0, -1, 0, 0, 0 ], [ 0, 0, -1, 0, 0, 1 ], [ 0, 0, -1, 0, 1, -1 ], [ 0, 0, -1, 0, 1, 0 ], 
      [ 0, 0, -1, 1, -1, 0 ], [ 0, 0, -1, 1, -1, 1 ], [ 0, 0, -1, 1, 0, -1 ], [ 0, 0, -1, 1, 0, 0 ], 
      [ 0, 0, 0, -1, 0, 0 ], [ 0, 0, 0, -1, 0, 1 ], [ 0, 0, 0, -1, 1, -1 ], [ 0, 0, 0, -1, 1, 0 ], 
      [ 0, 0, 0, 0, -1, 0 ], [ 0, 0, 0, 0, -1, 1 ], [ 0, 0, 0, 0, 0, -1 ], [ 0, 0, 0, 0, 0, 1 ], 
      [ 0, 0, 0, 0, 1, -1 ], [ 0, 0, 0, 0, 1, 0 ], [ 0, 0, 0, 1, -1, 0 ], [ 0, 0, 0, 1, -1, 1 ], 
      [ 0, 0, 0, 1, 0, -1 ], [ 0, 0, 0, 1, 0, 0 ], [ 0, 0, 1, -1, 0, 0 ], [ 0, 0, 1, -1, 0, 1 ], 
      [ 0, 0, 1, -1, 1, -1 ], [ 0, 0, 1, -1, 1, 0 ], [ 0, 0, 1, 0, -1, 0 ], [ 0, 0, 1, 0, -1, 1 ], 
      [ 0, 0, 1, 0, 0, -1 ], [ 0, 0, 1, 0, 0, 0 ], [ 0, 1, -1, 0, 0, 0 ], [ 0, 1, -1, 0, 0, 1 ], 
      [ 0, 1, -1, 0, 1, -1 ], [ 0, 1, -1, 0, 1, 0 ], [ 0, 1, -1, 1, -1, 0 ], [ 0, 1, -1, 1, -1, 1 ], 
      [ 0, 1, -1, 1, 0, -1 ], [ 0, 1, -1, 1, 0, 0 ], [ 0, 1, 0, -1, 0, 0 ], [ 0, 1, 0, -1, 0, 1 ], 
      [ 0, 1, 0, -1, 1, -1 ], [ 0, 1, 0, -1, 1, 0 ], [ 0, 1, 0, 0, -1, 0 ], [ 0, 1, 0, 0, -1, 1 ], 
      [ 0, 1, 0, 0, 0, -1 ], [ 0, 1, 0, 0, 0, 0 ], [ 1, -2, 1, -1, 1, 0 ], [ 1, -1, 0, -1, 1, 0 ], 
      [ 1, -1, 0, 0, 0, 0 ], [ 1, -1, 0, 0, 0, 1 ], [ 1, -1, 0, 0, 1, -1 ], [ 1, -1, 0, 0, 1, 0 ], 
      [ 1, -1, 0, 1, -1, 1 ], [ 1, -1, 0, 1, 0, -1 ], [ 1, -1, 0, 1, 0, 0 ], [ 1, -1, 1, -1, 0, 0 ], 
      [ 1, -1, 1, -1, 0, 1 ], [ 1, -1, 1, -1, 1, -1 ], [ 1, -1, 1, -1, 1, 0 ], [ 1, -1, 1, 0, -1, 0 ], 
      [ 1, -1, 1, 0, -1, 1 ], [ 1, -1, 1, 0, 0, -1 ], [ 1, -1, 1, 0, 0, 0 ], [ 1, 0, -1, 0, 0, 0 ], 
      [ 1, 0, -1, 0, 0, 1 ], [ 1, 0, -1, 0, 1, -1 ], [ 1, 0, -1, 0, 1, 0 ], [ 1, 0, -1, 1, -1, 1 ], 
      [ 1, 0, -1, 1, 0, 0 ], [ 1, 0, -1, 1, 0, 1 ], [ 1, 0, 0, -1, 0, 1 ], [ 1, 0, 0, -1, 1, 0 ], 
      [ 1, 0, 0, 0, -1, 1 ], [ 1, 0, 0, 0, 0, 0 ], [ 1, 0, 0, 0, 0, 1 ], [ 1, 0, 0, 0, 1, 0 ], 
      [ 1, 0, 0, 1, -1, 1 ], [ 1, 0, 0, 1, 0, 0 ] ],
  eInvariant := rec(
      nbFac := 28,
      nbIneq := 924 ) );
