return rec(
  CharMat := [ [ 9, 6, 3, 0, -2, -1 ], [ 6, 13, 11, 7, 3, 2 ], [ 3, 11, 19, 14, 8, 5 ], [ 0, 7, 14, 21, 13, 8 ],
      [ -2, 3, 8, 13, 14, 7 ], [ -1, 2, 5, 8, 7, 9 ] ],
  ListInequalities := [ [ 0, 0, 0, 0, -1, 0, 0, 0, 1, -1, 0, 0, 0, 0, 0, 0, 0, 0, 1, 0, 0 ], 
      [ 0, 0, 0, 0, 0, 0, 0, 0, 0, -1, 1, 0, 0, 0, 0, 0, 0, 0, 0, 0, 0 ], 
      [ 0, 0, 0, 0, 0, 0, 0, 0, 0, 0, -1, 0, 0, 0, 0, 0, 0, 0, 0, 0, 0 ], 
      [ 0, 0, 0, 0, 0, 0, 0, 0, 1, 0, -1, 0, 0, 0, 0, 0, 0, 0, 0, 0, 0 ], 
      [ 0, 0, 0, 0, 0, 0, 0, 1, -1, 1, 0, 0, 0, 0, 0, 0, 0, 0, 0, 0, 0 ], 
      [ 0, 0, 0, 0, 0, 0, 1, -1, 0, 1, 0, 0, 0, 0, 0, 0, 0, 0, 0, 0, 0 ], 
      [ 0, 0, 0, 0, -1, 0, 0, 0, 0, -1, 0, 0, 0, 0, 0, 0, 0, 0, 1, 0, 0 ], 
      [ 0, 1, 1, 0, -1, 0, -1, 1, 0, -1, 0, -2, 1, 0, 0, -1, 0, 0, 1, 0, 0 ], 
      [ 0, 0, 0, 0, 1, 0, 0, 0, 0, 1, -1, 0, 0, 0, 0, 0, 0, 0, -1, 1, -1 ], 
      [ 0, 0, 0, 0, 0, 0, 0, 0, 0, 1, -1, 0, 0, 0, 0, 0, -1, 1, 1, -1, 0 ], 
      [ 0, 1, 0, 0, 0, 0, -1, 1, 0, 0, 0, -1, -1, 1, 0, 1, -1, 0, 0, 0, 0 ], 
      [ 0, 1, 0, 0, 0, 0, -1, 1, 0, 0, 0, -1, 0, 0, -1, 0, 0, 1, 0, 0, 0 ], 
      [ 0, 0, 0, 0, 0, 0, 0, 0, 0, 1, -1, 0, 0, -1, 1, 0, 1, -1, 0, 0, 0 ], 
      [ 0, 0, 0, 0, 0, 0, 0, -1, 1, 0, 0, 1, -1, 0, 0, 0, 0, 0, 0, 0, 0 ], 
      [ 0, -1, 0, 0, 0, 0, 1, -1, 0, 0, 0, 1, 0, 0, 0, 0, 0, 0, 0, 0, 0 ] ],
  ListInformations := 
   [ [ [ 122, [ 1, 68 ] ], [ 122, [ 1, 68 ] ], [ 5, [ 59, 126 ] ], [ 5, [ 59, 126 ] ], [ 5, [ 59, 126 ] ], 
          [ 122, [ 1, 68 ] ] ], 
      [ [ 2, [ 65, 123 ] ], [ 2, [ 65, 123 ] ], [ 125, [ 4, 62 ] ], [ 125, [ 4, 62 ] ], [ 125, [ 4, 62 ] ], 
          [ 2, [ 65, 123 ] ] ], 
      [ [ 3, [ 64, 123 ] ], [ 3, [ 64, 123 ] ], [ 124, [ 4, 63 ] ], [ 124, [ 4, 63 ] ], [ 124, [ 4, 63 ] ], 
          [ 3, [ 64, 123 ] ] ], 
      [ [ 119, [ 4, 69 ] ], [ 119, [ 4, 69 ] ], [ 8, [ 58, 123 ] ], [ 8, [ 58, 123 ] ], [ 8, [ 58, 123 ] ], 
          [ 119, [ 4, 69 ] ] ], 
      [ [ 115, [ 4, 74 ] ], [ 115, [ 4, 74 ] ], [ 12, [ 53, 123 ] ], [ 12, [ 53, 123 ] ], [ 12, [ 53, 123 ] ], 
          [ 115, [ 4, 74 ] ] ], 
      [ [ 108, [ 4, 82 ] ], [ 108, [ 4, 82 ] ], [ 19, [ 45, 123 ] ], [ 19, [ 45, 123 ] ], [ 19, [ 45, 123 ] ], 
          [ 108, [ 4, 82 ] ] ], 
      [ [ 5, [ 66, 120 ] ], [ 5, [ 66, 120 ] ], [ 122, [ 7, 61 ] ], [ 122, [ 7, 61 ] ], [ 122, [ 7, 61 ] ], 
          [ 5, [ 66, 120 ] ] ], 
      [ [ 5, [ 82, 107 ] ], [ 5, [ 82, 107 ] ], [ 122, [ 20, 45 ] ], [ 122, [ 20, 45 ] ], [ 122, [ 20, 45 ] ], 
          [ 5, [ 82, 107 ] ] ], 
      [ [ 119, [ 7, 65 ] ], [ 119, [ 7, 65 ] ], [ 8, [ 62, 120 ] ], [ 8, [ 62, 120 ] ], [ 8, [ 62, 120 ] ], 
          [ 119, [ 7, 65 ] ] ], 
      [ [ 116, [ 9, 65 ] ], [ 116, [ 9, 65 ] ], [ 11, [ 62, 118 ] ], [ 11, [ 62, 118 ] ], [ 11, [ 62, 118 ] ], 
          [ 116, [ 9, 65 ] ] ], [ [ 12, [ 79, 100 ] ], [ 12, [ 79, 100 ] ], [ 115, [ 27, 48 ] ], 
          [ 115, [ 27, 48 ] ], [ 115, [ 27, 48 ] ], [ 12, [ 79, 100 ] ] ], 
      [ [ 15, [ 79, 97 ] ], [ 15, [ 79, 97 ] ], [ 112, [ 30, 48 ] ], [ 112, [ 30, 48 ] ], [ 112, [ 30, 48 ] ], 
          [ 15, [ 79, 97 ] ] ], [ [ 109, [ 16, 65 ] ], [ 109, [ 16, 65 ] ], [ 18, [ 62, 111 ] ], 
          [ 18, [ 62, 111 ] ], [ 18, [ 62, 111 ] ], [ 109, [ 16, 65 ] ] ], 
      [ [ 23, [ 71, 96 ] ], [ 23, [ 71, 96 ] ], [ 104, [ 31, 56 ] ], [ 104, [ 31, 56 ] ], [ 104, [ 31, 56 ] ], 
          [ 23, [ 71, 96 ] ] ], 
      [ [ 95, [ 31, 79 ] ], [ 95, [ 31, 79 ] ], [ 32, [ 48, 96 ] ], [ 32, [ 48, 96 ] ], [ 32, [ 48, 96 ] ], 
          [ 95, [ 31, 79 ] ] ] ],
  Status := "NO",
  TheCtype := [ [ -1, 0, 0, 0, -1, 0 ], [ -1, 0, 0, 0, -1, 1 ], [ -1, 0, 0, 0, 0, -1 ], [ -1, 0, 0, 0, 0, 0 ], 
      [ -1, 0, 0, 1, -2, 0 ], [ -1, 0, 0, 1, -1, -1 ], [ -1, 0, 0, 1, -1, 0 ], [ -1, 0, 0, 1, 0, -1 ], 
      [ -1, 0, 1, -1, 0, 0 ], [ -1, 0, 1, -1, 0, 1 ], [ -1, 0, 1, -1, 1, -1 ], [ -1, 0, 1, -1, 1, 0 ], 
      [ -1, 0, 1, 0, -1, 0 ], [ -1, 0, 1, 0, -1, 1 ], [ -1, 0, 1, 0, 0, -1 ], [ -1, 1, -1, 0, 0, 0 ], 
      [ -1, 1, -1, 0, 0, 1 ], [ -1, 1, -1, 0, 1, -1 ], [ -1, 1, -1, 0, 1, 0 ], [ -1, 1, -1, 1, -1, 0 ], 
      [ -1, 1, -1, 1, -1, 1 ], [ -1, 1, -1, 1, 0, -1 ], [ -1, 1, -1, 1, 0, 0 ], [ -1, 1, 0, -1, 0, 0 ], 
      [ -1, 1, 0, -1, 0, 1 ], [ -1, 1, 0, -1, 1, -1 ], [ -1, 1, 0, -1, 1, 0 ], [ -1, 1, 0, 0, -1, 0 ], 
      [ -1, 1, 0, 0, -1, 1 ], [ -1, 1, 0, 0, 0, -1 ], [ -1, 1, 0, 0, 0, 0 ], [ -1, 2, -1, 0, 0, 0 ], 
      [ 0, -1, 0, 0, 0, 0 ], [ 0, -1, 0, 0, 0, 1 ], [ 0, -1, 0, 0, 1, -1 ], [ 0, -1, 0, 0, 1, 0 ], 
      [ 0, -1, 0, 1, -1, 0 ], [ 0, -1, 0, 1, -1, 1 ], [ 0, -1, 0, 1, 0, -1 ], [ 0, -1, 0, 1, 0, 0 ], 
      [ 0, -1, 1, -1, 0, 0 ], [ 0, -1, 1, -1, 0, 1 ], [ 0, -1, 1, -1, 1, -1 ], [ 0, -1, 1, -1, 1, 0 ], 
      [ 0, -1, 1, 0, -1, 0 ], [ 0, -1, 1, 0, -1, 1 ], [ 0, -1, 1, 0, 0, -1 ], [ 0, -1, 1, 0, 0, 0 ], 
      [ 0, 0, -1, 0, 0, 0 ], [ 0, 0, -1, 0, 0, 1 ], [ 0, 0, -1, 0, 1, -1 ], [ 0, 0, -1, 0, 1, 0 ], 
      [ 0, 0, -1, 1, -1, 0 ], [ 0, 0, -1, 1, -1, 1 ], [ 0, 0, -1, 1, 0, -1 ], [ 0, 0, -1, 1, 0, 0 ], 
      [ 0, 0, 0, -1, 0, 0 ], [ 0, 0, 0, -1, 0, 1 ], [ 0, 0, 0, -1, 1, 0 ], [ 0, 0, 0, -1, 1, 1 ], 
      [ 0, 0, 0, 0, -1, 0 ], [ 0, 0, 0, 0, -1, 1 ], [ 0, 0, 0, 0, 0, -1 ], [ 0, 0, 0, 0, 0, 1 ], 
      [ 0, 0, 0, 0, 1, -1 ], [ 0, 0, 0, 0, 1, 0 ], [ 0, 0, 0, 1, -1, -1 ], [ 0, 0, 0, 1, -1, 0 ], 
      [ 0, 0, 0, 1, 0, -1 ], [ 0, 0, 0, 1, 0, 0 ], [ 0, 0, 1, -1, 0, 0 ], [ 0, 0, 1, -1, 0, 1 ], 
      [ 0, 0, 1, -1, 1, -1 ], [ 0, 0, 1, -1, 1, 0 ], [ 0, 0, 1, 0, -1, 0 ], [ 0, 0, 1, 0, -1, 1 ], 
      [ 0, 0, 1, 0, 0, -1 ], [ 0, 0, 1, 0, 0, 0 ], [ 0, 1, -1, 0, 0, 0 ], [ 0, 1, -1, 0, 0, 1 ], 
      [ 0, 1, -1, 0, 1, -1 ], [ 0, 1, -1, 0, 1, 0 ], [ 0, 1, -1, 1, -1, 0 ], [ 0, 1, -1, 1, -1, 1 ], 
      [ 0, 1, -1, 1, 0, -1 ], [ 0, 1, -1, 1, 0, 0 ], [ 0, 1, 0, -1, 0, 0 ], [ 0, 1, 0, -1, 0, 1 ], 
      [ 0, 1, 0, -1, 1, -1 ], [ 0, 1, 0, -1, 1, 0 ], [ 0, 1, 0, 0, -1, 0 ], [ 0, 1, 0, 0, -1, 1 ], 
      [ 0, 1, 0, 0, 0, -1 ], [ 0, 1, 0, 0, 0, 0 ], [ 1, -2, 1, 0, 0, 0 ], [ 1, -1, 0, 0, 0, 0 ], 
      [ 1, -1, 0, 0, 0, 1 ], [ 1, -1, 0, 0, 1, -1 ], [ 1, -1, 0, 0, 1, 0 ], [ 1, -1, 0, 1, -1, 0 ], 
      [ 1, -1, 0, 1, -1, 1 ], [ 1, -1, 0, 1, 0, -1 ], [ 1, -1, 0, 1, 0, 0 ], [ 1, -1, 1, -1, 0, 0 ], 
      [ 1, -1, 1, -1, 0, 1 ], [ 1, -1, 1, -1, 1, -1 ], [ 1, -1, 1, -1, 1, 0 ], [ 1, -1, 1, 0, -1, 0 ], 
      [ 1, -1, 1, 0, -1, 1 ], [ 1, -1, 1, 0, 0, -1 ], [ 1, -1, 1, 0, 0, 0 ], [ 1, 0, -1, 0, 0, 1 ], 
      [ 1, 0, -1, 0, 1, -1 ], [ 1, 0, -1, 0, 1, 0 ], [ 1, 0, -1, 1, -1, 0 ], [ 1, 0, -1, 1, -1, 1 ], 
      [ 1, 0, -1, 1, 0, -1 ], [ 1, 0, -1, 1, 0, 0 ], [ 1, 0, 0, -1, 0, 1 ], [ 1, 0, 0, -1, 1, 0 ], 
      [ 1, 0, 0, -1, 1, 1 ], [ 1, 0, 0, -1, 2, 0 ], [ 1, 0, 0, 0, 0, 0 ], [ 1, 0, 0, 0, 0, 1 ], 
      [ 1, 0, 0, 0, 1, -1 ], [ 1, 0, 0, 0, 1, 0 ] ],
  eInvariant := rec(
      nbFac := 35,
      nbIneq := 924 ) );
