return rec(
  CharMat := [ [ 11, 8, 4, 1, -2, -1 ], [ 8, 24, 25, 16, 7, 5 ], [ 4, 25, 45, 30, 15, 11 ], 
      [ 1, 16, 30, 35, 19, 13 ], [ -2, 7, 15, 19, 23, 15 ], [ -1, 5, 11, 13, 15, 16 ] ],
  ListInequalities := [ [ -1, -1, 0, 0, 0, 0, 2, -1, 0, -1, 1, 1, 0, 1, -1, 0, -1, 1, 0, 0, 0 ], 
      [ -1, 0, 0, 0, 0, 0, 2, -1, 0, 0, 0, 0, 0, 0, 0, 0, 0, 0, 0, 0, 0 ], 
      [ 0, 0, 0, 0, 0, 0, 0, 0, 0, -1, 1, 0, 0, 0, 0, 0, 0, 0, 0, 0, 0 ], 
      [ 0, 0, 0, 0, 0, 0, 0, 0, 0, 0, -1, 0, 0, 0, 0, 0, 0, 0, 0, 0, 0 ], 
      [ 0, 0, 0, 0, 0, 0, 0, 0, 1, 0, 0, 0, 0, 0, 0, 0, 0, 0, 0, 0, 0 ], 
      [ 1, 0, 0, 0, 0, 0, -1, 0, 0, 1, 0, 0, 0, 0, 0, 0, 0, 0, 0, 0, 0 ], 
      [ 0, 0, 0, 0, 0, 0, 0, 0, 0, 0, 1, 0, 0, 0, 0, 0, 0, 0, 0, -1, 1 ], 
      [ 0, 0, 0, 0, 1, 0, 0, 0, 0, 1, -1, 0, 0, 0, 0, 0, 0, 0, -1, 1, -1 ], 
      [ 0, 1, 1, 0, 0, 0, -1, 1, 0, 0, 0, -2, 1, 0, 0, -1, 0, 0, 0, 0, 0 ], 
      [ 0, 1, 0, 0, 0, 0, -1, 0, 1, 0, 0, 0, -1, 0, 0, 0, 0, 0, 0, 0, 0 ], 
      [ 0, 1, 0, 0, 0, 0, -1, 1, 0, 0, 0, -1, 0, 0, -1, 0, 0, 1, 0, 0, 0 ], 
      [ 0, 1, 0, 0, 0, 0, -1, 1, 0, 0, -1, -1, 0, 0, 1, 0, 0, 0, 0, 0, 0 ], 
      [ 0, 0, 0, 0, 0, 0, 0, 0, 0, 1, -1, 0, 0, -1, 1, 0, 1, -1, 0, 0, 0 ], 
      [ 0, 0, 0, 0, 0, 0, 0, 0, 0, -1, 1, 0, 0, 2, -2, 0, -1, 1, 0, 0, 0 ], 
      [ 0, 0, 0, 1, 0, 0, 0, 0, 0, 0, 0, 0, 0, 0, 0, -1, 1, 0, -1, 0, 0 ], 
      [ 0, 0, 0, 0, 0, 1, 0, 0, 0, 0, 0, 0, 0, 0, 0, 0, 0, 0, 0, 0, -1 ] ],
  ListInformations := 
   [ [ [ 1, [ 97, 110 ] ], [ 1, [ 97, 110 ] ], [ 126, [ 17, 30 ] ], [ 126, [ 17, 30 ] ], [ 126, [ 17, 30 ] ], 
          [ 1, [ 97, 110 ] ] ], 
      [ [ 2, [ 93, 121 ] ], [ 2, [ 93, 121 ] ], [ 125, [ 6, 34 ] ], [ 125, [ 6, 34 ] ], [ 125, [ 6, 34 ] ], 
          [ 2, [ 93, 121 ] ] ], 
      [ [ 4, [ 65, 121 ] ], [ 4, [ 65, 121 ] ], [ 123, [ 6, 62 ] ], [ 123, [ 6, 62 ] ], [ 123, [ 6, 62 ] ], 
          [ 4, [ 65, 121 ] ] ], 
      [ [ 5, [ 64, 121 ] ], [ 5, [ 64, 121 ] ], [ 122, [ 6, 63 ] ], [ 122, [ 6, 63 ] ], [ 122, [ 6, 63 ] ], 
          [ 5, [ 64, 121 ] ] ], 
      [ [ 117, [ 6, 70 ] ], [ 117, [ 6, 70 ] ], [ 10, [ 57, 121 ] ], [ 10, [ 57, 121 ] ], [ 10, [ 57, 121 ] ], 
          [ 117, [ 6, 70 ] ] ], 
      [ [ 89, [ 98, 6 ] ], [ 89, [ 98, 6 ] ], [ 38, [ 121, 29 ] ], [ 38, [ 121, 29 ] ], [ 38, [ 121, 29 ] ], 
          [ 89, [ 98, 6 ] ] ], [ [ 119, [ 7, 64 ] ], [ 119, [ 7, 64 ] ], [ 8, [ 63, 120 ] ], [ 8, [ 63, 120 ] ],
          [ 8, [ 63, 120 ] ], [ 119, [ 7, 64 ] ] ], 
      [ [ 118, [ 7, 65 ] ], [ 118, [ 7, 65 ] ], [ 9, [ 62, 120 ] ], [ 9, [ 62, 120 ] ], [ 9, [ 62, 120 ] ], 
          [ 118, [ 7, 65 ] ] ], [ [ 10, [ 77, 103 ] ], [ 10, [ 77, 103 ] ], [ 117, [ 24, 50 ] ], 
          [ 117, [ 24, 50 ] ], [ 117, [ 24, 50 ] ], [ 10, [ 77, 103 ] ] ], 
      [ [ 10, [ 85, 95 ] ], [ 10, [ 85, 95 ] ], [ 117, [ 32, 42 ] ], [ 117, [ 32, 42 ] ], [ 117, [ 32, 42 ] ], 
          [ 10, [ 85, 95 ] ] ], 
      [ [ 16, [ 77, 96 ] ], [ 16, [ 77, 96 ] ], [ 111, [ 31, 50 ] ], [ 111, [ 31, 50 ] ], [ 111, [ 31, 50 ] ], 
          [ 16, [ 77, 96 ] ] ], 
      [ [ 16, [ 78, 95 ] ], [ 16, [ 78, 95 ] ], [ 111, [ 32, 49 ] ], [ 111, [ 32, 49 ] ], [ 111, [ 32, 49 ] ], 
          [ 16, [ 78, 95 ] ] ], [ [ 108, [ 17, 65 ] ], [ 108, [ 17, 65 ] ], [ 19, [ 62, 110 ] ], 
          [ 19, [ 62, 110 ] ], [ 19, [ 62, 110 ] ], [ 108, [ 17, 65 ] ] ], 
      [ [ 33, [ 65, 93 ] ], [ 33, [ 65, 93 ] ], [ 94, [ 34, 62 ] ], [ 94, [ 34, 62 ] ], [ 94, [ 34, 62 ] ], 
          [ 33, [ 65, 93 ] ] ], 
      [ [ 52, [ 67, 71 ] ], [ 52, [ 67, 71 ] ], [ 75, [ 56, 60 ] ], [ 75, [ 56, 60 ] ], [ 75, [ 56, 60 ] ], 
          [ 52, [ 67, 71 ] ] ], 
      [ [ 61, [ 64, 65 ] ], [ 61, [ 64, 65 ] ], [ 66, [ 62, 63 ] ], [ 66, [ 62, 63 ] ], [ 66, [ 62, 63 ] ], 
          [ 61, [ 64, 65 ] ] ] ],
  Status := "NO",
  TheCtype := [ [ -2, 2, -1, 0, -1, 1 ], [ -2, 2, -1, 0, 0, 0 ], [ -1, 0, 0, 0, -1, 0 ], [ -1, 0, 0, 0, -1, 1 ],
      [ -1, 0, 0, 0, 0, -1 ], [ -1, 0, 0, 0, 0, 0 ], [ -1, 0, 0, 1, -1, 0 ], [ -1, 0, 0, 1, -1, 1 ], 
      [ -1, 0, 0, 1, 0, -1 ], [ -1, 0, 0, 1, 0, 0 ], [ -1, 0, 1, -1, 0, 0 ], [ -1, 0, 1, -1, 0, 1 ], 
      [ -1, 0, 1, -1, 1, -1 ], [ -1, 0, 1, -1, 1, 0 ], [ -1, 0, 1, 0, -1, 0 ], [ -1, 0, 1, 0, 0, -1 ], 
      [ -1, 1, -1, 0, 0, 0 ], [ -1, 1, -1, 0, 0, 1 ], [ -1, 1, -1, 0, 1, -1 ], [ -1, 1, -1, 0, 1, 0 ], 
      [ -1, 1, -1, 1, -1, 0 ], [ -1, 1, -1, 1, -1, 1 ], [ -1, 1, -1, 1, 0, -1 ], [ -1, 1, -1, 1, 0, 0 ], 
      [ -1, 1, 0, -1, 0, 0 ], [ -1, 1, 0, -1, 0, 1 ], [ -1, 1, 0, -1, 1, -1 ], [ -1, 1, 0, -1, 1, 0 ], 
      [ -1, 1, 0, 0, -1, 0 ], [ -1, 1, 0, 0, -1, 1 ], [ -1, 1, 0, 0, 0, -1 ], [ -1, 1, 0, 0, 0, 0 ], 
      [ -1, 2, -1, 0, -1, 1 ], [ -1, 2, -1, 0, 0, 0 ], [ 0, -1, 0, 0, 0, 0 ], [ 0, -1, 0, 0, 0, 1 ], 
      [ 0, -1, 0, 0, 1, -1 ], [ 0, -1, 0, 0, 1, 0 ], [ 0, -1, 0, 1, -1, 0 ], [ 0, -1, 0, 1, -1, 1 ], 
      [ 0, -1, 0, 1, 0, -1 ], [ 0, -1, 0, 1, 0, 0 ], [ 0, -1, 1, -1, 0, 0 ], [ 0, -1, 1, -1, 0, 1 ], 
      [ 0, -1, 1, -1, 1, -1 ], [ 0, -1, 1, -1, 1, 0 ], [ 0, -1, 1, 0, -1, 0 ], [ 0, -1, 1, 0, -1, 1 ], 
      [ 0, -1, 1, 0, 0, -1 ], [ 0, -1, 1, 0, 0, 0 ], [ 0, 0, -1, 0, 0, 1 ], [ 0, 0, -1, 0, 1, 0 ], 
      [ 0, 0, -1, 1, -1, 0 ], [ 0, 0, -1, 1, -1, 1 ], [ 0, 0, -1, 1, 0, -1 ], [ 0, 0, -1, 1, 0, 0 ], 
      [ 0, 0, 0, -1, 0, 0 ], [ 0, 0, 0, -1, 0, 1 ], [ 0, 0, 0, -1, 1, -1 ], [ 0, 0, 0, -1, 1, 0 ], 
      [ 0, 0, 0, 0, -1, 0 ], [ 0, 0, 0, 0, -1, 1 ], [ 0, 0, 0, 0, 0, -1 ], [ 0, 0, 0, 0, 0, 1 ], 
      [ 0, 0, 0, 0, 1, -1 ], [ 0, 0, 0, 0, 1, 0 ], [ 0, 0, 0, 1, -1, 0 ], [ 0, 0, 0, 1, -1, 1 ], 
      [ 0, 0, 0, 1, 0, -1 ], [ 0, 0, 0, 1, 0, 0 ], [ 0, 0, 1, -1, 0, 0 ], [ 0, 0, 1, -1, 0, 1 ], 
      [ 0, 0, 1, -1, 1, -1 ], [ 0, 0, 1, -1, 1, 0 ], [ 0, 0, 1, 0, -1, 0 ], [ 0, 0, 1, 0, 0, -1 ], 
      [ 0, 1, -1, 0, 0, 0 ], [ 0, 1, -1, 0, 0, 1 ], [ 0, 1, -1, 0, 1, -1 ], [ 0, 1, -1, 0, 1, 0 ], 
      [ 0, 1, -1, 1, -1, 0 ], [ 0, 1, -1, 1, -1, 1 ], [ 0, 1, -1, 1, 0, -1 ], [ 0, 1, -1, 1, 0, 0 ], 
      [ 0, 1, 0, -1, 0, 0 ], [ 0, 1, 0, -1, 0, 1 ], [ 0, 1, 0, -1, 1, -1 ], [ 0, 1, 0, -1, 1, 0 ], 
      [ 0, 1, 0, 0, -1, 0 ], [ 0, 1, 0, 0, -1, 1 ], [ 0, 1, 0, 0, 0, -1 ], [ 0, 1, 0, 0, 0, 0 ], 
      [ 1, -2, 1, 0, 0, 0 ], [ 1, -2, 1, 0, 1, -1 ], [ 1, -1, 0, 0, 0, 0 ], [ 1, -1, 0, 0, 0, 1 ], 
      [ 1, -1, 0, 0, 1, -1 ], [ 1, -1, 0, 0, 1, 0 ], [ 1, -1, 0, 1, -1, 0 ], [ 1, -1, 0, 1, -1, 1 ], 
      [ 1, -1, 0, 1, 0, -1 ], [ 1, -1, 0, 1, 0, 0 ], [ 1, -1, 1, -1, 0, 0 ], [ 1, -1, 1, -1, 0, 1 ], 
      [ 1, -1, 1, -1, 1, -1 ], [ 1, -1, 1, -1, 1, 0 ], [ 1, -1, 1, 0, -1, 0 ], [ 1, -1, 1, 0, -1, 1 ], 
      [ 1, -1, 1, 0, 0, -1 ], [ 1, -1, 1, 0, 0, 0 ], [ 1, 0, -1, 0, 0, 1 ], [ 1, 0, -1, 0, 1, 0 ], 
      [ 1, 0, -1, 1, -1, 0 ], [ 1, 0, -1, 1, -1, 1 ], [ 1, 0, -1, 1, 0, -1 ], [ 1, 0, -1, 1, 0, 0 ], 
      [ 1, 0, 0, -1, 0, 0 ], [ 1, 0, 0, -1, 0, 1 ], [ 1, 0, 0, -1, 1, -1 ], [ 1, 0, 0, -1, 1, 0 ], 
      [ 1, 0, 0, 0, 0, 0 ], [ 1, 0, 0, 0, 0, 1 ], [ 1, 0, 0, 0, 1, -1 ], [ 1, 0, 0, 0, 1, 0 ], 
      [ 2, -2, 1, 0, 0, 0 ], [ 2, -2, 1, 0, 1, -1 ] ],
  eInvariant := rec(
      nbFac := 21,
      nbIneq := 903 ) );
