return rec(
  CharMat := [ [ 21, 14, 7, 0, -6, -2 ], [ 14, 25, 16, 11, 2, 1 ], [ 7, 16, 26, 20, 10, 4 ], 
      [ 0, 11, 20, 30, 17, 8 ], [ -6, 2, 10, 17, 23, 9 ], [ -2, 1, 4, 8, 9, 11 ] ],
  ListInequalities := [ [ 0, 0, 0, 0, 0, 0, 0, 0, 1, 0, -1, 0, 0, 0, 0, 0, 0, 0, 0, 0, 0 ], 
      [ 0, 0, 0, 0, 0, 0, 0, 1, -1, 1, 0, 0, 0, 0, 0, 0, 0, 0, 0, 0, 0 ], 
      [ 0, 0, 0, 0, 0, 0, 1, -1, 0, 1, 0, 0, 0, 0, 0, 0, 0, 0, 0, 0, 0 ], 
      [ 1, 0, 0, 0, 0, 0, -1, 0, 0, 1, 0, 0, 0, 0, 0, 0, 0, 0, 0, 0, 0 ], 
      [ 0, 0, 0, 0, 0, 0, 0, 0, 0, 0, -1, 0, 0, 0, 0, 0, 0, 0, 0, 1, -1 ], 
      [ 0, 0, 0, 0, 1, 0, 0, 0, 0, 1, -1, 0, 0, 0, 0, 0, 0, 0, -1, 1, -1 ], 
      [ 0, 0, 0, 0, 0, 0, 0, 0, 0, -1, 1, 0, 0, 0, 0, 0, 1, -1, -1, 1, 0 ], 
      [ 0, 0, 0, 0, 0, 0, 0, 0, 0, 1, 0, 0, 0, 0, 0, 0, -1, 0, 1, 0, 0 ], 
      [ 0, 0, -1, 0, 0, 0, 0, 1, 0, 0, 0, 0, 0, 0, 0, 1, 0, 0, 0, 0, 0 ], 
      [ 0, 0, 0, 0, 0, 1, 0, 0, 0, 1, -1, 0, 0, 0, 0, 0, -1, 1, 1, -1, -1 ], 
      [ 0, 0, -1, 0, 1, 0, 0, 1, -1, 1, 0, 0, 0, 0, 0, 1, 0, 0, -1, 0, 0 ], 
      [ 0, 0, -1, 0, 0, 1, 0, 1, -1, 0, 1, 0, 0, 0, 0, 1, 0, 0, 0, -1, 0 ], 
      [ 0, 0, -1, 0, 0, 0, 0, 1, -1, 0, 0, 0, 0, 0, 0, 1, 0, 0, 0, 0, 0 ], 
      [ 0, 1, -1, 0, 0, 0, -1, 1, 0, 0, 0, 0, -1, 0, 0, 1, 0, 0, 0, 0, 0 ], 
      [ 0, 0, 0, 0, 0, 0, 0, 0, 0, 0, 1, 0, 0, 0, -1, 0, 0, 1, 0, 0, 0 ], 
      [ 0, 0, 0, 0, 0, 0, 0, 0, 0, 1, -1, 0, 0, -1, 1, 0, 1, -1, 0, 0, 0 ], 
      [ 0, 0, 0, 1, 0, 0, 0, -1, 1, 0, 0, 1, -1, 0, 0, -1, 1, 0, -1, 0, 0 ], 
      [ 0, 0, 0, 0, 0, 0, 0, -1, 0, 1, 0, 1, 0, -1, 0, 0, 0, 0, 0, 0, 0 ], 
      [ 0, 0, 0, 0, 0, 0, 0, -1, 1, 0, 0, 1, -1, 0, 0, 0, -1, 1, 1, -1, 0 ], 
      [ 0, 0, 0, 0, 0, 0, 0, -1, 1, 0, 0, 1, -1, 0, 0, 0, 0, -1, 0, 1, 0 ], 
      [ 0, 0, 0, 0, 0, 0, 0, -1, 1, 0, -1, 1, -1, 0, 1, 0, 0, 0, 0, 0, 0 ], 
      [ 0, 0, 0, 0, 0, 0, 0, 0, 0, 0, 0, 0, 0, 0, 1, 0, 0, 0, 0, 0, 0 ], 
      [ 0, 0, 0, 0, 0, 0, 0, 0, 0, 0, 0, 0, 0, 1, -1, 0, 0, 0, 0, 0, 0 ], 
      [ 0, 0, 1, 0, 0, 0, 0, 0, 0, 0, 0, -1, 1, 0, 0, -1, 0, 0, 0, 0, 0 ], 
      [ 0, 0, 0, 0, 0, 0, 0, 0, 0, 0, 0, 0, -1, 1, 0, 1, -1, 0, 0, 0, 0 ], 
      [ 0, 0, 0, 0, 0, 0, 0, 0, 0, 0, 0, 0, 0, 0, 0, 0, 0, 0, 0, -1, 1 ] ],
  ListInformations := 
   [ [ [ 120, [ 4, 69 ] ], [ 120, [ 4, 69 ] ], [ 7, [ 58, 123 ] ], [ 7, [ 58, 123 ] ], [ 7, [ 58, 123 ] ], 
          [ 120, [ 4, 69 ] ] ], 
      [ [ 116, [ 4, 74 ] ], [ 116, [ 4, 74 ] ], [ 11, [ 53, 123 ] ], [ 11, [ 53, 123 ] ], [ 11, [ 53, 123 ] ], 
          [ 116, [ 4, 74 ] ] ], 
      [ [ 107, [ 4, 82 ] ], [ 107, [ 4, 82 ] ], [ 20, [ 45, 123 ] ], [ 20, [ 45, 123 ] ], [ 20, [ 45, 123 ] ], 
          [ 107, [ 4, 82 ] ] ], 
      [ [ 91, [ 99, 4 ] ], [ 91, [ 99, 4 ] ], [ 36, [ 123, 28 ] ], [ 36, [ 123, 28 ] ], [ 36, [ 123, 28 ] ], 
          [ 91, [ 99, 4 ] ] ], [ [ 5, [ 64, 121 ] ], [ 5, [ 64, 121 ] ], [ 122, [ 6, 63 ] ], [ 122, [ 6, 63 ] ],
          [ 122, [ 6, 63 ] ], [ 5, [ 64, 121 ] ] ], 
      [ [ 120, [ 6, 65 ] ], [ 120, [ 6, 65 ] ], [ 7, [ 62, 121 ] ], [ 7, [ 62, 121 ] ], [ 7, [ 62, 121 ] ], 
          [ 120, [ 6, 65 ] ] ], 
      [ [ 8, [ 65, 118 ] ], [ 8, [ 65, 118 ] ], [ 119, [ 9, 62 ] ], [ 119, [ 9, 62 ] ], [ 119, [ 9, 62 ] ], 
          [ 8, [ 65, 118 ] ] ], 
      [ [ 116, [ 9, 66 ] ], [ 116, [ 9, 66 ] ], [ 11, [ 61, 118 ] ], [ 11, [ 61, 118 ] ], [ 11, [ 61, 118 ] ], 
          [ 116, [ 9, 66 ] ] ], 
      [ [ 111, [ 9, 78 ] ], [ 111, [ 9, 78 ] ], [ 16, [ 49, 118 ] ], [ 16, [ 49, 118 ] ], [ 16, [ 49, 118 ] ], 
          [ 111, [ 9, 78 ] ] ], [ [ 116, [ 10, 65 ] ], [ 116, [ 10, 65 ] ], [ 11, [ 62, 117 ] ], 
          [ 11, [ 62, 117 ] ], [ 11, [ 62, 117 ] ], [ 116, [ 10, 65 ] ] ], 
      [ [ 111, [ 12, 74 ] ], [ 111, [ 12, 74 ] ], [ 16, [ 53, 115 ] ], [ 16, [ 53, 115 ] ], [ 16, [ 53, 115 ] ],
          [ 111, [ 12, 74 ] ] ], [ [ 111, [ 14, 72 ] ], [ 111, [ 14, 72 ] ], [ 16, [ 55, 113 ] ], 
          [ 16, [ 55, 113 ] ], [ 16, [ 55, 113 ] ], [ 111, [ 14, 72 ] ] ], 
      [ [ 111, [ 15, 71 ] ], [ 111, [ 15, 71 ] ], [ 16, [ 56, 112 ] ], [ 16, [ 56, 112 ] ], [ 16, [ 56, 112 ] ],
          [ 111, [ 15, 71 ] ] ], 
      [ [ 16, [ 79, 95 ] ], [ 16, [ 79, 95 ] ], [ 111, [ 32, 48 ] ], [ 111, [ 32, 48 ] ], [ 111, [ 32, 48 ] ], 
          [ 16, [ 79, 95 ] ] ], [ [ 109, [ 17, 64 ] ], [ 109, [ 17, 64 ] ], [ 18, [ 63, 110 ] ], 
          [ 18, [ 63, 110 ] ], [ 18, [ 63, 110 ] ], [ 109, [ 17, 64 ] ] ], 
      [ [ 108, [ 17, 65 ] ], [ 108, [ 17, 65 ] ], [ 19, [ 62, 110 ] ], [ 19, [ 62, 110 ] ], [ 19, [ 62, 110 ] ],
          [ 108, [ 17, 65 ] ] ], [ [ 20, [ 71, 100 ] ], [ 20, [ 71, 100 ] ], [ 107, [ 27, 56 ] ], 
          [ 107, [ 27, 56 ] ], [ 107, [ 27, 56 ] ], [ 20, [ 71, 100 ] ] ], 
      [ [ 20, [ 75, 96 ] ], [ 20, [ 75, 96 ] ], [ 107, [ 31, 52 ] ], [ 107, [ 31, 52 ] ], [ 107, [ 31, 52 ] ], 
          [ 20, [ 75, 96 ] ] ], 
      [ [ 22, [ 71, 98 ] ], [ 22, [ 71, 98 ] ], [ 105, [ 29, 56 ] ], [ 105, [ 29, 56 ] ], [ 105, [ 29, 56 ] ], 
          [ 22, [ 71, 98 ] ] ], 
      [ [ 23, [ 71, 97 ] ], [ 23, [ 71, 97 ] ], [ 104, [ 30, 56 ] ], [ 104, [ 30, 56 ] ], [ 104, [ 30, 56 ] ], 
          [ 23, [ 71, 97 ] ] ], 
      [ [ 23, [ 72, 96 ] ], [ 23, [ 72, 96 ] ], [ 104, [ 31, 55 ] ], [ 104, [ 31, 55 ] ], [ 104, [ 31, 55 ] ], 
          [ 23, [ 72, 96 ] ] ], 
      [ [ 93, [ 33, 64 ] ], [ 93, [ 33, 64 ] ], [ 34, [ 63, 94 ] ], [ 34, [ 63, 94 ] ], [ 34, [ 63, 94 ] ], 
          [ 93, [ 33, 64 ] ] ], 
      [ [ 92, [ 33, 65 ] ], [ 92, [ 33, 65 ] ], [ 35, [ 62, 94 ] ], [ 35, [ 62, 94 ] ], [ 35, [ 62, 94 ] ], 
          [ 92, [ 33, 65 ] ] ], 
      [ [ 40, [ 71, 79 ] ], [ 40, [ 71, 79 ] ], [ 87, [ 48, 56 ] ], [ 87, [ 48, 56 ] ], [ 87, [ 48, 56 ] ], 
          [ 40, [ 71, 79 ] ] ], 
      [ [ 44, [ 67, 79 ] ], [ 44, [ 67, 79 ] ], [ 83, [ 48, 60 ] ], [ 83, [ 48, 60 ] ], [ 83, [ 48, 60 ] ], 
          [ 44, [ 67, 79 ] ] ], 
      [ [ 59, [ 64, 67 ] ], [ 59, [ 64, 67 ] ], [ 68, [ 60, 63 ] ], [ 68, [ 60, 63 ] ], [ 68, [ 60, 63 ] ], 
          [ 59, [ 64, 67 ] ] ] ],
  Status := "NO",
  TheCtype := [ [ -1, 0, 0, 0, -1, 0 ], [ -1, 0, 0, 0, -1, 1 ], [ -1, 0, 0, 0, 0, -1 ], [ -1, 0, 0, 0, 0, 0 ], 
      [ -1, 0, 0, 1, -1, -1 ], [ -1, 0, 0, 1, -1, 0 ], [ -1, 0, 0, 1, 0, -1 ], [ -1, 0, 1, -1, -1, 1 ], 
      [ -1, 0, 1, -1, 0, 0 ], [ -1, 0, 1, -1, 0, 1 ], [ -1, 0, 1, -1, 1, 0 ], [ -1, 0, 1, 0, -1, 0 ], 
      [ -1, 0, 1, 0, -1, 1 ], [ -1, 0, 1, 0, 0, -1 ], [ -1, 0, 1, 0, 0, 0 ], [ -1, 0, 2, -1, 0, 0 ], 
      [ -1, 1, -1, 0, 0, 0 ], [ -1, 1, -1, 0, 0, 1 ], [ -1, 1, -1, 0, 1, -1 ], [ -1, 1, -1, 0, 1, 0 ], 
      [ -1, 1, -1, 1, -1, 0 ], [ -1, 1, -1, 1, -1, 1 ], [ -1, 1, -1, 1, 0, -1 ], [ -1, 1, 0, -1, 0, 0 ], 
      [ -1, 1, 0, -1, 0, 1 ], [ -1, 1, 0, -1, 1, -1 ], [ -1, 1, 0, -1, 1, 0 ], [ -1, 1, 0, 0, -1, 0 ], 
      [ -1, 1, 0, 0, -1, 1 ], [ -1, 1, 0, 0, 0, -1 ], [ -1, 1, 0, 0, 0, 0 ], [ -1, 1, 1, -1, 0, 0 ], 
      [ 0, -1, 0, 0, 0, 0 ], [ 0, -1, 0, 0, 0, 1 ], [ 0, -1, 0, 0, 1, -1 ], [ 0, -1, 0, 0, 1, 0 ], 
      [ 0, -1, 0, 1, -1, 0 ], [ 0, -1, 0, 1, -1, 1 ], [ 0, -1, 0, 1, 0, -1 ], [ 0, -1, 0, 1, 0, 0 ], 
      [ 0, -1, 1, -1, 0, 0 ], [ 0, -1, 1, -1, 0, 1 ], [ 0, -1, 1, -1, 1, -1 ], [ 0, -1, 1, -1, 1, 0 ], 
      [ 0, -1, 1, 0, -1, 0 ], [ 0, -1, 1, 0, -1, 1 ], [ 0, -1, 1, 0, 0, -1 ], [ 0, -1, 1, 0, 0, 0 ], 
      [ 0, 0, -1, 0, 0, 0 ], [ 0, 0, -1, 0, 0, 1 ], [ 0, 0, -1, 0, 1, -1 ], [ 0, 0, -1, 0, 1, 0 ], 
      [ 0, 0, -1, 1, -1, 0 ], [ 0, 0, -1, 1, -1, 1 ], [ 0, 0, -1, 1, 0, -1 ], [ 0, 0, -1, 1, 0, 0 ], 
      [ 0, 0, 0, -1, 0, 0 ], [ 0, 0, 0, -1, 0, 1 ], [ 0, 0, 0, -1, 1, -1 ], [ 0, 0, 0, -1, 1, 0 ], 
      [ 0, 0, 0, 0, -1, 0 ], [ 0, 0, 0, 0, -1, 1 ], [ 0, 0, 0, 0, 0, -1 ], [ 0, 0, 0, 0, 0, 1 ], 
      [ 0, 0, 0, 0, 1, -1 ], [ 0, 0, 0, 0, 1, 0 ], [ 0, 0, 0, 1, -1, 0 ], [ 0, 0, 0, 1, -1, 1 ], 
      [ 0, 0, 0, 1, 0, -1 ], [ 0, 0, 0, 1, 0, 0 ], [ 0, 0, 1, -1, 0, 0 ], [ 0, 0, 1, -1, 0, 1 ], 
      [ 0, 0, 1, -1, 1, -1 ], [ 0, 0, 1, -1, 1, 0 ], [ 0, 0, 1, 0, -1, 0 ], [ 0, 0, 1, 0, -1, 1 ], 
      [ 0, 0, 1, 0, 0, -1 ], [ 0, 0, 1, 0, 0, 0 ], [ 0, 1, -1, 0, 0, 0 ], [ 0, 1, -1, 0, 0, 1 ], 
      [ 0, 1, -1, 0, 1, -1 ], [ 0, 1, -1, 0, 1, 0 ], [ 0, 1, -1, 1, -1, 0 ], [ 0, 1, -1, 1, -1, 1 ], 
      [ 0, 1, -1, 1, 0, -1 ], [ 0, 1, -1, 1, 0, 0 ], [ 0, 1, 0, -1, 0, 0 ], [ 0, 1, 0, -1, 0, 1 ], 
      [ 0, 1, 0, -1, 1, -1 ], [ 0, 1, 0, -1, 1, 0 ], [ 0, 1, 0, 0, -1, 0 ], [ 0, 1, 0, 0, -1, 1 ], 
      [ 0, 1, 0, 0, 0, -1 ], [ 0, 1, 0, 0, 0, 0 ], [ 1, -1, -1, 1, 0, 0 ], [ 1, -1, 0, 0, 0, 0 ], 
      [ 1, -1, 0, 0, 0, 1 ], [ 1, -1, 0, 0, 1, -1 ], [ 1, -1, 0, 0, 1, 0 ], [ 1, -1, 0, 1, -1, 0 ], 
      [ 1, -1, 0, 1, -1, 1 ], [ 1, -1, 0, 1, 0, -1 ], [ 1, -1, 0, 1, 0, 0 ], [ 1, -1, 1, -1, 0, 1 ], 
      [ 1, -1, 1, -1, 1, -1 ], [ 1, -1, 1, -1, 1, 0 ], [ 1, -1, 1, 0, -1, 0 ], [ 1, -1, 1, 0, -1, 1 ], 
      [ 1, -1, 1, 0, 0, -1 ], [ 1, -1, 1, 0, 0, 0 ], [ 1, 0, -2, 1, 0, 0 ], [ 1, 0, -1, 0, 0, 0 ], 
      [ 1, 0, -1, 0, 0, 1 ], [ 1, 0, -1, 0, 1, -1 ], [ 1, 0, -1, 0, 1, 0 ], [ 1, 0, -1, 1, -1, 0 ], 
      [ 1, 0, -1, 1, 0, -1 ], [ 1, 0, -1, 1, 0, 0 ], [ 1, 0, -1, 1, 1, -1 ], [ 1, 0, 0, -1, 0, 1 ], 
      [ 1, 0, 0, -1, 1, 0 ], [ 1, 0, 0, -1, 1, 1 ], [ 1, 0, 0, 0, 0, 0 ], [ 1, 0, 0, 0, 0, 1 ], 
      [ 1, 0, 0, 0, 1, -1 ], [ 1, 0, 0, 0, 1, 0 ] ],
  eInvariant := rec(
      nbFac := 26,
      nbIneq := 921 ) );
