return rec(
  CharMat := [ [ 15, 9, 3, -1, -3, -5 ], [ 9, 20, 12, 9, 5, 1 ], [ 3, 12, 21, 16, 13, 7 ], 
      [ -1, 9, 16, 25, 20, 12 ], [ -3, 5, 13, 20, 25, 15 ], [ -5, 1, 7, 12, 15, 18 ] ],
  ListInequalities := [ [ 0, 0, 0, 0, 0, 0, 0, -1, 1, 0, 0, 0, 0, 0, 0, 0, 0, -1, 0, 1, 0 ], 
      [ 0, 0, 0, 0, 0, 0, 0, -1, 1, 0, -1, 0, 0, 0, 0, 0, 0, 0, 0, 0, 0 ], 
      [ 0, 0, 0, 0, 0, 0, 0, 0, -1, 0, 0, 0, 0, 0, 0, 0, 0, 0, 0, 0, 0 ], 
      [ 0, 0, 1, 0, 0, 0, 0, -1, 0, 0, 0, 0, 0, 0, 0, -1, 0, 0, 0, 0, 0 ], 
      [ 0, 1, 0, 0, 0, 0, -1, 0, 0, 0, 0, 0, -1, 0, 0, 0, 0, 0, 0, 0, 0 ], 
      [ 0, 0, 0, 0, 0, 0, 0, 0, -1, 1, 0, 0, 0, 0, 0, 0, 0, 0, 0, -1, 1 ], 
      [ 0, 0, 0, 0, 0, 1, 0, 0, 0, -1, 1, 0, 0, 0, 0, 0, 0, 0, 0, 0, -1 ], 
      [ 0, 0, 0, 0, 0, 0, 0, 1, -1, 1, 0, 0, 0, 0, 0, 0, 0, 0, 0, 0, 0 ], 
      [ 0, 0, 0, 0, 0, 0, 0, 1, 0, -1, 1, 0, 0, 0, 0, 0, 0, 0, 0, 0, 0 ], 
      [ 0, 0, 0, 0, 0, 0, 1, -1, 0, 0, 1, 0, 0, 0, 0, 0, 0, 0, 0, 0, 0 ], 
      [ 1, 0, 0, 0, 0, 0, -1, 0, 0, 0, 1, 0, 0, 0, 0, 0, 0, 0, 0, 0, 0 ], 
      [ 0, 0, 0, 0, 0, 0, 0, 0, -1, 1, 0, 0, 0, 0, 0, 1, -1, 0, 0, 0, 0 ], 
      [ 0, 1, 0, 0, 0, 0, -1, 1, 0, 0, 0, -1, -1, 1, 0, 1, -1, 0, 0, 0, 0 ], 
      [ 0, 0, 0, 0, 0, 0, 0, 0, 0, 0, 1, 0, 0, 0, -1, 0, 0, 1, 0, 0, 0 ], 
      [ 0, 0, 0, 0, 0, 0, 0, 0, 1, -1, 0, 0, -1, 1, 0, 1, -1, 0, 0, 0, 0 ], 
      [ 0, 0, 0, 1, 0, 0, 0, -1, 1, 0, 0, 1, -1, 0, 0, -1, 1, 0, -1, 0, 0 ], 
      [ 0, 0, 0, 0, 0, 0, 0, -1, 0, 1, 0, 1, 0, -1, 0, 0, 0, 0, 0, 0, 0 ], 
      [ 0, 0, 0, 0, 0, 0, 0, -1, 1, 0, 0, 1, -1, 0, 0, 0, -1, 1, 1, -1, 0 ], 
      [ 0, 0, 0, 0, 0, 0, 0, -1, 1, -1, 1, 1, -1, 1, -1, 0, 0, 0, 0, 0, 0 ], 
      [ 0, 0, 0, 0, 0, 0, 0, 1, -1, 0, 0, -1, 1, 0, 0, 0, 0, 0, 0, 0, 0 ], 
      [ 0, 0, 0, 0, 0, 0, 0, 0, 0, 0, 0, 0, 0, 0, 1, 0, 0, 0, 0, 0, 0 ], 
      [ 0, 0, 0, 0, 0, 0, 0, 0, 0, 0, 0, 1, -1, 0, 0, 0, 0, 0, 0, 0, 0 ], 
      [ 0, 0, 0, 1, 0, 0, 0, 0, 0, 0, 0, 0, -1, 1, 0, 0, 0, 0, -1, 0, 0 ], 
      [ 0, 0, 1, 0, 0, 0, 0, 0, 0, 0, 0, -1, 0, 1, 0, 0, -1, 0, 0, 0, 0 ], 
      [ 0, 0, 0, 0, 1, 0, 0, 0, 0, 0, 0, 0, -1, 1, 0, 1, -1, 0, -1, 1, -1 ], 
      [ 0, 0, 0, 0, 0, 0, 0, 0, 0, 0, 0, 0, -1, 0, 1, 1, 0, -1, 0, 0, 0 ], 
      [ 0, 0, 0, 0, 0, 0, 0, 0, 0, 0, 0, 0, 1, -1, 0, -1, 1, 0, 0, 0, 0 ] ],
  ListInformations := 
   [ [ [ 1, [ 71, 122 ] ], [ 1, [ 71, 122 ] ], [ 126, [ 5, 56 ] ], [ 126, [ 5, 56 ] ], [ 126, [ 5, 56 ] ], 
          [ 1, [ 71, 122 ] ] ], 
      [ [ 1, [ 72, 121 ] ], [ 1, [ 72, 121 ] ], [ 126, [ 6, 55 ] ], [ 126, [ 6, 55 ] ], [ 126, [ 6, 55 ] ], 
          [ 1, [ 72, 121 ] ] ], 
      [ [ 2, [ 70, 121 ] ], [ 2, [ 70, 121 ] ], [ 125, [ 6, 57 ] ], [ 125, [ 6, 57 ] ], [ 125, [ 6, 57 ] ], 
          [ 2, [ 70, 121 ] ] ], 
      [ [ 2, [ 78, 117 ] ], [ 2, [ 78, 117 ] ], [ 125, [ 10, 49 ] ], [ 125, [ 10, 49 ] ], [ 125, [ 10, 49 ] ], 
          [ 2, [ 78, 117 ] ] ], 
      [ [ 2, [ 94, 103 ] ], [ 2, [ 94, 103 ] ], [ 125, [ 24, 33 ] ], [ 125, [ 24, 33 ] ], [ 125, [ 24, 33 ] ], 
          [ 2, [ 94, 103 ] ] ], 
      [ [ 3, [ 67, 122 ] ], [ 3, [ 67, 122 ] ], [ 124, [ 5, 60 ] ], [ 124, [ 5, 60 ] ], [ 124, [ 5, 60 ] ], 
          [ 3, [ 67, 122 ] ] ], 
      [ [ 4, [ 65, 122 ] ], [ 4, [ 65, 122 ] ], [ 123, [ 5, 62 ] ], [ 123, [ 5, 62 ] ], [ 123, [ 5, 62 ] ], 
          [ 4, [ 65, 122 ] ] ], 
      [ [ 115, [ 6, 74 ] ], [ 115, [ 6, 74 ] ], [ 12, [ 53, 121 ] ], [ 12, [ 53, 121 ] ], [ 12, [ 53, 121 ] ], 
          [ 115, [ 6, 74 ] ] ], 
      [ [ 113, [ 6, 76 ] ], [ 113, [ 6, 76 ] ], [ 14, [ 51, 121 ] ], [ 14, [ 51, 121 ] ], [ 14, [ 51, 121 ] ], 
          [ 113, [ 6, 76 ] ] ], 
      [ [ 109, [ 6, 81 ] ], [ 109, [ 6, 81 ] ], [ 18, [ 46, 121 ] ], [ 18, [ 46, 121 ] ], [ 18, [ 46, 121 ] ], 
          [ 109, [ 6, 81 ] ] ], 
      [ [ 93, [ 97, 6 ] ], [ 93, [ 97, 6 ] ], [ 34, [ 121, 30 ] ], [ 34, [ 121, 30 ] ], [ 34, [ 121, 30 ] ], 
          [ 93, [ 97, 6 ] ] ], [ [ 12, [ 67, 111 ] ], [ 12, [ 67, 111 ] ], [ 115, [ 16, 60 ] ], 
          [ 115, [ 16, 60 ] ], [ 115, [ 16, 60 ] ], [ 12, [ 67, 111 ] ] ], 
      [ [ 12, [ 80, 100 ] ], [ 12, [ 80, 100 ] ], [ 115, [ 27, 47 ] ], [ 115, [ 27, 47 ] ], [ 115, [ 27, 47 ] ],
          [ 12, [ 80, 100 ] ] ], [ [ 109, [ 17, 64 ] ], [ 109, [ 17, 64 ] ], [ 18, [ 63, 110 ] ], 
          [ 18, [ 63, 110 ] ], [ 18, [ 63, 110 ] ], [ 109, [ 17, 64 ] ] ], 
      [ [ 106, [ 17, 67 ] ], [ 106, [ 17, 67 ] ], [ 21, [ 60, 110 ] ], [ 21, [ 60, 110 ] ], [ 21, [ 60, 110 ] ],
          [ 106, [ 17, 67 ] ] ], [ [ 20, [ 71, 100 ] ], [ 20, [ 71, 100 ] ], [ 107, [ 27, 56 ] ], 
          [ 107, [ 27, 56 ] ], [ 107, [ 27, 56 ] ], [ 20, [ 71, 100 ] ] ], 
      [ [ 20, [ 75, 96 ] ], [ 20, [ 75, 96 ] ], [ 107, [ 31, 52 ] ], [ 107, [ 31, 52 ] ], [ 107, [ 31, 52 ] ], 
          [ 20, [ 75, 96 ] ] ], 
      [ [ 22, [ 71, 98 ] ], [ 22, [ 71, 98 ] ], [ 105, [ 29, 56 ] ], [ 105, [ 29, 56 ] ], [ 105, [ 29, 56 ] ], 
          [ 22, [ 71, 98 ] ] ], 
      [ [ 22, [ 73, 96 ] ], [ 22, [ 73, 96 ] ], [ 105, [ 31, 54 ] ], [ 105, [ 31, 54 ] ], [ 105, [ 31, 54 ] ], 
          [ 22, [ 73, 96 ] ] ], 
      [ [ 95, [ 31, 71 ] ], [ 95, [ 31, 71 ] ], [ 32, [ 56, 96 ] ], [ 32, [ 56, 96 ] ], [ 32, [ 56, 96 ] ], 
          [ 95, [ 31, 71 ] ] ], 
      [ [ 93, [ 33, 64 ] ], [ 93, [ 33, 64 ] ], [ 34, [ 63, 94 ] ], [ 34, [ 63, 94 ] ], [ 34, [ 63, 94 ] ], 
          [ 93, [ 33, 64 ] ] ], 
      [ [ 86, [ 33, 71 ] ], [ 86, [ 33, 71 ] ], [ 41, [ 56, 94 ] ], [ 41, [ 56, 94 ] ], [ 41, [ 56, 94 ] ], 
          [ 86, [ 33, 71 ] ] ], 
      [ [ 36, [ 67, 87 ] ], [ 36, [ 67, 87 ] ], [ 91, [ 40, 60 ] ], [ 91, [ 40, 60 ] ], [ 91, [ 40, 60 ] ], 
          [ 36, [ 67, 87 ] ] ], 
      [ [ 36, [ 75, 80 ] ], [ 36, [ 75, 80 ] ], [ 91, [ 47, 52 ] ], [ 91, [ 47, 52 ] ], [ 91, [ 47, 52 ] ], 
          [ 36, [ 75, 80 ] ] ], 
      [ [ 42, [ 67, 82 ] ], [ 42, [ 67, 82 ] ], [ 85, [ 45, 60 ] ], [ 85, [ 45, 60 ] ], [ 85, [ 45, 60 ] ], 
          [ 42, [ 67, 82 ] ] ], 
      [ [ 42, [ 69, 80 ] ], [ 42, [ 69, 80 ] ], [ 85, [ 47, 58 ] ], [ 85, [ 47, 58 ] ], [ 85, [ 47, 58 ] ], 
          [ 42, [ 69, 80 ] ] ], 
      [ [ 79, [ 47, 67 ] ], [ 79, [ 47, 67 ] ], [ 48, [ 60, 80 ] ], [ 48, [ 60, 80 ] ], [ 48, [ 60, 80 ] ], 
          [ 79, [ 47, 67 ] ] ] ],
  Status := "NO",
  TheCtype := [ [ -1, 0, -1, 1, 0, -1 ], [ -1, 0, 0, -1, 0, 0 ], [ -1, 0, 0, -1, 1, -1 ], 
      [ -1, 0, 0, 0, -1, 0 ], [ -1, 0, 0, 0, 0, -1 ], [ -1, 0, 0, 0, 0, 0 ], [ -1, 0, 0, 0, 1, -1 ], 
      [ -1, 0, 0, 1, -1, 0 ], [ -1, 0, 0, 1, 0, -1 ], [ -1, 0, 1, -1, 0, 0 ], [ -1, 0, 1, -1, 1, -1 ], 
      [ -1, 0, 1, -1, 1, 0 ], [ -1, 0, 1, 0, -1, 0 ], [ -1, 0, 1, 0, -1, 1 ], [ -1, 0, 1, 0, 0, -1 ], 
      [ -1, 0, 1, 0, 0, 0 ], [ -1, 1, -1, 0, 0, 0 ], [ -1, 1, -1, 0, 0, 1 ], [ -1, 1, -1, 0, 1, -1 ], 
      [ -1, 1, -1, 0, 1, 0 ], [ -1, 1, -1, 1, -1, 0 ], [ -1, 1, -1, 1, -1, 1 ], [ -1, 1, -1, 1, 0, -1 ], 
      [ -1, 1, 0, -1, 0, 0 ], [ -1, 1, 0, -1, 0, 1 ], [ -1, 1, 0, -1, 1, -1 ], [ -1, 1, 0, -1, 1, 0 ], 
      [ -1, 1, 0, 0, -1, 0 ], [ -1, 1, 0, 0, -1, 1 ], [ -1, 1, 0, 0, 0, -1 ], [ -1, 1, 0, 0, 0, 0 ], 
      [ -1, 1, 1, -1, 0, 0 ], [ 0, -1, 0, 0, 0, 0 ], [ 0, -1, 0, 0, 0, 1 ], [ 0, -1, 0, 0, 1, -1 ], 
      [ 0, -1, 0, 0, 1, 0 ], [ 0, -1, 0, 1, -1, 0 ], [ 0, -1, 0, 1, -1, 1 ], [ 0, -1, 0, 1, 0, -1 ], 
      [ 0, -1, 0, 1, 0, 0 ], [ 0, -1, 1, -1, 0, 0 ], [ 0, -1, 1, -1, 0, 1 ], [ 0, -1, 1, -1, 1, -1 ], 
      [ 0, -1, 1, 0, -1, 0 ], [ 0, -1, 1, 0, -1, 1 ], [ 0, -1, 1, 0, 0, -1 ], [ 0, -1, 1, 0, 0, 0 ], 
      [ 0, -1, 1, 1, -1, 0 ], [ 0, 0, -1, 0, 0, 0 ], [ 0, 0, -1, 0, 0, 1 ], [ 0, 0, -1, 0, 1, -1 ], 
      [ 0, 0, -1, 0, 1, 0 ], [ 0, 0, -1, 1, -1, 0 ], [ 0, 0, -1, 1, -1, 1 ], [ 0, 0, -1, 1, 0, -1 ], 
      [ 0, 0, -1, 1, 0, 0 ], [ 0, 0, 0, -1, 0, 0 ], [ 0, 0, 0, -1, 0, 1 ], [ 0, 0, 0, -1, 1, -1 ], 
      [ 0, 0, 0, -1, 1, 0 ], [ 0, 0, 0, 0, -1, 0 ], [ 0, 0, 0, 0, -1, 1 ], [ 0, 0, 0, 0, 0, -1 ], 
      [ 0, 0, 0, 0, 0, 1 ], [ 0, 0, 0, 0, 1, -1 ], [ 0, 0, 0, 0, 1, 0 ], [ 0, 0, 0, 1, -1, 0 ], 
      [ 0, 0, 0, 1, -1, 1 ], [ 0, 0, 0, 1, 0, -1 ], [ 0, 0, 0, 1, 0, 0 ], [ 0, 0, 1, -1, 0, 0 ], 
      [ 0, 0, 1, -1, 0, 1 ], [ 0, 0, 1, -1, 1, -1 ], [ 0, 0, 1, -1, 1, 0 ], [ 0, 0, 1, 0, -1, 0 ], 
      [ 0, 0, 1, 0, -1, 1 ], [ 0, 0, 1, 0, 0, -1 ], [ 0, 0, 1, 0, 0, 0 ], [ 0, 1, -1, -1, 1, 0 ], 
      [ 0, 1, -1, 0, 0, 0 ], [ 0, 1, -1, 0, 0, 1 ], [ 0, 1, -1, 0, 1, -1 ], [ 0, 1, -1, 0, 1, 0 ], 
      [ 0, 1, -1, 1, -1, 1 ], [ 0, 1, -1, 1, 0, -1 ], [ 0, 1, -1, 1, 0, 0 ], [ 0, 1, 0, -1, 0, 0 ], 
      [ 0, 1, 0, -1, 0, 1 ], [ 0, 1, 0, -1, 1, -1 ], [ 0, 1, 0, -1, 1, 0 ], [ 0, 1, 0, 0, -1, 0 ], 
      [ 0, 1, 0, 0, -1, 1 ], [ 0, 1, 0, 0, 0, -1 ], [ 0, 1, 0, 0, 0, 0 ], [ 1, -1, -1, 1, 0, 0 ], 
      [ 1, -1, 0, 0, 0, 0 ], [ 1, -1, 0, 0, 0, 1 ], [ 1, -1, 0, 0, 1, -1 ], [ 1, -1, 0, 0, 1, 0 ], 
      [ 1, -1, 0, 1, -1, 0 ], [ 1, -1, 0, 1, -1, 1 ], [ 1, -1, 0, 1, 0, -1 ], [ 1, -1, 0, 1, 0, 0 ], 
      [ 1, -1, 1, -1, 0, 1 ], [ 1, -1, 1, -1, 1, -1 ], [ 1, -1, 1, -1, 1, 0 ], [ 1, -1, 1, 0, -1, 0 ], 
      [ 1, -1, 1, 0, -1, 1 ], [ 1, -1, 1, 0, 0, -1 ], [ 1, -1, 1, 0, 0, 0 ], [ 1, 0, -1, 0, 0, 0 ], 
      [ 1, 0, -1, 0, 0, 1 ], [ 1, 0, -1, 0, 1, -1 ], [ 1, 0, -1, 0, 1, 0 ], [ 1, 0, -1, 1, -1, 0 ], 
      [ 1, 0, -1, 1, -1, 1 ], [ 1, 0, -1, 1, 0, 0 ], [ 1, 0, 0, -1, 0, 1 ], [ 1, 0, 0, -1, 1, 0 ], 
      [ 1, 0, 0, 0, -1, 1 ], [ 1, 0, 0, 0, 0, 0 ], [ 1, 0, 0, 0, 0, 1 ], [ 1, 0, 0, 0, 1, 0 ], 
      [ 1, 0, 0, 1, -1, 1 ], [ 1, 0, 0, 1, 0, 0 ], [ 1, 0, 1, -1, 0, 1 ] ],
  eInvariant := rec(
      nbFac := 27,
      nbIneq := 915 ) );
