return [ rec(
      FAC := [ [ -1, -2, -1, -1, -1, 0 ], [ 0, 2, 2, 3, 5, 2 ], 
          [ 2, 5, 4, 3, 5, 2 ], [ 2, 5, 2, 3, 2, 0 ], 
          [ 0, -1, -1, -1, -1, 0 ], [ 0, -1, -1, -1, -2, -1 ] ],
      ListRecLtype := [ rec(
              eConfL := 
               [ [ [ 0, 0, 0 ], [ 0, 1, -1 ], [ 0, -1, 1 ] ], 
                  [ [ 1, -2, 2 ], [ -2, 4, -4 ], [ 2, -4, 4 ] ], 
                  [ [ 1, -1, 0 ], [ -1, 1, 0 ], [ 0, 0, 0 ] ], 
                  [ [ 1, -1, 1 ], [ -1, 1, -1 ], [ 1, -1, 1 ] ], 
                  [ [ 1, 0, -1 ], [ 0, 0, 0 ], [ -1, 0, 1 ] ], 
                  [ [ 4, -4, 2 ], [ -4, 4, -2 ], [ 2, -2, 1 ] ] ],
              eGramL := [ [ 8, -8, 4 ], [ -8, 11, -8 ], [ 4, -8, 8 ] ],
              eMat := [ [ 1, 0, 0 ], [ 0, 1, 0 ], [ 0, 0, 1 ] ],
              iLtype := 1 ) ],
      eConfCtype := 
       [ [ [ 0, 0, 0 ], [ 0, 1, -1 ], [ 0, -1, 1 ] ], 
          [ [ 1, -2, 2 ], [ -2, 4, -4 ], [ 2, -4, 4 ] ], 
          [ [ 1, -1, 0 ], [ -1, 1, 0 ], [ 0, 0, 0 ] ], 
          [ [ 1, -1, 1 ], [ -1, 1, -1 ], [ 1, -1, 1 ] ], 
          [ [ 1, 0, -1 ], [ 0, 0, 0 ], [ -1, 0, 1 ] ], 
          [ [ 4, -4, 2 ], [ -4, 4, -2 ], [ 2, -2, 1 ] ] ],
      eGram := [ [ 8, -8, 4 ], [ -8, 11, -8 ], [ 4, -8, 8 ] ] ) ];
