return [ rec(
      EXTray_SymMat := [ [ [ 0, 0, 0, 0 ], [ 0, 1, 1, 0 ], [ 0, 1, 1, 0 ], [ 0, 0, 0, 0 ] ], 
          [ [ 1, 0, 0, 0 ], [ 0, 0, 0, 0 ], [ 0, 0, 0, 0 ], [ 0, 0, 0, 0 ] ], 
          [ [ 0, 0, 0, 0 ], [ 0, 1, 0, 0 ], [ 0, 0, 0, 0 ], [ 0, 0, 0, 0 ] ], 
          [ [ 0, 0, 0, 0 ], [ 0, 0, 0, 0 ], [ 0, 0, 1, 0 ], [ 0, 0, 0, 0 ] ], 
          [ [ 0, 0, 0, 0 ], [ 0, 0, 0, 0 ], [ 0, 0, 0, 0 ], [ 0, 0, 0, 1 ] ], 
          [ [ 1, 1, 0, 0 ], [ 1, 1, 0, 0 ], [ 0, 0, 0, 0 ], [ 0, 0, 0, 0 ] ], 
          [ [ 0, 0, 0, 0 ], [ 0, 1, 1, 1 ], [ 0, 1, 1, 1 ], [ 0, 1, 1, 1 ] ], 
          [ [ 1, 1, 1, 0 ], [ 1, 1, 1, 0 ], [ 1, 1, 1, 0 ], [ 0, 0, 0, 0 ] ], 
          [ [ 0, 0, 0, 0 ], [ 0, 0, 0, 0 ], [ 0, 0, 1, 1 ], [ 0, 0, 1, 1 ] ], 
          [ [ 1, 1, 1, 1 ], [ 1, 1, 1, 1 ], [ 1, 1, 1, 1 ], [ 1, 1, 1, 1 ] ] ],
      IsZonotopal := true,
      ListThetaMap := [ [ -8, 0, 0, 0, 0, 0, 0, 0, 8, 0, 0, 0, 0, 0, 0, 0 ], 
          [ -8, 0, 0, 0, 8, 0, 0, 0, 0, 0, 0, 0, 0, 0, 0, 0 ], [ -8, 0, 8, 0, 0, 0, 0, 0, 0, 0, 0, 0, 0, 0, 0, 0 
             ], [ -8, 8, 0, 0, 0, 0, 0, 0, 0, 0, 0, 0, 0, 0, 0, 0 ], 
          [ -8, 0, 0, 0, 0, 0, 0, 0, 0, 0, 0, 0, 8, 0, 0, 0 ], [ -8, 0, 0, 0, 0, 0, 8, 0, 0, 0, 0, 0, 0, 0, 0, 0 
             ], [ -8, 0, 0, 0, 0, 0, 0, 8, 0, 0, 0, 0, 0, 0, 0, 0 ], 
          [ -8, 0, 0, 0, 0, 0, 0, 0, 0, 0, 0, 0, 0, 0, 8, 0 ], [ -8, 0, 0, 8, 0, 0, 0, 0, 0, 0, 0, 0, 0, 0, 0, 0 
             ], [ -8, 0, 0, 0, 0, 0, 0, 0, 0, 0, 0, 0, 0, 0, 0, 8 ] ] ), rec(
      EXTray_SymMat := [ [ [ 0, 0, 0, 0 ], [ 0, 1, 1, 0 ], [ 0, 1, 1, 0 ], [ 0, 0, 0, 0 ] ], 
          [ [ 1, 0, 0, 0 ], [ 0, 0, 0, 0 ], [ 0, 0, 0, 0 ], [ 0, 0, 0, 0 ] ], 
          [ [ 0, 0, 0, 0 ], [ 0, 1, 0, 0 ], [ 0, 0, 0, 0 ], [ 0, 0, 0, 0 ] ], 
          [ [ 0, 0, 0, 0 ], [ 0, 0, 0, 0 ], [ 0, 0, 1, 0 ], [ 0, 0, 0, 0 ] ], 
          [ [ 0, 0, 0, 0 ], [ 0, 0, 0, 0 ], [ 0, 0, 0, 0 ], [ 0, 0, 0, 1 ] ], 
          [ [ 1, 1, 0, 0 ], [ 1, 1, 0, 0 ], [ 0, 0, 0, 0 ], [ 0, 0, 0, 0 ] ], 
          [ [ 1, 1, 1, 0 ], [ 1, 1, 1, 0 ], [ 1, 1, 1, 0 ], [ 0, 0, 0, 0 ] ], 
          [ [ 0, 0, 0, 0 ], [ 0, 0, 0, 0 ], [ 0, 0, 1, 1 ], [ 0, 0, 1, 1 ] ], 
          [ [ 0, 0, 0, 0 ], [ 0, 1, 1, 1 ], [ 0, 1, 1, 1 ], [ 0, 1, 1, 1 ] ] ],
      IsZonotopal := true,
      ListThetaMap := [ [ -8, 0, 0, 0, 0, 0, 0, 0, 8, 0, 0, 0, 0, 0, 0, 0 ], 
          [ -8, 0, 0, 0, 8, 0, 0, 0, 0, 0, 0, 0, 0, 0, 0, 0 ], [ -8, 0, 8, 0, 0, 0, 0, 0, 0, 0, 0, 0, 0, 0, 0, 0 
             ], [ -8, 8, 0, 0, 0, 0, 0, 0, 0, 0, 0, 0, 0, 0, 0, 0 ], 
          [ -8, 0, 0, 0, 0, 0, 0, 0, 0, 0, 0, 0, 8, 0, 0, 0 ], [ -8, 0, 0, 0, 0, 0, 8, 0, 0, 0, 0, 0, 0, 0, 0, 0 
             ], [ -36, 4, 4, 4, 4, -4, 4, 4, 4, 4, -4, 4, 4, 4, 4, -4 ], 
          [ -8, 0, 0, 0, 0, 0, 0, 0, 0, 0, 0, 0, 0, 0, 8, 0 ], [ -8, 0, 0, 0, 0, 0, 0, 8, 0, 0, 0, 0, 0, 0, 0, 0 
             ], [ -8, 0, 0, 8, 0, 0, 0, 0, 0, 0, 0, 0, 0, 0, 0, 0 ] ] ), rec(
      EXTray_SymMat := [ [ [ 0, 0, 0, 0 ], [ 0, 1, 1, 0 ], [ 0, 1, 1, 0 ], [ 0, 0, 0, 0 ] ], 
          [ [ 1, 0, 0, 0 ], [ 0, 0, 0, 0 ], [ 0, 0, 0, 0 ], [ 0, 0, 0, 0 ] ], 
          [ [ 0, 0, 0, 0 ], [ 0, 0, 0, 0 ], [ 0, 0, 1, 0 ], [ 0, 0, 0, 0 ] ], 
          [ [ 0, 0, 0, 0 ], [ 0, 0, 0, 0 ], [ 0, 0, 0, 0 ], [ 0, 0, 0, 1 ] ], 
          [ [ 1, 1, 0, 0 ], [ 1, 1, 0, 0 ], [ 0, 0, 0, 0 ], [ 0, 0, 0, 0 ] ], 
          [ [ 1, 0, -1, -1 ], [ 0, 0, 0, 0 ], [ -1, 0, 1, 1 ], [ -1, 0, 1, 1 ] ], 
          [ [ 1, 1, 1, 0 ], [ 1, 1, 1, 0 ], [ 1, 1, 1, 0 ], [ 0, 0, 0, 0 ] ], 
          [ [ 0, 0, 0, 0 ], [ 0, 1, 1, 1 ], [ 0, 1, 1, 1 ], [ 0, 1, 1, 1 ] ], 
          [ [ 0, 0, 0, 0 ], [ 0, 0, 0, 0 ], [ 0, 0, 1, 1 ], [ 0, 0, 1, 1 ] ] ],
      IsZonotopal := true,
      ListThetaMap := [ [ -8, 0, 0, 0, 0, 0, 0, 0, 8, 0, 0, 0, 0, 0, 0, 0 ], 
          [ -36, 4, 4, 4, 4, -4, 4, 4, 4, 4, -4, 4, 4, 4, 4, -4 ], 
          [ -36, 4, 4, 4, -4, 4, 4, 4, 4, -4, 4, 4, 4, -4, 4, 4 ], 
          [ -8, 0, 8, 0, 0, 0, 0, 0, 0, 0, 0, 0, 0, 0, 0, 0 ], [ -8, 0, 0, 0, 0, 0, 0, 0, 0, 0, 0, 0, 8, 0, 0, 0 
             ], [ -8, 0, 0, 8, 0, 0, 0, 0, 0, 0, 0, 0, 0, 0, 0, 0 ], 
          [ -8, 0, 0, 0, 0, 0, 0, 8, 0, 0, 0, 0, 0, 0, 0, 0 ], [ -8, 0, 0, 0, 0, 0, 8, 0, 0, 0, 0, 0, 0, 0, 0, 0 
             ], [ -8, 8, 0, 0, 0, 0, 0, 0, 0, 0, 0, 0, 0, 0, 0, 0 ], 
          [ -8, 0, 0, 0, 0, 0, 0, 0, 0, 0, 0, 0, 0, 0, 8, 0 ], [ -8, 0, 0, 0, 0, 0, 0, 0, 0, 0, 0, 8, 0, 0, 0, 0 
             ] ] ) ];
