return [ rec(
      FAC := 
       [ [ 0, -1, 0, 0, 0, 0, 0, 0, 0, 0 ], [ 0, 0, -1, 0, 0, 0, 0, 0, 0, 0 ],
          [ 0, 0, 0, 0, 0, 0, 1, 0, 1, 1 ], [ 1, 1, 1, 2, 0, 0, 1, 0, 1, 1 ], 
          [ 0, 0, 0, 0, 0, -1, 0, 0, 0, 0 ], [ 0, 0, 0, 1, 0, 0, 0, 0, 1, 1 ],
          [ 0, 1, 0, 1, 1, 1, 2, 0, 1, 1 ], [ 0, 0, 0, 1, 0, 0, 1, 0, 0, 1 ], 
          [ 0, 0, 1, 1, 0, 1, 1, 1, 2, 1 ], 
          [ 0, 0, 0, -1, 0, 0, -1, 0, -1, -1 ] ],
      ListRecLtype := [ rec(
              eConfL := 
               [ 
                  [ [ 0, 0, 0, 0 ], [ 0, 0, 0, 0 ], [ 0, 0, 1, -1 ], 
                      [ 0, 0, -1, 1 ] ], 
                  [ [ 0, 0, 0, 0 ], [ 0, 0, 0, 0 ], [ 0, 0, 1, 0 ], 
                      [ 0, 0, 0, 0 ] ], 
                  [ [ 0, 0, 0, 0 ], [ 0, 1, -1, 0 ], [ 0, -1, 1, 0 ], 
                      [ 0, 0, 0, 0 ] ], 
                  [ [ 0, 0, 0, 0 ], [ 0, 1, 0, -1 ], [ 0, 0, 0, 0 ], 
                      [ 0, -1, 0, 1 ] ], 
                  [ [ 0, 0, 0, 0 ], [ 0, 1, 0, 0 ], [ 0, 0, 0, 0 ], 
                      [ 0, 0, 0, 0 ] ], 
                  [ [ 1, -1, 0, 0 ], [ -1, 1, 0, 0 ], [ 0, 0, 0, 0 ], 
                      [ 0, 0, 0, 0 ] ], 
                  [ [ 1, 0, -1, 0 ], [ 0, 0, 0, 0 ], [ -1, 0, 1, 0 ], 
                      [ 0, 0, 0, 0 ] ], 
                  [ [ 1, 0, 0, -1 ], [ 0, 0, 0, 0 ], [ 0, 0, 0, 0 ], 
                      [ -1, 0, 0, 1 ] ], 
                  [ [ 1, 0, 0, 0 ], [ 0, 0, 0, 0 ], [ 0, 0, 0, 0 ], 
                      [ 0, 0, 0, 0 ] ], 
                  [ [ 2, 0, 0, -1 ], [ 0, 2, 0, -1 ], [ 0, 0, 2, -1 ], 
                      [ -1, -1, -1, 2 ] ] ],
              eGramL := 
               [ [ 6, -1, -1, -2 ], [ -1, 6, -1, -2 ], [ -1, -1, 6, -2 ], 
                  [ -2, -2, -2, 5 ] ],
              eMat := [ [ 1, 0, 0, 0 ], [ 0, 1, 0, 0 ], [ 0, 0, 1, 0 ], 
                  [ 0, 0, 0, 1 ] ],
              iLtype := 1 ) ],
      eConfCtype := 
       [ [ [ 0, 0, 0, 0 ], [ 0, 0, 0, 0 ], [ 0, 0, 1, -1 ], [ 0, 0, -1, 1 ] ],
          [ [ 0, 0, 0, 0 ], [ 0, 0, 0, 0 ], [ 0, 0, 1, 0 ], [ 0, 0, 0, 0 ] ], 
          [ [ 0, 0, 0, 0 ], [ 0, 1, -1, 0 ], [ 0, -1, 1, 0 ], [ 0, 0, 0, 0 ] ]
            , 
          [ [ 0, 0, 0, 0 ], [ 0, 1, 0, -1 ], [ 0, 0, 0, 0 ], [ 0, -1, 0, 1 ] ]
            , 
          [ [ 0, 0, 0, 0 ], [ 0, 1, 0, 0 ], [ 0, 0, 0, 0 ], [ 0, 0, 0, 0 ] ], 
          [ [ 1, -1, 0, 0 ], [ -1, 1, 0, 0 ], [ 0, 0, 0, 0 ], [ 0, 0, 0, 0 ] ]
            , 
          [ [ 1, 0, -1, 0 ], [ 0, 0, 0, 0 ], [ -1, 0, 1, 0 ], [ 0, 0, 0, 0 ] ]
            , 
          [ [ 1, 0, 0, -1 ], [ 0, 0, 0, 0 ], [ 0, 0, 0, 0 ], [ -1, 0, 0, 1 ] ]
            , 
          [ [ 1, 0, 0, 0 ], [ 0, 0, 0, 0 ], [ 0, 0, 0, 0 ], [ 0, 0, 0, 0 ] ], 
          [ [ 2, 0, 0, -1 ], [ 0, 2, 0, -1 ], [ 0, 0, 2, -1 ], 
              [ -1, -1, -1, 2 ] ] ],
      eGram := [ [ 6, -1, -1, -2 ], [ -1, 6, -1, -2 ], [ -1, -1, 6, -2 ], 
          [ -2, -2, -2, 5 ] ] ), rec(
      FAC := 
       [ [ 0, 0, 1, 0, 0, 0, 0, 1, 1, 0 ], [ 0, 0, 0, 0, 0, -1, 0, 0, -1, 0 ],
          [ 0, 1, 0, 0, 1, 0, 1, 0, 0, 0 ], 
          [ 0, 0, 0, -1, 0, 0, -1, 0, -1, -1 ], 
          [ 0, 0, 0, 0, 0, -1, -1, 0, 0, 0 ], [ 1, 1, 1, 1, 0, 0, 0, 0, 0, 0 ]
            , [ 0, 0, 0, -1, 0, 0, 0, 0, 0, 0 ], 
          [ 0, 0, -1, -1, 0, -1, -1, 0, -1, -1 ], 
          [ 0, -1, 0, -1, 0, -1, -1, 0, -1, -1 ], 
          [ 0, -1, 0, 0, 0, 0, 0, 0, 0, 0 ], [ 0, 0, -1, 0, 0, 0, 0, 0, 0, 0 ]
            , [ 0, 0, 0, 0, 0, 1, 1, 0, 1, 1 ], 
          [ 1, 1, 1, 2, 0, 1, 1, 0, 1, 1 ], [ 0, 0, 0, 1, 0, 0, 0, 0, 1, 1 ], 
          [ 0, 0, 0, 0, 0, 1, 0, 0, 0, 0 ], [ 0, 1, 0, 1, 1, 1, 2, 0, 1, 1 ], 
          [ 0, 0, 0, 1, 0, 0, 1, 0, 0, 1 ], [ 0, 0, 1, 1, 0, 1, 1, 1, 2, 1 ] ]
       ,
      ListRecLtype := [ rec(
              eConfL := 
               [ 
                  [ [ 0, 0, 0, 0 ], [ 0, 0, 0, 0 ], [ 0, 0, 1, -1 ], 
                      [ 0, 0, -1, 1 ] ], 
                  [ [ 0, 0, 0, 0 ], [ 0, 0, 0, 0 ], [ 0, 0, 1, 0 ], 
                      [ 0, 0, 0, 0 ] ], 
                  [ [ 0, 0, 0, 0 ], [ 0, 1, 0, -1 ], [ 0, 0, 0, 0 ], 
                      [ 0, -1, 0, 1 ] ], 
                  [ [ 0, 0, 0, 0 ], [ 0, 1, 0, 0 ], [ 0, 0, 0, 0 ], 
                      [ 0, 0, 0, 0 ] ], 
                  [ [ 0, 0, 0, 0 ], [ 0, 1, 1, -1 ], [ 0, 1, 1, -1 ], 
                      [ 0, -1, -1, 1 ] ], 
                  [ [ 1, -1, 0, 0 ], [ -1, 1, 0, 0 ], [ 0, 0, 0, 0 ], 
                      [ 0, 0, 0, 0 ] ], 
                  [ [ 1, 0, -1, 0 ], [ 0, 0, 0, 0 ], [ -1, 0, 1, 0 ], 
                      [ 0, 0, 0, 0 ] ], 
                  [ [ 1, 0, 0, -1 ], [ 0, 0, 0, 0 ], [ 0, 0, 0, 0 ], 
                      [ -1, 0, 0, 1 ] ], 
                  [ [ 1, 0, 0, 0 ], [ 0, 0, 0, 0 ], [ 0, 0, 0, 0 ], 
                      [ 0, 0, 0, 0 ] ], 
                  [ [ 2, 0, 0, -1 ], [ 0, 2, 0, -1 ], [ 0, 0, 2, -1 ], 
                      [ -1, -1, -1, 2 ] ] ],
              eGramL := 
               [ [ 6, -1, -1, -2 ], [ -1, 6, 1, -3 ], [ -1, 1, 6, -3 ], 
                  [ -2, -3, -3, 6 ] ],
              eMat := [ [ 1, 0, 0, 0 ], [ 0, 1, 0, 0 ], [ 0, 0, 1, 0 ], 
                  [ 0, 0, 0, 1 ] ],
              iLtype := 2 ), rec(
              eConfL := 
               [ 
                  [ [ 0, 0, 0, 0 ], [ 0, 0, 0, 0 ], [ 0, 0, 1, -1 ], 
                      [ 0, 0, -1, 1 ] ], 
                  [ [ 0, 0, 0, 0 ], [ 0, 0, 0, 0 ], [ 0, 0, 1, 0 ], 
                      [ 0, 0, 0, 0 ] ], 
                  [ [ 0, 0, 0, 0 ], [ 0, 1, 0, -1 ], [ 0, 0, 0, 0 ], 
                      [ 0, -1, 0, 1 ] ], 
                  [ [ 0, 0, 0, 0 ], [ 0, 1, 0, 0 ], [ 0, 0, 0, 0 ], 
                      [ 0, 0, 0, 0 ] ], 
                  [ [ 0, 0, 0, 0 ], [ 0, 1, 1, -1 ], [ 0, 1, 1, -1 ], 
                      [ 0, -1, -1, 1 ] ], 
                  [ [ 1, -1, 0, 0 ], [ -1, 1, 0, 0 ], [ 0, 0, 0, 0 ], 
                      [ 0, 0, 0, 0 ] ], 
                  [ [ 1, 0, -1, 0 ], [ 0, 0, 0, 0 ], [ -1, 0, 1, 0 ], 
                      [ 0, 0, 0, 0 ] ], 
                  [ [ 1, 0, 0, -1 ], [ 0, 0, 0, 0 ], [ 0, 0, 0, 0 ], 
                      [ -1, 0, 0, 1 ] ], 
                  [ [ 1, 0, 0, 0 ], [ 0, 0, 0, 0 ], [ 0, 0, 0, 0 ], 
                      [ 0, 0, 0, 0 ] ], 
                  [ [ 2, -1, -1, 0 ], [ -1, 2, 1, -1 ], [ -1, 1, 2, -1 ], 
                      [ 0, -1, -1, 2 ] ] ],
              eGramL := 
               [ [ 6, -2, -2, -1 ], [ -2, 6, 2, -3 ], [ -2, 2, 6, -3 ], 
                  [ -1, -3, -3, 6 ] ],
              eMat := [ [ 0, 1, 0, 0 ], [ 0, 0, 1, 1 ], [ -1, -1, 0, -1 ], 
                  [ 1, 0, 0, 0 ] ],
              iLtype := 2 ) ],
      eConfCtype := 
       [ [ [ 0, 0, 0, 0 ], [ 0, 0, 0, 0 ], [ 0, 0, 1, -1 ], [ 0, 0, -1, 1 ] ],
          [ [ 0, 0, 0, 0 ], [ 0, 0, 0, 0 ], [ 0, 0, 1, 0 ], [ 0, 0, 0, 0 ] ], 
          [ [ 0, 0, 0, 0 ], [ 0, 1, 0, -1 ], [ 0, 0, 0, 0 ], [ 0, -1, 0, 1 ] ]
            , 
          [ [ 0, 0, 0, 0 ], [ 0, 1, 0, 0 ], [ 0, 0, 0, 0 ], [ 0, 0, 0, 0 ] ], 
          [ [ 0, 0, 0, 0 ], [ 0, 1, 1, -1 ], [ 0, 1, 1, -1 ], 
              [ 0, -1, -1, 1 ] ], 
          [ [ 1, -1, 0, 0 ], [ -1, 1, 0, 0 ], [ 0, 0, 0, 0 ], [ 0, 0, 0, 0 ] ]
            , 
          [ [ 1, 0, -1, 0 ], [ 0, 0, 0, 0 ], [ -1, 0, 1, 0 ], [ 0, 0, 0, 0 ] ]
            , 
          [ [ 1, 0, 0, -1 ], [ 0, 0, 0, 0 ], [ 0, 0, 0, 0 ], [ -1, 0, 0, 1 ] ]
            , 
          [ [ 1, 0, 0, 0 ], [ 0, 0, 0, 0 ], [ 0, 0, 0, 0 ], [ 0, 0, 0, 0 ] ], 
          [ [ 2, -1, -1, 0 ], [ -1, 2, 1, -1 ], [ -1, 1, 2, -1 ], 
              [ 0, -1, -1, 2 ] ], 
          [ [ 2, 0, 0, -1 ], [ 0, 2, 0, -1 ], [ 0, 0, 2, -1 ], 
              [ -1, -1, -1, 2 ] ] ],
      eGram := [ [ 8, -2, -2, -2 ], [ -2, 8, 2, -4 ], [ -2, 2, 8, -4 ], 
          [ -2, -4, -4, 8 ] ] ), rec(
      FAC := 
       [ [ 0, -1, 0, 0, 0, 0, 0, 0, 0, 0 ], [ 0, 0, -1, 0, 0, 0, 0, 0, 0, 0 ],
          [ 0, 0, 0, -1, 0, 0, 0, 0, 0, 0 ], [ 1, 1, 1, 1, 0, 0, 0, 0, 0, 0 ],
          [ 0, 0, 0, 0, 0, -1, 0, 0, 0, 0 ], [ 0, 0, 0, 0, 0, 0, -1, 0, 0, 0 ]
            , [ 0, 1, 0, 0, 1, 1, 1, 0, 0, 0 ], 
          [ 0, 0, 0, 0, 0, 0, 0, 0, -1, 0 ], [ 0, 0, 1, 0, 0, 1, 0, 1, 1, 0 ],
          [ 0, 0, 0, 1, 0, 0, 1, 0, 1, 1 ] ],
      ListRecLtype := [ rec(
              eConfL := 
               [ 
                  [ [ 0, 0, 0, 0 ], [ 0, 0, 0, 0 ], [ 0, 0, 0, 0 ], 
                      [ 0, 0, 0, 1 ] ], 
                  [ [ 0, 0, 0, 0 ], [ 0, 0, 0, 0 ], [ 0, 0, 1, -1 ], 
                      [ 0, 0, -1, 1 ] ], 
                  [ [ 0, 0, 0, 0 ], [ 0, 0, 0, 0 ], [ 0, 0, 1, 0 ], 
                      [ 0, 0, 0, 0 ] ], 
                  [ [ 0, 0, 0, 0 ], [ 0, 1, -1, 0 ], [ 0, -1, 1, 0 ], 
                      [ 0, 0, 0, 0 ] ], 
                  [ [ 0, 0, 0, 0 ], [ 0, 1, 0, -1 ], [ 0, 0, 0, 0 ], 
                      [ 0, -1, 0, 1 ] ], 
                  [ [ 0, 0, 0, 0 ], [ 0, 1, 0, 0 ], [ 0, 0, 0, 0 ], 
                      [ 0, 0, 0, 0 ] ], 
                  [ [ 1, -1, 0, 0 ], [ -1, 1, 0, 0 ], [ 0, 0, 0, 0 ], 
                      [ 0, 0, 0, 0 ] ], 
                  [ [ 1, 0, -1, 0 ], [ 0, 0, 0, 0 ], [ -1, 0, 1, 0 ], 
                      [ 0, 0, 0, 0 ] ], 
                  [ [ 1, 0, 0, -1 ], [ 0, 0, 0, 0 ], [ 0, 0, 0, 0 ], 
                      [ -1, 0, 0, 1 ] ], 
                  [ [ 1, 0, 0, 0 ], [ 0, 0, 0, 0 ], [ 0, 0, 0, 0 ], 
                      [ 0, 0, 0, 0 ] ] ],
              eGramL := 
               [ [ 4, -1, -1, -1 ], [ -1, 4, -1, -1 ], [ -1, -1, 4, -1 ], 
                  [ -1, -1, -1, 4 ] ],
              eMat := [ [ 1, 0, 0, 0 ], [ 0, 1, 0, 0 ], [ 0, 0, 1, 0 ], 
                  [ 0, 0, 0, 1 ] ],
              iLtype := 3 ) ],
      eConfCtype := 
       [ [ [ 0, 0, 0, 0 ], [ 0, 0, 0, 0 ], [ 0, 0, 0, 0 ], [ 0, 0, 0, 1 ] ], 
          [ [ 0, 0, 0, 0 ], [ 0, 0, 0, 0 ], [ 0, 0, 1, -1 ], [ 0, 0, -1, 1 ] ]
            , 
          [ [ 0, 0, 0, 0 ], [ 0, 0, 0, 0 ], [ 0, 0, 1, 0 ], [ 0, 0, 0, 0 ] ], 
          [ [ 0, 0, 0, 0 ], [ 0, 1, -1, 0 ], [ 0, -1, 1, 0 ], [ 0, 0, 0, 0 ] ]
            , 
          [ [ 0, 0, 0, 0 ], [ 0, 1, 0, -1 ], [ 0, 0, 0, 0 ], [ 0, -1, 0, 1 ] ]
            , 
          [ [ 0, 0, 0, 0 ], [ 0, 1, 0, 0 ], [ 0, 0, 0, 0 ], [ 0, 0, 0, 0 ] ], 
          [ [ 1, -1, 0, 0 ], [ -1, 1, 0, 0 ], [ 0, 0, 0, 0 ], [ 0, 0, 0, 0 ] ]
            , 
          [ [ 1, 0, -1, 0 ], [ 0, 0, 0, 0 ], [ -1, 0, 1, 0 ], [ 0, 0, 0, 0 ] ]
            , 
          [ [ 1, 0, 0, -1 ], [ 0, 0, 0, 0 ], [ 0, 0, 0, 0 ], [ -1, 0, 0, 1 ] ]
            , 
          [ [ 1, 0, 0, 0 ], [ 0, 0, 0, 0 ], [ 0, 0, 0, 0 ], [ 0, 0, 0, 0 ] ] ]
       ,
      eGram := [ [ 4, -1, -1, -1 ], [ -1, 4, -1, -1 ], [ -1, -1, 4, -1 ], 
          [ -1, -1, -1, 4 ] ] ) ];
