return [ rec(
      CharMat := [ [ 4, 3, 2, 1 ], [ 3, 6, 4, 2 ], [ 2, 4, 6, 3 ], 
          [ 1, 2, 3, 4 ] ],
      ListInequalities := 
       [ [ 0, 0, 0, 0, 0, 0, 0, 1, 0, 0, 0 ], 
          [ 0, 0, 0, 0, 0, 0, 1, -1, 0, 0, 0 ], 
          [ 0, 0, 0, 0, 0, 1, -1, 0, 0, 0, 0 ], 
          [ 0, 1, 0, 0, 0, -1, 0, 0, 0, 0, 0 ], 
          [ 0, 0, 1, 0, 0, -1, 1, 0, -1, 0, 0 ], 
          [ 0, 0, 0, 0, 0, 0, -1, 1, 1, -1, 0 ], 
          [ 0, 0, 0, 0, 0, 0, 0, -1, 0, 1, 0 ], 
          [ 0, 0, 0, 1, 0, 0, 0, 0, -1, 1, -1 ], 
          [ 0, 0, 0, 0, 0, 0, 0, 0, 0, -1, 1 ], 
          [ 0, 0, 0, 0, 1, 0, 0, 0, 0, 0, -1 ] ],
      ListInformations := 
       [ 
          [ [ 4, [ 30, 1 ] ], [ 4, [ 30, 1 ] ], [ 3, [ 29, 2 ] ], 
              [ 3, [ 29, 2 ] ], [ 3, [ 29, 2 ] ], [ 4, [ 30, 1 ] ] ], 
          [ [ 6, [ 28, 1 ] ], [ 6, [ 28, 1 ] ], [ 5, [ 27, 2 ] ], 
              [ 5, [ 27, 2 ] ], [ 5, [ 27, 2 ] ], [ 6, [ 28, 1 ] ] ], 
          [ [ 10, [ 24, 1 ] ], [ 10, [ 24, 1 ] ], [ 9, [ 23, 2 ] ], 
              [ 9, [ 23, 2 ] ], [ 9, [ 23, 2 ] ], [ 10, [ 24, 1 ] ] ], 
          [ [ 18, [ 1, 16 ] ], [ 18, [ 1, 16 ] ], [ 17, [ 2, 15 ] ], 
              [ 17, [ 2, 15 ] ], [ 17, [ 2, 15 ] ], [ 18, [ 1, 16 ] ] ], 
          [ [ 7, [ 16, 24 ] ], [ 7, [ 16, 24 ] ], [ 8, [ 15, 23 ] ], 
              [ 8, [ 15, 23 ] ], [ 8, [ 15, 23 ] ], [ 7, [ 16, 24 ] ] ], 
          [ [ 11, [ 16, 28 ] ], [ 11, [ 16, 28 ] ], [ 12, [ 15, 27 ] ], 
              [ 12, [ 15, 27 ] ], [ 12, [ 15, 27 ] ], [ 11, [ 16, 28 ] ] ], 
          [ [ 13, [ 16, 30 ] ], [ 13, [ 16, 30 ] ], [ 14, [ 15, 29 ] ], 
              [ 14, [ 15, 29 ] ], [ 14, [ 15, 29 ] ], [ 13, [ 16, 30 ] ] ], 
          [ [ 19, [ 24, 28 ] ], [ 19, [ 24, 28 ] ], [ 20, [ 23, 27 ] ], 
              [ 20, [ 23, 27 ] ], [ 20, [ 23, 27 ] ], [ 19, [ 24, 28 ] ] ], 
          [ [ 21, [ 24, 30 ] ], [ 21, [ 24, 30 ] ], [ 22, [ 23, 29 ] ], 
              [ 22, [ 23, 29 ] ], [ 22, [ 23, 29 ] ], [ 21, [ 24, 30 ] ] ], 
          [ [ 25, [ 28, 30 ] ], [ 25, [ 28, 30 ] ], [ 26, [ 27, 29 ] ], 
              [ 26, [ 27, 29 ] ], [ 26, [ 27, 29 ] ], [ 25, [ 28, 30 ] ] ] ],
      Status := "YES",
      TheCtype := [ [ -1, 0, 0, 0 ], [ 1, 0, 0, 0 ], [ -1, 0, 0, 1 ], 
          [ 1, 0, 0, -1 ], [ -1, 0, 1, -1 ], [ 1, 0, -1, 1 ], [ -1, 0, 1, 0 ],
          [ 1, 0, -1, 0 ], [ -1, 1, -1, 0 ], [ 1, -1, 1, 0 ], 
          [ -1, 1, -1, 1 ], [ 1, -1, 1, -1 ], [ -1, 1, 0, -1 ], 
          [ 1, -1, 0, 1 ], [ -1, 1, 0, 0 ], [ 1, -1, 0, 0 ], [ 0, -1, 0, 0 ], 
          [ 0, 1, 0, 0 ], [ 0, -1, 0, 1 ], [ 0, 1, 0, -1 ], [ 0, -1, 1, -1 ], 
          [ 0, 1, -1, 1 ], [ 0, -1, 1, 0 ], [ 0, 1, -1, 0 ], [ 0, 0, -1, 0 ], 
          [ 0, 0, 1, 0 ], [ 0, 0, -1, 1 ], [ 0, 0, 1, -1 ], [ 0, 0, 0, -1 ], 
          [ 0, 0, 0, 1 ] ],
      eInvariant := rec(
          nbFac := 10,
          nbIneq := 75,
          nbRays := 10 ) ), rec(
      CharMat := [ [ 5, 3, 1, -1 ], [ 3, 7, 4, 1 ], [ 1, 4, 7, 3 ], 
          [ -1, 1, 3, 5 ] ],
      ListInequalities := 
       [ [ 0, 0, 0, 0, 0, 0, 0, -1, 0, 0, 0 ], 
          [ 0, 0, 0, 0, 0, 0, 1, 0, 0, 0, 0 ], 
          [ 0, 0, 0, 0, 0, 1, -1, 1, 0, 0, 0 ], 
          [ 0, 1, 0, 0, 0, -1, 0, 1, 0, 0, 0 ], 
          [ 0, 0, 0, 0, 1, 0, 0, 1, 0, 0, -1 ], 
          [ 0, 0, 1, 0, 0, -1, 1, 0, -1, 0, 0 ], 
          [ 0, 0, 0, 0, 0, 0, 0, 1, 0, -1, 1 ], 
          [ 0, 0, 0, 0, 0, 0, -1, 1, 1, -1, 0 ], 
          [ 0, 0, 0, 0, 0, 0, 0, 0, 0, 1, 0 ], 
          [ 0, 0, 0, 1, 0, 0, 0, 0, -1, 1, -1 ] ],
      ListInformations := 
       [ 
          [ [ 1, [ 16, 29 ] ], [ 1, [ 16, 29 ] ], [ 30, [ 2, 15 ] ], 
              [ 30, [ 2, 15 ] ], [ 30, [ 2, 15 ] ], [ 1, [ 16, 29 ] ] ], 
          [ [ 27, [ 2, 18 ] ], [ 27, [ 2, 18 ] ], [ 4, [ 13, 29 ] ], 
              [ 4, [ 13, 29 ] ], [ 4, [ 13, 29 ] ], [ 27, [ 2, 18 ] ] ], 
          [ [ 25, [ 2, 20 ] ], [ 25, [ 2, 20 ] ], [ 6, [ 11, 29 ] ], 
              [ 6, [ 11, 29 ] ], [ 6, [ 11, 29 ] ], [ 25, [ 2, 20 ] ] ], 
          [ [ 21, [ 24, 2 ] ], [ 21, [ 24, 2 ] ], [ 10, [ 29, 7 ] ], 
              [ 10, [ 29, 7 ] ], [ 10, [ 29, 7 ] ], [ 21, [ 24, 2 ] ] ], 
          [ [ 27, [ 3, 16 ] ], [ 27, [ 3, 16 ] ], [ 4, [ 15, 28 ] ], 
              [ 4, [ 15, 28 ] ], [ 4, [ 15, 28 ] ], [ 27, [ 3, 16 ] ] ], 
          [ [ 4, [ 19, 23 ] ], [ 4, [ 19, 23 ] ], [ 27, [ 8, 12 ] ], 
              [ 27, [ 8, 12 ] ], [ 27, [ 8, 12 ] ], [ 4, [ 19, 23 ] ] ], 
          [ [ 25, [ 5, 16 ] ], [ 25, [ 5, 16 ] ], [ 6, [ 15, 26 ] ], 
              [ 6, [ 15, 26 ] ], [ 6, [ 15, 26 ] ], [ 25, [ 5, 16 ] ] ], 
          [ [ 6, [ 17, 23 ] ], [ 6, [ 17, 23 ] ], [ 25, [ 8, 14 ] ], 
              [ 25, [ 8, 14 ] ], [ 25, [ 8, 14 ] ], [ 6, [ 17, 23 ] ] ], 
          [ [ 21, [ 9, 16 ] ], [ 21, [ 9, 16 ] ], [ 10, [ 15, 22 ] ], 
              [ 10, [ 15, 22 ] ], [ 10, [ 15, 22 ] ], [ 21, [ 9, 16 ] ] ], 
          [ [ 10, [ 17, 19 ] ], [ 10, [ 17, 19 ] ], [ 21, [ 12, 14 ] ], 
              [ 21, [ 12, 14 ] ], [ 21, [ 12, 14 ] ], [ 10, [ 17, 19 ] ] ] ],
      Status := "YES",
      TheCtype := [ [ -1, 0, 0, -1 ], [ -1, 0, 0, 0 ], [ -1, 0, 1, -1 ], 
          [ -1, 0, 1, 0 ], [ -1, 1, -1, 0 ], [ -1, 1, -1, 1 ], 
          [ -1, 1, 0, -1 ], [ -1, 1, 0, 0 ], [ 0, -1, 0, 0 ], [ 0, -1, 0, 1 ],
          [ 0, -1, 1, -1 ], [ 0, -1, 1, 0 ], [ 0, 0, -1, 0 ], [ 0, 0, -1, 1 ],
          [ 0, 0, 0, -1 ], [ 0, 0, 0, 1 ], [ 0, 0, 1, -1 ], [ 0, 0, 1, 0 ], 
          [ 0, 1, -1, 0 ], [ 0, 1, -1, 1 ], [ 0, 1, 0, -1 ], [ 0, 1, 0, 0 ], 
          [ 1, -1, 0, 0 ], [ 1, -1, 0, 1 ], [ 1, -1, 1, -1 ], [ 1, -1, 1, 0 ],
          [ 1, 0, -1, 0 ], [ 1, 0, -1, 1 ], [ 1, 0, 0, 0 ], [ 1, 0, 0, 1 ] ],
      eInvariant := rec(
          nbFac := 10,
          nbIneq := 75,
          nbRays := 10 ) ), rec(
      CharMat := [ [ 8, 4, 0, -2 ], [ 4, 8, 6, 2 ], [ 0, 6, 12, 6 ], 
          [ -2, 2, 6, 8 ] ],
      ListInequalities := 
       [ [ 0, 0, 0, 0, 0, 0, 0, -1, 0, 0, 0 ], 
          [ 0, 0, 1, 1, 0, -1, 1, -1, -2, 1, -1 ], 
          [ 0, 0, 1, 0, 0, -1, 0, 0, 0, -1, 0 ], 
          [ 0, 0, 0, 0, 0, 0, 1, -1, 0, 0, 0 ], 
          [ 0, 0, 0, 0, 0, 1, -1, 1, 0, 0, 0 ], 
          [ 0, 1, 0, 0, 0, -1, 0, 1, 0, 0, 0 ], 
          [ 0, 0, 1, 0, 0, -1, 1, 0, -1, -1, 1 ], 
          [ 0, 0, 1, 0, 0, -1, 1, -1, -1, 1, 0 ], 
          [ 0, 0, 0, 0, 0, 0, 0, 1, 0, -1, 1 ], 
          [ 0, 1, 1, 0, 0, -2, 1, 0, -1, 0, 0 ], 
          [ 0, 0, -1, 0, 0, 1, 0, 0, 1, 0, 0 ], 
          [ 0, 0, 0, 0, 0, 0, -1, 1, 1, -1, 0 ], 
          [ 0, 0, -1, 0, 1, 1, -1, 1, 1, 0, -1 ], 
          [ 0, 0, -1, 0, 0, 1, -1, 0, 1, 0, 0 ], 
          [ 0, 0, 0, 0, 0, 0, 0, 0, 0, 1, 0 ], 
          [ 0, 0, 1, 0, 0, 0, 0, 0, -1, 0, 0 ], 
          [ 0, 0, 0, 1, 0, 0, 0, 0, -1, 1, -1 ], 
          [ 0, 0, 0, 0, 1, 0, 0, 0, 0, 0, -1 ] ],
      ListInformations := 
       [ 
          [ [ 1, [ 16, 29 ] ], [ 1, [ 16, 29 ] ], [ 30, [ 2, 15 ] ], 
              [ 30, [ 2, 15 ] ], [ 30, [ 2, 15 ] ], [ 1, [ 16, 29 ] ] ], 
          [ [ 1, [ 20, 27 ] ], [ 1, [ 20, 27 ] ], [ 30, [ 4, 11 ] ], 
              [ 30, [ 4, 11 ] ], [ 30, [ 4, 11 ] ], [ 1, [ 20, 27 ] ] ], 
          [ [ 1, [ 22, 25 ] ], [ 1, [ 22, 25 ] ], [ 30, [ 6, 9 ] ], 
              [ 30, [ 6, 9 ] ], [ 30, [ 6, 9 ] ], [ 1, [ 22, 25 ] ] ], 
          [ [ 28, [ 2, 17 ] ], [ 28, [ 2, 17 ] ], [ 3, [ 14, 29 ] ], 
              [ 3, [ 14, 29 ] ], [ 3, [ 14, 29 ] ], [ 28, [ 2, 17 ] ] ], 
          [ [ 26, [ 2, 20 ] ], [ 26, [ 2, 20 ] ], [ 5, [ 11, 29 ] ], 
              [ 5, [ 11, 29 ] ], [ 5, [ 11, 29 ] ], [ 26, [ 2, 20 ] ] ], 
          [ [ 21, [ 25, 2 ] ], [ 21, [ 25, 2 ] ], [ 10, [ 29, 6 ] ], 
              [ 10, [ 29, 6 ] ], [ 10, [ 29, 6 ] ], [ 21, [ 25, 2 ] ] ], 
          [ [ 3, [ 19, 25 ] ], [ 3, [ 19, 25 ] ], [ 28, [ 6, 12 ] ], 
              [ 28, [ 6, 12 ] ], [ 28, [ 6, 12 ] ], [ 3, [ 19, 25 ] ] ], 
          [ [ 3, [ 20, 24 ] ], [ 3, [ 20, 24 ] ], [ 28, [ 7, 11 ] ], 
              [ 28, [ 7, 11 ] ], [ 28, [ 7, 11 ] ], [ 3, [ 20, 24 ] ] ], 
          [ [ 26, [ 4, 16 ] ], [ 26, [ 4, 16 ] ], [ 5, [ 15, 27 ] ], 
              [ 5, [ 15, 27 ] ], [ 5, [ 15, 27 ] ], [ 26, [ 4, 16 ] ] ], 
          [ [ 18, [ 24, 4 ] ], [ 18, [ 24, 4 ] ], [ 13, [ 27, 7 ] ], 
              [ 13, [ 27, 7 ] ], [ 13, [ 27, 7 ] ], [ 18, [ 24, 4 ] ] ], 
          [ [ 23, [ 4, 22 ] ], [ 23, [ 4, 22 ] ], [ 8, [ 9, 27 ] ], 
              [ 8, [ 9, 27 ] ], [ 8, [ 9, 27 ] ], [ 23, [ 4, 22 ] ] ], 
          [ [ 5, [ 17, 24 ] ], [ 5, [ 17, 24 ] ], [ 26, [ 7, 14 ] ], 
              [ 26, [ 7, 14 ] ], [ 26, [ 7, 14 ] ], [ 5, [ 17, 24 ] ] ], 
          [ [ 23, [ 6, 20 ] ], [ 23, [ 6, 20 ] ], [ 8, [ 11, 25 ] ], 
              [ 8, [ 11, 25 ] ], [ 8, [ 11, 25 ] ], [ 23, [ 6, 20 ] ] ], 
          [ [ 23, [ 7, 19 ] ], [ 23, [ 7, 19 ] ], [ 8, [ 12, 24 ] ], 
              [ 8, [ 12, 24 ] ], [ 8, [ 12, 24 ] ], [ 23, [ 7, 19 ] ] ], 
          [ [ 21, [ 9, 16 ] ], [ 21, [ 9, 16 ] ], [ 10, [ 15, 22 ] ], 
              [ 10, [ 15, 22 ] ], [ 10, [ 15, 22 ] ], [ 21, [ 9, 16 ] ] ], 
          [ [ 18, [ 19, 9 ] ], [ 18, [ 19, 9 ] ], [ 13, [ 22, 12 ] ], 
              [ 13, [ 22, 12 ] ], [ 13, [ 22, 12 ] ], [ 18, [ 19, 9 ] ] ], 
          [ [ 10, [ 17, 19 ] ], [ 10, [ 17, 19 ] ], [ 21, [ 12, 14 ] ], 
              [ 21, [ 12, 14 ] ], [ 21, [ 12, 14 ] ], [ 10, [ 17, 19 ] ] ], 
          [ [ 13, [ 16, 17 ] ], [ 13, [ 16, 17 ] ], [ 18, [ 14, 15 ] ], 
              [ 18, [ 14, 15 ] ], [ 18, [ 14, 15 ] ], [ 13, [ 16, 17 ] ] ] ],
      Status := "YES",
      TheCtype := [ [ -1, 0, 0, -1 ], [ -1, 0, 0, 0 ], [ -1, 0, 1, -1 ], 
          [ -1, 1, -1, 0 ], [ -1, 1, -1, 1 ], [ -1, 1, 0, -1 ], 
          [ -1, 1, 0, 0 ], [ -1, 2, -1, 0 ], [ 0, -1, 0, 0 ], [ 0, -1, 0, 1 ],
          [ 0, -1, 1, -1 ], [ 0, -1, 1, 0 ], [ 0, 0, -1, 0 ], [ 0, 0, -1, 1 ],
          [ 0, 0, 0, -1 ], [ 0, 0, 0, 1 ], [ 0, 0, 1, -1 ], [ 0, 0, 1, 0 ], 
          [ 0, 1, -1, 0 ], [ 0, 1, -1, 1 ], [ 0, 1, 0, -1 ], [ 0, 1, 0, 0 ], 
          [ 1, -2, 1, 0 ], [ 1, -1, 0, 0 ], [ 1, -1, 0, 1 ], [ 1, -1, 1, -1 ],
          [ 1, -1, 1, 0 ], [ 1, 0, -1, 1 ], [ 1, 0, 0, 0 ], [ 1, 0, 0, 1 ] ],
      eInvariant := rec(
          nbFac := 18,
          nbIneq := 78,
          nbRays := 11 ) ) ];
