return rec(
  CheckDel := false,
  ListDel5 := 
   [ [ [ 1, -1, -1, -1, -2 ], [ 1, -1, -1, -1, -1 ], [ 1, -1, -1, 0, -1 ], 
          [ 1, 0, -1, 0, -1 ], [ 1, 0, 0, 0, 0 ] ], 
      [ [ 1, 0, -1, 1, 0 ], [ 1, -1, -1, 0, -1 ], [ 1, 0, 0, 1, 0 ], 
          [ 1, 0, 0, 1, 1 ], [ 1, 0, 0, 0, 0 ] ], 
      [ [ 1, 0, 1, 1, 1 ], [ 1, 0, 1, 0, 0 ], [ 1, 1, 1, 1, 1 ], 
          [ 1, 0, 0, 1, 0 ], [ 1, 0, 0, 0, 0 ] ], 
      [ [ 1, 0, 1, -1, 0 ], [ 1, 0, 1, 0, 0 ], [ 1, -1, 0, -1, -1 ], 
          [ 1, 0, 0, -1, -1 ], [ 1, 0, 0, 0, 0 ] ], 
      [ [ 1, 1, 0, 1, 0 ], [ 1, 1, 1, 1, 1 ], [ 1, 1, 0, 1, 1 ], 
          [ 1, 1, 0, 0, 0 ], [ 1, 0, 0, 0, 0 ] ], 
      [ [ 1, -1, -1, -1, -2 ], [ 1, -1, 0, -1, -1 ], [ 1, -1, -1, -1, -1 ], 
          [ 1, -1, -1, 0, -1 ], [ 1, 0, 0, 0, 0 ] ], 
      [ [ 1, 1, 1, 0, 0 ], [ 1, 1, 0, 0, 0 ], [ 1, 1, 1, 0, 1 ], 
          [ 1, 1, 1, 1, 1 ], [ 1, 0, 0, 0, 0 ] ], 
      [ [ 1, 1, 0, 0, 1 ], [ 1, 0, 0, 0, 1 ], [ 1, 0, -1, 0, 0 ], 
          [ 1, 1, 0, 1, 1 ], [ 1, 0, 0, 0, 0 ] ], 
      [ [ 1, -1, -1, 0, 0 ], [ 1, 0, 0, 0, 1 ], [ 1, 0, -1, 0, 0 ], 
          [ 1, -1, -1, -1, -1 ], [ 1, 0, 0, 0, 0 ] ], 
      [ [ 1, 0, -1, -1, -1 ], [ 1, 1, 0, 0, 0 ], [ 1, 0, -1, 0, -1 ], 
          [ 1, 0, -1, 0, 0 ], [ 1, 0, 0, 0, 0 ] ], 
      [ [ 1, -1, 0, -1, 0 ], [ 1, 0, 0, 0, 1 ], [ 1, 0, 1, 0, 1 ], 
          [ 1, -1, 0, 0, 0 ], [ 1, 0, 0, 0, 0 ] ], 
      [ [ 1, 1, 1, 1, 2 ], [ 1, 0, 0, 0, 1 ], [ 1, 0, 1, 0, 1 ], 
          [ 1, 1, 1, 0, 1 ], [ 1, 0, 0, 0, 0 ] ], 
      [ [ 1, 0, -1, 1, 0 ], [ 1, 0, -1, 0, 0 ], [ 1, 0, -1, 0, -1 ], 
          [ 1, -1, -1, 0, -1 ], [ 1, 0, 0, 0, 0 ] ], 
      [ [ 1, 0, 1, 1, 1 ], [ 1, 0, 1, 0, 1 ], [ 1, 0, 1, 0, 0 ], 
          [ 1, 1, 1, 1, 1 ], [ 1, 0, 0, 0, 0 ] ], 
      [ [ 1, 1, 0, 0, 1 ], [ 1, 0, 0, 0, 1 ], [ 1, 0, 0, -1, 0 ], 
          [ 1, 1, 1, 0, 1 ], [ 1, 0, 0, 0, 0 ] ], 
      [ [ 1, 1, 0, 0, 1 ], [ 1, 1, 0, 0, 0 ], [ 1, 1, 0, 1, 1 ], 
          [ 1, 0, -1, 0, 0 ], [ 1, 0, 0, 0, 0 ] ], 
      [ [ 1, -1, 0, 0, -1 ], [ 1, -1, 0, -1, -1 ], [ 1, -1, 0, 0, 0 ], 
          [ 1, -1, -1, 0, -1 ], [ 1, 0, 0, 0, 0 ] ], 
      [ [ 1, -1, -1, -1, -2 ], [ 1, -1, 0, -1, -1 ], [ 1, 0, 0, -1, -1 ], 
          [ 1, 0, 0, 0, -1 ], [ 1, 0, 0, 0, 0 ] ] ],
  ListDel6 := 
   [ [ [ 1, -1, -1, -1, -2 ], [ 1, 0, 0, -1, -1 ], [ 1, -1, -1, -1, -1 ], 
          [ 1, 0, -1, -1, -1 ], [ 1, 0, -1, 0, -1 ], [ 1, 0, 0, 0, 0 ] ], 
      [ [ 1, 0, 1, -1, 0 ], [ 1, 1, 1, 0, 1 ], [ 1, 0, 1, 0, 0 ], 
          [ 1, 1, 1, 0, 0 ], [ 1, 0, 0, -1, -1 ], [ 1, 0, 0, 0, 0 ] ] ],
  ListEmbedding := [ rec(
          TheImage := 
           [ [ 1, -1, 0, 0, -2 ], [ 1, 0, 1, 0, -1 ], [ 1, -1, 0, 0, -1 ], 
              [ 1, 0, 0, 0, -1 ], [ 1, 0, 0, 1, -1 ], [ 1, 0, 1, 1, 0 ] ],
          eSet := [ 1, 3, 4, 7, 9, 16 ] ) ],
  ListTrig := 
   [ [ [ 1, -1, -1, -1, -2 ], [ 1, 0, 0, -1, -1 ], [ 1, -1, -1, -1, -1 ], 
          [ 1, 0, -1, -1, -1 ], [ 1, 0, -1, 0, -1 ] ], 
      [ [ 1, 0, 0, -1, -1 ], [ 1, -1, -1, -1, -1 ], [ 1, 0, -1, -1, -1 ], 
          [ 1, 0, -1, 0, -1 ], [ 1, 0, 0, 0, 0 ] ], 
      [ [ 1, -1, -1, -1, -2 ], [ 1, 0, 0, -1, -1 ], [ 1, -1, -1, -1, -1 ], 
          [ 1, 0, -1, 0, -1 ], [ 1, 0, 0, 0, 0 ] ], 
      [ [ 1, 0, 1, -1, 0 ], [ 1, 1, 1, 0, 1 ], [ 1, 0, 1, 0, 0 ], 
          [ 1, 1, 1, 0, 0 ], [ 1, 0, 0, -1, -1 ] ], 
      [ [ 1, 1, 1, 0, 1 ], [ 1, 0, 1, 0, 0 ], [ 1, 1, 1, 0, 0 ], 
          [ 1, 0, 0, -1, -1 ], [ 1, 0, 0, 0, 0 ] ], 
      [ [ 1, 0, 1, -1, 0 ], [ 1, 1, 1, 0, 1 ], [ 1, 0, 1, 0, 0 ], 
          [ 1, 0, 0, -1, -1 ], [ 1, 0, 0, 0, 0 ] ], 
      [ [ 1, -1, -1, -1, -2 ], [ 1, -1, -1, -1, -1 ], [ 1, -1, -1, 0, -1 ], 
          [ 1, 0, -1, 0, -1 ], [ 1, 0, 0, 0, 0 ] ], 
      [ [ 1, 0, -1, 1, 0 ], [ 1, -1, -1, 0, -1 ], [ 1, 0, 0, 1, 0 ], 
          [ 1, 0, 0, 1, 1 ], [ 1, 0, 0, 0, 0 ] ], 
      [ [ 1, 0, 1, 1, 1 ], [ 1, 0, 1, 0, 0 ], [ 1, 1, 1, 1, 1 ], 
          [ 1, 0, 0, 1, 0 ], [ 1, 0, 0, 0, 0 ] ], 
      [ [ 1, 0, 1, -1, 0 ], [ 1, 0, 1, 0, 0 ], [ 1, -1, 0, -1, -1 ], 
          [ 1, 0, 0, -1, -1 ], [ 1, 0, 0, 0, 0 ] ], 
      [ [ 1, 1, 0, 1, 0 ], [ 1, 1, 1, 1, 1 ], [ 1, 1, 0, 1, 1 ], 
          [ 1, 1, 0, 0, 0 ], [ 1, 0, 0, 0, 0 ] ], 
      [ [ 1, -1, -1, -1, -2 ], [ 1, -1, 0, -1, -1 ], [ 1, -1, -1, -1, -1 ], 
          [ 1, -1, -1, 0, -1 ], [ 1, 0, 0, 0, 0 ] ], 
      [ [ 1, 1, 1, 0, 0 ], [ 1, 1, 0, 0, 0 ], [ 1, 1, 1, 0, 1 ], 
          [ 1, 1, 1, 1, 1 ], [ 1, 0, 0, 0, 0 ] ], 
      [ [ 1, 1, 0, 0, 1 ], [ 1, 0, 0, 0, 1 ], [ 1, 0, -1, 0, 0 ], 
          [ 1, 1, 0, 1, 1 ], [ 1, 0, 0, 0, 0 ] ], 
      [ [ 1, -1, -1, 0, 0 ], [ 1, 0, 0, 0, 1 ], [ 1, 0, -1, 0, 0 ], 
          [ 1, -1, -1, -1, -1 ], [ 1, 0, 0, 0, 0 ] ], 
      [ [ 1, 0, -1, -1, -1 ], [ 1, 1, 0, 0, 0 ], [ 1, 0, -1, 0, -1 ], 
          [ 1, 0, -1, 0, 0 ], [ 1, 0, 0, 0, 0 ] ], 
      [ [ 1, -1, 0, -1, 0 ], [ 1, 0, 0, 0, 1 ], [ 1, 0, 1, 0, 1 ], 
          [ 1, -1, 0, 0, 0 ], [ 1, 0, 0, 0, 0 ] ], 
      [ [ 1, 1, 1, 1, 2 ], [ 1, 0, 0, 0, 1 ], [ 1, 0, 1, 0, 1 ], 
          [ 1, 1, 1, 0, 1 ], [ 1, 0, 0, 0, 0 ] ], 
      [ [ 1, 0, -1, 1, 0 ], [ 1, 0, -1, 0, 0 ], [ 1, 0, -1, 0, -1 ], 
          [ 1, -1, -1, 0, -1 ], [ 1, 0, 0, 0, 0 ] ], 
      [ [ 1, 0, 1, 1, 1 ], [ 1, 0, 1, 0, 1 ], [ 1, 0, 1, 0, 0 ], 
          [ 1, 1, 1, 1, 1 ], [ 1, 0, 0, 0, 0 ] ], 
      [ [ 1, 1, 0, 0, 1 ], [ 1, 0, 0, 0, 1 ], [ 1, 0, 0, -1, 0 ], 
          [ 1, 1, 1, 0, 1 ], [ 1, 0, 0, 0, 0 ] ], 
      [ [ 1, 1, 0, 0, 1 ], [ 1, 1, 0, 0, 0 ], [ 1, 1, 0, 1, 1 ], 
          [ 1, 0, -1, 0, 0 ], [ 1, 0, 0, 0, 0 ] ], 
      [ [ 1, -1, 0, 0, -1 ], [ 1, -1, 0, -1, -1 ], [ 1, -1, 0, 0, 0 ], 
          [ 1, -1, -1, 0, -1 ], [ 1, 0, 0, 0, 0 ] ], 
      [ [ 1, -1, -1, -1, -2 ], [ 1, -1, 0, -1, -1 ], [ 1, 0, 0, -1, -1 ], 
          [ 1, 0, 0, 0, -1 ], [ 1, 0, 0, 0, 0 ] ] ],
  ListVector := [ [ 1, 0, 0, 0 ], [ 0, 1, 0, 0 ], [ 0, 0, 1, 0 ], 
      [ 1, 0, 0, -1 ], [ 0, 1, 1, -1 ], [ 0, 0, 1, -1 ], [ 0, 1, 0, -1 ], 
      [ 1, 0, -1, 0 ], [ 1, -1, 0, 0 ] ],
  TheDel6_spec := [ [ 1, 0, 0, 0, 0 ], [ 1, 0, 0, 1, 0 ], [ 1, 0, 0, 1, 1 ], 
      [ 1, 0, 1, 1, 0 ], [ 1, 1, 0, 0, 0 ], [ 1, 1, 1, 1, 1 ] ],
  TheGram := [ [ 4, -1, -1, -1 ], [ -1, 4, 1, -2 ], [ -1, 1, 4, -2 ], 
      [ -1, -2, -2, 4 ] ],
  eCase := 
   [ [ [ 1, 0, 0, 0 ], [ 0, 0, 0, 0 ], [ 0, 0, 0, 0 ], [ 0, 0, 0, 0 ] ], 
      [ [ 0, 0, 0, 0 ], [ 0, 1, 0, 0 ], [ 0, 0, 0, 0 ], [ 0, 0, 0, 0 ] ], 
      [ [ 0, 0, 0, 0 ], [ 0, 0, 0, 0 ], [ 0, 0, 1, 0 ], [ 0, 0, 0, 0 ] ], 
      [ [ 1, 0, 0, -1 ], [ 0, 0, 0, 0 ], [ 0, 0, 0, 0 ], [ -1, 0, 0, 1 ] ], 
      [ [ 0, 0, 0, 0 ], [ 0, 1, 1, -1 ], [ 0, 1, 1, -1 ], [ 0, -1, -1, 1 ] ], 
      [ [ 0, 0, 0, 0 ], [ 0, 0, 0, 0 ], [ 0, 0, 1, -1 ], [ 0, 0, -1, 1 ] ], 
      [ [ 0, 0, 0, 0 ], [ 0, 1, 0, -1 ], [ 0, 0, 0, 0 ], [ 0, -1, 0, 1 ] ], 
      [ [ 1, 0, -1, 0 ], [ 0, 0, 0, 0 ], [ -1, 0, 1, 0 ], [ 0, 0, 0, 0 ] ], 
      [ [ 1, -1, 0, 0 ], [ -1, 1, 0, 0 ], [ 0, 0, 0, 0 ], [ 0, 0, 0, 0 ] ] ],
  eRecPer := rec(
      ListSimplices_FormalDelaunay := [ rec(
              Adjacencies := [ rec(
                      Input := 1,
                      eBigMat := 
                       [ [ 1, 0, 0, 0, 0 ], [ 0, 1, 0, 0, 0 ], 
                          [ 0, 0, 1, 0, 0 ], [ 0, 0, 0, 1, 0 ], 
                          [ 0, 0, 0, 0, 1 ] ],
                      eInc := [ 2, 3, 4, 5 ],
                      iDelaunay := 2 ), rec(
                      Input := 1,
                      eBigMat := 
                       [ [ 1, -1, -1, -1, -2 ], [ 0, 1, 0, 0, 0 ], 
                          [ 0, 0, 1, 0, 0 ], [ 0, 0, 0, 1, 0 ], 
                          [ 0, 0, 0, 0, 1 ] ],
                      eInc := [ 1, 3, 4, 5 ],
                      iDelaunay := 14 ), rec(
                      Input := 1,
                      eBigMat := 
                       [ [ 1, 0, 0, -1, -1 ], [ 0, 1, 0, 0, 0 ], 
                          [ 0, 0, 1, 0, 0 ], [ 0, 0, 0, 1, 0 ], 
                          [ 0, 0, 0, 0, 1 ] ],
                      eInc := [ 1, 2, 4, 5 ],
                      iDelaunay := 19 ), rec(
                      Input := 1,
                      eBigMat := 
                       [ [ 1, 0, 0, 0, 0 ], [ 0, 1, 0, 0, 0 ], 
                          [ 0, 0, 1, 0, 0 ], [ 0, 0, 0, 1, 0 ], 
                          [ 0, 0, 0, 0, 1 ] ],
                      eInc := [ 1, 2, 3, 5 ],
                      iDelaunay := 3 ), rec(
                      Input := 1,
                      eBigMat := 
                       [ [ 1, -1, -1, -1, -2 ], [ 0, 1, 0, 0, 0 ], 
                          [ 0, 0, 1, 0, 0 ], [ 0, 0, 0, 1, 0 ], 
                          [ 0, 0, 0, 0, 1 ] ],
                      eInc := [ 1, 2, 3, 4 ],
                      iDelaunay := 21 ) ],
              EXT := 
               [ [ 1, -1, -1, -1, -2 ], [ 1, 0, 0, -1, -1 ], 
                  [ 1, -1, -1, -1, -1 ], [ 1, 0, -1, -1, -1 ], 
                  [ 1, 0, -1, 0, -1 ] ] ), rec(
              Adjacencies := [ rec(
                      Input := 2,
                      eBigMat := 
                       [ [ 1, -1, -1, -1, -1 ], [ 0, 1, 0, 0, 0 ], 
                          [ 0, 0, 1, 0, 0 ], [ 0, 0, 0, 1, 0 ], 
                          [ 0, 0, 0, 0, 1 ] ],
                      eInc := [ 2, 3, 4, 5 ],
                      iDelaunay := 11 ), rec(
                      Input := 2,
                      eBigMat := 
                       [ [ 1, 0, -1, -1, -1 ], [ 0, 1, 0, 0, 0 ], 
                          [ 0, 0, 1, 0, 0 ], [ 0, 0, 0, 1, 0 ], 
                          [ 0, 0, 0, 0, 1 ] ],
                      eInc := [ 1, 3, 4, 5 ],
                      iDelaunay := 9 ), rec(
                      Input := 2,
                      eBigMat := 
                       [ [ 1, 0, 0, 0, 0 ], [ 0, 1, 0, 0, 0 ], 
                          [ 0, 0, 1, 0, 0 ], [ 0, 0, 0, 1, 0 ], 
                          [ 0, 0, 0, 0, 1 ] ],
                      eInc := [ 1, 2, 4, 5 ],
                      iDelaunay := 3 ), rec(
                      Input := 2,
                      eBigMat := 
                       [ [ 1, -1, -1, -1, -1 ], [ 0, 1, 0, 0, 0 ], 
                          [ 0, 0, 1, 0, 0 ], [ 0, 0, 0, 1, 0 ], 
                          [ 0, 0, 0, 0, 1 ] ],
                      eInc := [ 1, 2, 3, 5 ],
                      iDelaunay := 13 ), rec(
                      Input := 2,
                      eBigMat := 
                       [ [ 1, 0, 0, 0, 0 ], [ 0, 1, 0, 0, 0 ], 
                          [ 0, 0, 1, 0, 0 ], [ 0, 0, 0, 1, 0 ], 
                          [ 0, 0, 0, 0, 1 ] ],
                      eInc := [ 1, 2, 3, 4 ],
                      iDelaunay := 1 ) ],
              EXT := 
               [ [ 1, 0, 0, -1, -1 ], [ 1, -1, -1, -1, -1 ], 
                  [ 1, 0, -1, -1, -1 ], [ 1, 0, -1, 0, -1 ], 
                  [ 1, 0, 0, 0, 0 ] ] ), rec(
              Adjacencies := [ rec(
                      Input := 3,
                      eBigMat := 
                       [ [ 1, 0, 0, 0, 0 ], [ 0, 1, 0, 0, 0 ], 
                          [ 0, 0, 1, 0, 0 ], [ 0, 0, 0, 1, 0 ], 
                          [ 0, 0, 0, 0, 1 ] ],
                      eInc := [ 2, 3, 4, 5 ],
                      iDelaunay := 2 ), rec(
                      Input := 3,
                      eBigMat := 
                       [ [ 1, 0, 0, 0, 0 ], [ 0, 1, 0, 0, 0 ], 
                          [ 0, 0, 1, 0, 0 ], [ 0, 0, 0, 1, 0 ], 
                          [ 0, 0, 0, 0, 1 ] ],
                      eInc := [ 1, 3, 4, 5 ],
                      iDelaunay := 7 ), rec(
                      Input := 3,
                      eBigMat := 
                       [ [ 1, 0, 0, -1, -1 ], [ 0, 1, 0, 0, 0 ], 
                          [ 0, 0, 1, 0, 0 ], [ 0, 0, 0, 1, 0 ], 
                          [ 0, 0, 0, 0, 1 ] ],
                      eInc := [ 1, 2, 4, 5 ],
                      iDelaunay := 8 ), rec(
                      Input := 3,
                      eBigMat := 
                       [ [ 1, -1, -1, -1, -2 ], [ 0, 1, 0, 0, 0 ], 
                          [ 0, 0, 1, 0, 0 ], [ 0, 0, 0, 1, 0 ], 
                          [ 0, 0, 0, 0, 1 ] ],
                      eInc := [ 1, 2, 3, 5 ],
                      iDelaunay := 18 ), rec(
                      Input := 3,
                      eBigMat := 
                       [ [ 1, 0, 0, 0, 0 ], [ 0, 1, 0, 0, 0 ], 
                          [ 0, 0, 1, 0, 0 ], [ 0, 0, 0, 1, 0 ], 
                          [ 0, 0, 0, 0, 1 ] ],
                      eInc := [ 1, 2, 3, 4 ],
                      iDelaunay := 1 ) ],
              EXT := 
               [ [ 1, -1, -1, -1, -2 ], [ 1, 0, 0, -1, -1 ], 
                  [ 1, -1, -1, -1, -1 ], [ 1, 0, -1, 0, -1 ], 
                  [ 1, 0, 0, 0, 0 ] ] ), rec(
              Adjacencies := [ rec(
                      Input := 4,
                      eBigMat := 
                       [ [ 1, 0, 0, 0, 0 ], [ 0, 1, 0, 0, 0 ], 
                          [ 0, 0, 1, 0, 0 ], [ 0, 0, 0, 1, 0 ], 
                          [ 0, 0, 0, 0, 1 ] ],
                      eInc := [ 2, 3, 4, 5 ],
                      iDelaunay := 5 ), rec(
                      Input := 4,
                      eBigMat := 
                       [ [ 1, 0, 0, -1, -1 ], [ 0, 1, 0, 0, 0 ], 
                          [ 0, 0, 1, 0, 0 ], [ 0, 0, 0, 1, 0 ], 
                          [ 0, 0, 0, 0, 1 ] ],
                      eInc := [ 1, 3, 4, 5 ],
                      iDelaunay := 20 ), rec(
                      Input := 4,
                      eBigMat := 
                       [ [ 1, 1, 1, 0, 1 ], [ 0, 1, 0, 0, 0 ], 
                          [ 0, 0, 1, 0, 0 ], [ 0, 0, 0, 1, 0 ], 
                          [ 0, 0, 0, 0, 1 ] ],
                      eInc := [ 1, 2, 4, 5 ],
                      iDelaunay := 24 ), rec(
                      Input := 4,
                      eBigMat := 
                       [ [ 1, 0, 0, 0, 0 ], [ 0, 1, 0, 0, 0 ], 
                          [ 0, 0, 1, 0, 0 ], [ 0, 0, 0, 1, 0 ], 
                          [ 0, 0, 0, 0, 1 ] ],
                      eInc := [ 1, 2, 3, 5 ],
                      iDelaunay := 6 ), rec(
                      Input := 4,
                      eBigMat := 
                       [ [ 1, 1, 1, 0, 0 ], [ 0, 1, 0, 0, 0 ], 
                          [ 0, 0, 1, 0, 0 ], [ 0, 0, 0, 1, 0 ], 
                          [ 0, 0, 0, 0, 1 ] ],
                      eInc := [ 1, 2, 3, 4 ],
                      iDelaunay := 17 ) ],
              EXT := 
               [ [ 1, 0, 1, -1, 0 ], [ 1, 1, 1, 0, 1 ], [ 1, 0, 1, 0, 0 ], 
                  [ 1, 1, 1, 0, 0 ], [ 1, 0, 0, -1, -1 ] ] ), rec(
              Adjacencies := [ rec(
                      Input := 5,
                      eBigMat := 
                       [ [ 1, 0, 1, 0, 0 ], [ 0, 1, 0, 0, 0 ], 
                          [ 0, 0, 1, 0, 0 ], [ 0, 0, 0, 1, 0 ], 
                          [ 0, 0, 0, 0, 1 ] ],
                      eInc := [ 2, 3, 4, 5 ],
                      iDelaunay := 16 ), rec(
                      Input := 5,
                      eBigMat := 
                       [ [ 1, 1, 1, 0, 0 ], [ 0, 1, 0, 0, 0 ], 
                          [ 0, 0, 1, 0, 0 ], [ 0, 0, 0, 1, 0 ], 
                          [ 0, 0, 0, 0, 1 ] ],
                      eInc := [ 1, 3, 4, 5 ],
                      iDelaunay := 15 ), rec(
                      Input := 5,
                      eBigMat := 
                       [ [ 1, 0, 0, 0, 0 ], [ 0, 1, 0, 0, 0 ], 
                          [ 0, 0, 1, 0, 0 ], [ 0, 0, 0, 1, 0 ], 
                          [ 0, 0, 0, 0, 1 ] ],
                      eInc := [ 1, 2, 4, 5 ],
                      iDelaunay := 6 ), rec(
                      Input := 5,
                      eBigMat := 
                       [ [ 1, 0, 1, 0, 0 ], [ 0, 1, 0, 0, 0 ], 
                          [ 0, 0, 1, 0, 0 ], [ 0, 0, 0, 1, 0 ], 
                          [ 0, 0, 0, 0, 1 ] ],
                      eInc := [ 1, 2, 3, 5 ],
                      iDelaunay := 22 ), rec(
                      Input := 5,
                      eBigMat := 
                       [ [ 1, 0, 0, 0, 0 ], [ 0, 1, 0, 0, 0 ], 
                          [ 0, 0, 1, 0, 0 ], [ 0, 0, 0, 1, 0 ], 
                          [ 0, 0, 0, 0, 1 ] ],
                      eInc := [ 1, 2, 3, 4 ],
                      iDelaunay := 4 ) ],
              EXT := 
               [ [ 1, 1, 1, 0, 1 ], [ 1, 0, 1, 0, 0 ], [ 1, 1, 1, 0, 0 ], 
                  [ 1, 0, 0, -1, -1 ], [ 1, 0, 0, 0, 0 ] ] ), rec(
              Adjacencies := [ rec(
                      Input := 6,
                      eBigMat := 
                       [ [ 1, 0, 0, 0, 0 ], [ 0, 1, 0, 0, 0 ], 
                          [ 0, 0, 1, 0, 0 ], [ 0, 0, 0, 1, 0 ], 
                          [ 0, 0, 0, 0, 1 ] ],
                      eInc := [ 2, 3, 4, 5 ],
                      iDelaunay := 5 ), rec(
                      Input := 6,
                      eBigMat := 
                       [ [ 1, 0, 0, 0, 0 ], [ 0, 1, 0, 0, 0 ], 
                          [ 0, 0, 1, 0, 0 ], [ 0, 0, 0, 1, 0 ], 
                          [ 0, 0, 0, 0, 1 ] ],
                      eInc := [ 1, 3, 4, 5 ],
                      iDelaunay := 10 ), rec(
                      Input := 6,
                      eBigMat := 
                       [ [ 1, 1, 1, 0, 1 ], [ 0, 1, 0, 0, 0 ], 
                          [ 0, 0, 1, 0, 0 ], [ 0, 0, 0, 1, 0 ], 
                          [ 0, 0, 0, 0, 1 ] ],
                      eInc := [ 1, 2, 4, 5 ],
                      iDelaunay := 12 ), rec(
                      Input := 6,
                      eBigMat := 
                       [ [ 1, 1, 1, 0, 1 ], [ 0, 1, 0, 0, 0 ], 
                          [ 0, 0, 1, 0, 0 ], [ 0, 0, 0, 1, 0 ], 
                          [ 0, 0, 0, 0, 1 ] ],
                      eInc := [ 1, 2, 3, 5 ],
                      iDelaunay := 23 ), rec(
                      Input := 6,
                      eBigMat := 
                       [ [ 1, 0, 0, 0, 0 ], [ 0, 1, 0, 0, 0 ], 
                          [ 0, 0, 1, 0, 0 ], [ 0, 0, 0, 1, 0 ], 
                          [ 0, 0, 0, 0, 1 ] ],
                      eInc := [ 1, 2, 3, 4 ],
                      iDelaunay := 4 ) ],
              EXT := 
               [ [ 1, 0, 1, -1, 0 ], [ 1, 1, 1, 0, 1 ], [ 1, 0, 1, 0, 0 ], 
                  [ 1, 0, 0, -1, -1 ], [ 1, 0, 0, 0, 0 ] ] ), rec(
              Adjacencies := [ rec(
                      Input := 7,
                      eBigMat := 
                       [ [ 1, 0, -1, 0, -1 ], [ 0, 1, 0, 0, 0 ], 
                          [ 0, 0, 1, 0, 0 ], [ 0, 0, 0, 1, 0 ], 
                          [ 0, 0, 0, 0, 1 ] ],
                      eInc := [ 2, 3, 4, 5 ],
                      iDelaunay := 17 ), rec(
                      Input := 7,
                      eBigMat := 
                       [ [ 1, 0, 0, 0, -1 ], [ 0, 1, 0, 0, 0 ], 
                          [ 0, 0, 1, 0, 0 ], [ 0, 0, 0, 1, 0 ], 
                          [ 0, 0, 0, 0, 1 ] ],
                      eInc := [ 1, 3, 4, 5 ],
                      iDelaunay := 15 ), rec(
                      Input := 7,
                      eBigMat := 
                       [ [ 1, 0, 0, 0, 0 ], [ 0, 1, 0, 0, 0 ], 
                          [ 0, 0, 1, 0, 0 ], [ 0, 0, 0, 1, 0 ], 
                          [ 0, 0, 0, 0, 1 ] ],
                      eInc := [ 1, 2, 4, 5 ],
                      iDelaunay := 3 ), rec(
                      Input := 7,
                      eBigMat := 
                       [ [ 1, 0, 0, 0, 0 ], [ 0, 1, 0, 0, 0 ], 
                          [ 0, 0, 1, 0, 0 ], [ 0, 0, 0, 1, 0 ], 
                          [ 0, 0, 0, 0, 1 ] ],
                      eInc := [ 1, 2, 3, 5 ],
                      iDelaunay := 12 ), rec(
                      Input := 7,
                      eBigMat := 
                       [ [ 1, -1, -2, -1, -2 ], [ 0, 1, 0, 0, 0 ], 
                          [ 0, 0, 1, 0, 0 ], [ 0, 0, 0, 1, 0 ], 
                          [ 0, 0, 0, 0, 1 ] ],
                      eInc := [ 1, 2, 3, 4 ],
                      iDelaunay := 20 ) ],
              EXT := [ [ 1, -1, -1, -1, -2 ], [ 1, -1, -1, -1, -1 ], 
                  [ 1, -1, -1, 0, -1 ], [ 1, 0, -1, 0, -1 ], 
                  [ 1, 0, 0, 0, 0 ] ] ), rec(
              Adjacencies := [ rec(
                      Input := 8,
                      eBigMat := 
                       [ [ 1, 0, 0, 1, 1 ], [ 0, 1, 0, 0, 0 ], 
                          [ 0, 0, 1, 0, 0 ], [ 0, 0, 0, 1, 0 ], 
                          [ 0, 0, 0, 0, 1 ] ],
                      eInc := [ 2, 3, 4, 5 ],
                      iDelaunay := 24 ), rec(
                      Input := 8,
                      eBigMat := 
                       [ [ 1, 1, 0, 1, 1 ], [ 0, 1, 0, 0, 0 ], 
                          [ 0, 0, 1, 0, 0 ], [ 0, 0, 0, 1, 0 ], 
                          [ 0, 0, 0, 0, 1 ] ],
                      eInc := [ 1, 3, 4, 5 ],
                      iDelaunay := 23 ), rec(
                      Input := 8,
                      eBigMat := 
                       [ [ 1, 0, 0, 1, 1 ], [ 0, 1, 0, 0, 0 ], 
                          [ 0, 0, 1, 0, 0 ], [ 0, 0, 0, 1, 0 ], 
                          [ 0, 0, 0, 0, 1 ] ],
                      eInc := [ 1, 2, 4, 5 ],
                      iDelaunay := 3 ), rec(
                      Input := 8,
                      eBigMat := 
                       [ [ 1, 0, -1, 1, 0 ], [ 0, 1, 0, 0, 0 ], 
                          [ 0, 0, 1, 0, 0 ], [ 0, 0, 0, 1, 0 ], 
                          [ 0, 0, 0, 0, 1 ] ],
                      eInc := [ 1, 2, 3, 5 ],
                      iDelaunay := 10 ), rec(
                      Input := 8,
                      eBigMat := 
                       [ [ 1, 0, 0, 1, 0 ], [ 0, 1, 0, 0, 0 ], 
                          [ 0, 0, 1, 0, 0 ], [ 0, 0, 0, 1, 0 ], 
                          [ 0, 0, 0, 0, 1 ] ],
                      eInc := [ 1, 2, 3, 4 ],
                      iDelaunay := 15 ) ],
              EXT := 
               [ [ 1, 0, -1, 1, 0 ], [ 1, -1, -1, 0, -1 ], [ 1, 0, 0, 1, 0 ], 
                  [ 1, 0, 0, 1, 1 ], [ 1, 0, 0, 0, 0 ] ] ), rec(
              Adjacencies := [ rec(
                      Input := 9,
                      eBigMat := 
                       [ [ 1, 1, 1, 1, 1 ], [ 0, 1, 0, 0, 0 ], 
                          [ 0, 0, 1, 0, 0 ], [ 0, 0, 0, 1, 0 ], 
                          [ 0, 0, 0, 0, 1 ] ],
                      eInc := [ 2, 3, 4, 5 ],
                      iDelaunay := 12 ), rec(
                      Input := 9,
                      eBigMat := 
                       [ [ 1, 0, 1, 1, 1 ], [ 0, 1, 0, 0, 0 ], 
                          [ 0, 0, 1, 0, 0 ], [ 0, 0, 0, 1, 0 ], 
                          [ 0, 0, 0, 0, 1 ] ],
                      eInc := [ 1, 3, 4, 5 ],
                      iDelaunay := 16 ), rec(
                      Input := 9,
                      eBigMat := 
                       [ [ 1, 0, 1, 1, 1 ], [ 0, 1, 0, 0, 0 ], 
                          [ 0, 0, 1, 0, 0 ], [ 0, 0, 0, 1, 0 ], 
                          [ 0, 0, 0, 0, 1 ] ],
                      eInc := [ 1, 2, 4, 5 ],
                      iDelaunay := 2 ), rec(
                      Input := 9,
                      eBigMat := 
                       [ [ 1, 0, 0, 0, 0 ], [ 0, 1, 0, 0, 0 ], 
                          [ 0, 0, 1, 0, 0 ], [ 0, 0, 0, 1, 0 ], 
                          [ 0, 0, 0, 0, 1 ] ],
                      eInc := [ 1, 2, 3, 5 ],
                      iDelaunay := 20 ), rec(
                      Input := 9,
                      eBigMat := 
                       [ [ 1, 1, 1, 1, 1 ], [ 0, 1, 0, 0, 0 ], 
                          [ 0, 0, 1, 0, 0 ], [ 0, 0, 0, 1, 0 ], 
                          [ 0, 0, 0, 0, 1 ] ],
                      eInc := [ 1, 2, 3, 4 ],
                      iDelaunay := 23 ) ],
              EXT := 
               [ [ 1, 0, 1, 1, 1 ], [ 1, 0, 1, 0, 0 ], [ 1, 1, 1, 1, 1 ], 
                  [ 1, 0, 0, 1, 0 ], [ 1, 0, 0, 0, 0 ] ] ), rec(
              Adjacencies := [ rec(
                      Input := 10,
                      eBigMat := 
                       [ [ 1, -1, 0, -1, -1 ], [ 0, 1, 0, 0, 0 ], 
                          [ 0, 0, 1, 0, 0 ], [ 0, 0, 0, 1, 0 ], 
                          [ 0, 0, 0, 0, 1 ] ],
                      eInc := [ 2, 3, 4, 5 ],
                      iDelaunay := 11 ), rec(
                      Input := 10,
                      eBigMat := 
                       [ [ 1, 0, 1, -1, 0 ], [ 0, 1, 0, 0, 0 ], 
                          [ 0, 0, 1, 0, 0 ], [ 0, 0, 0, 1, 0 ], 
                          [ 0, 0, 0, 0, 1 ] ],
                      eInc := [ 1, 3, 4, 5 ],
                      iDelaunay := 19 ), rec(
                      Input := 10,
                      eBigMat := 
                       [ [ 1, 0, 0, 0, 0 ], [ 0, 1, 0, 0, 0 ], 
                          [ 0, 0, 1, 0, 0 ], [ 0, 0, 0, 1, 0 ], 
                          [ 0, 0, 0, 0, 1 ] ],
                      eInc := [ 1, 2, 4, 5 ],
                      iDelaunay := 6 ), rec(
                      Input := 10,
                      eBigMat := 
                       [ [ 1, 0, 1, -1, 0 ], [ 0, 1, 0, 0, 0 ], 
                          [ 0, 0, 1, 0, 0 ], [ 0, 0, 0, 1, 0 ], 
                          [ 0, 0, 0, 0, 1 ] ],
                      eInc := [ 1, 2, 3, 5 ],
                      iDelaunay := 8 ), rec(
                      Input := 10,
                      eBigMat := 
                       [ [ 1, -1, 0, -1, -1 ], [ 0, 1, 0, 0, 0 ], 
                          [ 0, 0, 1, 0, 0 ], [ 0, 0, 0, 1, 0 ], 
                          [ 0, 0, 0, 0, 1 ] ],
                      eInc := [ 1, 2, 3, 4 ],
                      iDelaunay := 13 ) ],
              EXT := 
               [ [ 1, 0, 1, -1, 0 ], [ 1, 0, 1, 0, 0 ], [ 1, -1, 0, -1, -1 ], 
                  [ 1, 0, 0, -1, -1 ], [ 1, 0, 0, 0, 0 ] ] ), rec(
              Adjacencies := [ rec(
                      Input := 11,
                      eBigMat := 
                       [ [ 1, 1, 0, 1, 1 ], [ 0, 1, 0, 0, 0 ], 
                          [ 0, 0, 1, 0, 0 ], [ 0, 0, 0, 1, 0 ], 
                          [ 0, 0, 0, 0, 1 ] ],
                      eInc := [ 2, 3, 4, 5 ],
                      iDelaunay := 10 ), rec(
                      Input := 11,
                      eBigMat := 
                       [ [ 1, 1, 0, 1, 1 ], [ 0, 1, 0, 0, 0 ], 
                          [ 0, 0, 1, 0, 0 ], [ 0, 0, 0, 1, 0 ], 
                          [ 0, 0, 0, 0, 1 ] ],
                      eInc := [ 1, 3, 4, 5 ],
                      iDelaunay := 24 ), rec(
                      Input := 11,
                      eBigMat := 
                       [ [ 1, 1, 1, 1, 1 ], [ 0, 1, 0, 0, 0 ], 
                          [ 0, 0, 1, 0, 0 ], [ 0, 0, 0, 1, 0 ], 
                          [ 0, 0, 0, 0, 1 ] ],
                      eInc := [ 1, 2, 4, 5 ],
                      iDelaunay := 2 ), rec(
                      Input := 11,
                      eBigMat := 
                       [ [ 1, 1, 0, 1, 0 ], [ 0, 1, 0, 0, 0 ], 
                          [ 0, 0, 1, 0, 0 ], [ 0, 0, 0, 1, 0 ], 
                          [ 0, 0, 0, 0, 1 ] ],
                      eInc := [ 1, 2, 3, 5 ],
                      iDelaunay := 17 ), rec(
                      Input := 11,
                      eBigMat := 
                       [ [ 1, 1, 1, 1, 1 ], [ 0, 1, 0, 0, 0 ], 
                          [ 0, 0, 1, 0, 0 ], [ 0, 0, 0, 1, 0 ], 
                          [ 0, 0, 0, 0, 1 ] ],
                      eInc := [ 1, 2, 3, 4 ],
                      iDelaunay := 16 ) ],
              EXT := 
               [ [ 1, 1, 0, 1, 0 ], [ 1, 1, 1, 1, 1 ], [ 1, 1, 0, 1, 1 ], 
                  [ 1, 1, 0, 0, 0 ], [ 1, 0, 0, 0, 0 ] ] ), rec(
              Adjacencies := [ rec(
                      Input := 12,
                      eBigMat := 
                       [ [ 1, -1, -1, -1, -1 ], [ 0, 1, 0, 0, 0 ], 
                          [ 0, 0, 1, 0, 0 ], [ 0, 0, 0, 1, 0 ], 
                          [ 0, 0, 0, 0, 1 ] ],
                      eInc := [ 2, 3, 4, 5 ],
                      iDelaunay := 9 ), rec(
                      Input := 12,
                      eBigMat := 
                       [ [ 1, 0, 0, 0, 0 ], [ 0, 1, 0, 0, 0 ], 
                          [ 0, 0, 1, 0, 0 ], [ 0, 0, 0, 1, 0 ], 
                          [ 0, 0, 0, 0, 1 ] ],
                      eInc := [ 1, 3, 4, 5 ],
                      iDelaunay := 7 ), rec(
                      Input := 12,
                      eBigMat := 
                       [ [ 1, -1, -1, 0, -1 ], [ 0, 1, 0, 0, 0 ], 
                          [ 0, 0, 1, 0, 0 ], [ 0, 0, 0, 1, 0 ], 
                          [ 0, 0, 0, 0, 1 ] ],
                      eInc := [ 1, 2, 4, 5 ],
                      iDelaunay := 6 ), rec(
                      Input := 12,
                      eBigMat := 
                       [ [ 1, -1, -1, -1, -2 ], [ 0, 1, 0, 0, 0 ], 
                          [ 0, 0, 1, 0, 0 ], [ 0, 0, 0, 1, 0 ], 
                          [ 0, 0, 0, 0, 1 ] ],
                      eInc := [ 1, 2, 3, 5 ],
                      iDelaunay := 18 ), rec(
                      Input := 12,
                      eBigMat := 
                       [ [ 1, -1, 0, -1, -1 ], [ 0, 1, 0, 0, 0 ], 
                          [ 0, 0, 1, 0, 0 ], [ 0, 0, 0, 1, 0 ], 
                          [ 0, 0, 0, 0, 1 ] ],
                      eInc := [ 1, 2, 3, 4 ],
                      iDelaunay := 19 ) ],
              EXT := 
               [ [ 1, -1, -1, -1, -2 ], [ 1, -1, 0, -1, -1 ], 
                  [ 1, -1, -1, -1, -1 ], [ 1, -1, -1, 0, -1 ], 
                  [ 1, 0, 0, 0, 0 ] ] ), rec(
              Adjacencies := [ rec(
                      Input := 13,
                      eBigMat := 
                       [ [ 1, 1, 0, 1, 1 ], [ 0, 1, 0, 0, 0 ], 
                          [ 0, 0, 1, 0, 0 ], [ 0, 0, 0, 1, 0 ], 
                          [ 0, 0, 0, 0, 1 ] ],
                      eInc := [ 2, 3, 4, 5 ],
                      iDelaunay := 10 ), rec(
                      Input := 13,
                      eBigMat := 
                       [ [ 1, 0, 1, 0, 0 ], [ 0, 1, 0, 0, 0 ], 
                          [ 0, 0, 1, 0, 0 ], [ 0, 0, 0, 1, 0 ], 
                          [ 0, 0, 0, 0, 1 ] ],
                      eInc := [ 1, 3, 4, 5 ],
                      iDelaunay := 22 ), rec(
                      Input := 13,
                      eBigMat := 
                       [ [ 1, 1, 1, 1, 1 ], [ 0, 1, 0, 0, 0 ], 
                          [ 0, 0, 1, 0, 0 ], [ 0, 0, 0, 1, 0 ], 
                          [ 0, 0, 0, 0, 1 ] ],
                      eInc := [ 1, 2, 4, 5 ],
                      iDelaunay := 2 ), rec(
                      Input := 13,
                      eBigMat := 
                       [ [ 1, 1, 1, 0, 0 ], [ 0, 1, 0, 0, 0 ], 
                          [ 0, 0, 1, 0, 0 ], [ 0, 0, 0, 1, 0 ], 
                          [ 0, 0, 0, 0, 1 ] ],
                      eInc := [ 1, 2, 3, 5 ],
                      iDelaunay := 15 ), rec(
                      Input := 13,
                      eBigMat := 
                       [ [ 1, 1, 0, 0, 0 ], [ 0, 1, 0, 0, 0 ], 
                          [ 0, 0, 1, 0, 0 ], [ 0, 0, 0, 1, 0 ], 
                          [ 0, 0, 0, 0, 1 ] ],
                      eInc := [ 1, 2, 3, 4 ],
                      iDelaunay := 20 ) ],
              EXT := 
               [ [ 1, 1, 1, 0, 0 ], [ 1, 1, 0, 0, 0 ], [ 1, 1, 1, 0, 1 ], 
                  [ 1, 1, 1, 1, 1 ], [ 1, 0, 0, 0, 0 ] ] ), rec(
              Adjacencies := [ rec(
                      Input := 14,
                      eBigMat := 
                       [ [ 1, 0, -1, 0, 0 ], [ 0, 1, 0, 0, 0 ], 
                          [ 0, 0, 1, 0, 0 ], [ 0, 0, 0, 1, 0 ], 
                          [ 0, 0, 0, 0, 1 ] ],
                      eInc := [ 2, 3, 4, 5 ],
                      iDelaunay := 20 ), rec(
                      Input := 14,
                      eBigMat := 
                       [ [ 1, 0, 0, 0, 0 ], [ 0, 1, 0, 0, 0 ], 
                          [ 0, 0, 1, 0, 0 ], [ 0, 0, 0, 1, 0 ], 
                          [ 0, 0, 0, 0, 1 ] ],
                      eInc := [ 1, 3, 4, 5 ],
                      iDelaunay := 22 ), rec(
                      Input := 14,
                      eBigMat := 
                       [ [ 1, 1, 1, 1, 2 ], [ 0, 1, 0, 0, 0 ], 
                          [ 0, 0, 1, 0, 0 ], [ 0, 0, 0, 1, 0 ], 
                          [ 0, 0, 0, 0, 1 ] ],
                      eInc := [ 1, 2, 4, 5 ],
                      iDelaunay := 1 ), rec(
                      Input := 14,
                      eBigMat := 
                       [ [ 1, 1, 0, 0, 1 ], [ 0, 1, 0, 0, 0 ], 
                          [ 0, 0, 1, 0, 0 ], [ 0, 0, 0, 1, 0 ], 
                          [ 0, 0, 0, 0, 1 ] ],
                      eInc := [ 1, 2, 3, 5 ],
                      iDelaunay := 23 ), rec(
                      Input := 14,
                      eBigMat := 
                       [ [ 1, 1, 0, 1, 2 ], [ 0, 1, 0, 0, 0 ], 
                          [ 0, 0, 1, 0, 0 ], [ 0, 0, 0, 1, 0 ], 
                          [ 0, 0, 0, 0, 1 ] ],
                      eInc := [ 1, 2, 3, 4 ],
                      iDelaunay := 24 ) ],
              EXT := 
               [ [ 1, 1, 0, 0, 1 ], [ 1, 0, 0, 0, 1 ], [ 1, 0, -1, 0, 0 ], 
                  [ 1, 1, 0, 1, 1 ], [ 1, 0, 0, 0, 0 ] ] ), rec(
              Adjacencies := [ rec(
                      Input := 15,
                      eBigMat := 
                       [ [ 1, 0, 0, -1, 0 ], [ 0, 1, 0, 0, 0 ], 
                          [ 0, 0, 1, 0, 0 ], [ 0, 0, 0, 1, 0 ], 
                          [ 0, 0, 0, 0, 1 ] ],
                      eInc := [ 2, 3, 4, 5 ],
                      iDelaunay := 8 ), rec(
                      Input := 15,
                      eBigMat := 
                       [ [ 1, -1, -1, 0, -1 ], [ 0, 1, 0, 0, 0 ], 
                          [ 0, 0, 1, 0, 0 ], [ 0, 0, 0, 1, 0 ], 
                          [ 0, 0, 0, 0, 1 ] ],
                      eInc := [ 1, 3, 4, 5 ],
                      iDelaunay := 21 ), rec(
                      Input := 15,
                      eBigMat := 
                       [ [ 1, -1, -1, 0, 0 ], [ 0, 1, 0, 0, 0 ], 
                          [ 0, 0, 1, 0, 0 ], [ 0, 0, 0, 1, 0 ], 
                          [ 0, 0, 0, 0, 1 ] ],
                      eInc := [ 1, 2, 4, 5 ],
                      iDelaunay := 5 ), rec(
                      Input := 15,
                      eBigMat := 
                       [ [ 1, -1, -1, 0, 0 ], [ 0, 1, 0, 0, 0 ], 
                          [ 0, 0, 1, 0, 0 ], [ 0, 0, 0, 1, 0 ], 
                          [ 0, 0, 0, 0, 1 ] ],
                      eInc := [ 1, 2, 3, 5 ],
                      iDelaunay := 13 ), rec(
                      Input := 15,
                      eBigMat := 
                       [ [ 1, 0, 0, 0, 1 ], [ 0, 1, 0, 0, 0 ], 
                          [ 0, 0, 1, 0, 0 ], [ 0, 0, 0, 1, 0 ], 
                          [ 0, 0, 0, 0, 1 ] ],
                      eInc := [ 1, 2, 3, 4 ],
                      iDelaunay := 7 ) ],
              EXT := 
               [ [ 1, -1, -1, 0, 0 ], [ 1, 0, 0, 0, 1 ], [ 1, 0, -1, 0, 0 ], 
                  [ 1, -1, -1, -1, -1 ], [ 1, 0, 0, 0, 0 ] ] ), rec(
              Adjacencies := [ rec(
                      Input := 16,
                      eBigMat := 
                       [ [ 1, 0, -1, 0, -1 ], [ 0, 1, 0, 0, 0 ], 
                          [ 0, 0, 1, 0, 0 ], [ 0, 0, 0, 1, 0 ], 
                          [ 0, 0, 0, 0, 1 ] ],
                      eInc := [ 2, 3, 4, 5 ],
                      iDelaunay := 18 ), rec(
                      Input := 16,
                      eBigMat := 
                       [ [ 1, -1, -1, -1, -1 ], [ 0, 1, 0, 0, 0 ], 
                          [ 0, 0, 1, 0, 0 ], [ 0, 0, 0, 1, 0 ], 
                          [ 0, 0, 0, 0, 1 ] ],
                      eInc := [ 1, 3, 4, 5 ],
                      iDelaunay := 11 ), rec(
                      Input := 16,
                      eBigMat := 
                       [ [ 1, 0, -1, 0, 0 ], [ 0, 1, 0, 0, 0 ], 
                          [ 0, 0, 1, 0, 0 ], [ 0, 0, 0, 1, 0 ], 
                          [ 0, 0, 0, 0, 1 ] ],
                      eInc := [ 1, 2, 4, 5 ],
                      iDelaunay := 5 ), rec(
                      Input := 16,
                      eBigMat := 
                       [ [ 1, 0, -1, -1, -1 ], [ 0, 1, 0, 0, 0 ], 
                          [ 0, 0, 1, 0, 0 ], [ 0, 0, 0, 1, 0 ], 
                          [ 0, 0, 0, 0, 1 ] ],
                      eInc := [ 1, 2, 3, 5 ],
                      iDelaunay := 9 ), rec(
                      Input := 16,
                      eBigMat := 
                       [ [ 1, 0, -1, 0, -1 ], [ 0, 1, 0, 0, 0 ], 
                          [ 0, 0, 1, 0, 0 ], [ 0, 0, 0, 1, 0 ], 
                          [ 0, 0, 0, 0, 1 ] ],
                      eInc := [ 1, 2, 3, 4 ],
                      iDelaunay := 21 ) ],
              EXT := 
               [ [ 1, 0, -1, -1, -1 ], [ 1, 1, 0, 0, 0 ], [ 1, 0, -1, 0, -1 ],
                  [ 1, 0, -1, 0, 0 ], [ 1, 0, 0, 0, 0 ] ] ), rec(
              Adjacencies := [ rec(
                      Input := 17,
                      eBigMat := 
                       [ [ 1, 0, 1, 0, 1 ], [ 0, 1, 0, 0, 0 ], 
                          [ 0, 0, 1, 0, 0 ], [ 0, 0, 0, 1, 0 ], 
                          [ 0, 0, 0, 0, 1 ] ],
                      eInc := [ 2, 3, 4, 5 ],
                      iDelaunay := 19 ), rec(
                      Input := 17,
                      eBigMat := 
                       [ [ 1, 0, 1, 0, 1 ], [ 0, 1, 0, 0, 0 ], 
                          [ 0, 0, 1, 0, 0 ], [ 0, 0, 0, 1, 0 ], 
                          [ 0, 0, 0, 0, 1 ] ],
                      eInc := [ 1, 3, 4, 5 ],
                      iDelaunay := 7 ), rec(
                      Input := 17,
                      eBigMat := 
                       [ [ 1, -1, -1, 0, 0 ], [ 0, 1, 0, 0, 0 ], 
                          [ 0, 0, 1, 0, 0 ], [ 0, 0, 0, 1, 0 ], 
                          [ 0, 0, 0, 0, 1 ] ],
                      eInc := [ 1, 2, 4, 5 ],
                      iDelaunay := 4 ), rec(
                      Input := 17,
                      eBigMat := 
                       [ [ 1, -1, 0, -1, 0 ], [ 0, 1, 0, 0, 0 ], 
                          [ 0, 0, 1, 0, 0 ], [ 0, 0, 0, 1, 0 ], 
                          [ 0, 0, 0, 0, 1 ] ],
                      eInc := [ 1, 2, 3, 5 ],
                      iDelaunay := 11 ), rec(
                      Input := 17,
                      eBigMat := 
                       [ [ 1, -1, 0, 0, 0 ], [ 0, 1, 0, 0, 0 ], 
                          [ 0, 0, 1, 0, 0 ], [ 0, 0, 0, 1, 0 ], 
                          [ 0, 0, 0, 0, 1 ] ],
                      eInc := [ 1, 2, 3, 4 ],
                      iDelaunay := 21 ) ],
              EXT := 
               [ [ 1, -1, 0, -1, 0 ], [ 1, 0, 0, 0, 1 ], [ 1, 0, 1, 0, 1 ], 
                  [ 1, -1, 0, 0, 0 ], [ 1, 0, 0, 0, 0 ] ] ), rec(
              Adjacencies := [ rec(
                      Input := 18,
                      eBigMat := 
                       [ [ 1, 0, 1, 0, 1 ], [ 0, 1, 0, 0, 0 ], 
                          [ 0, 0, 1, 0, 0 ], [ 0, 0, 0, 1, 0 ], 
                          [ 0, 0, 0, 0, 1 ] ],
                      eInc := [ 2, 3, 4, 5 ],
                      iDelaunay := 16 ), rec(
                      Input := 18,
                      eBigMat := 
                       [ [ 1, 1, 1, 1, 2 ], [ 0, 1, 0, 0, 0 ], 
                          [ 0, 0, 1, 0, 0 ], [ 0, 0, 0, 1, 0 ], 
                          [ 0, 0, 0, 0, 1 ] ],
                      eInc := [ 1, 3, 4, 5 ],
                      iDelaunay := 24 ), rec(
                      Input := 18,
                      eBigMat := 
                       [ [ 1, 1, 1, 1, 2 ], [ 0, 1, 0, 0, 0 ], 
                          [ 0, 0, 1, 0, 0 ], [ 0, 0, 0, 1, 0 ], 
                          [ 0, 0, 0, 0, 1 ] ],
                      eInc := [ 1, 2, 4, 5 ],
                      iDelaunay := 3 ), rec(
                      Input := 18,
                      eBigMat := 
                       [ [ 1, 1, 1, 1, 2 ], [ 0, 1, 0, 0, 0 ], 
                          [ 0, 0, 1, 0, 0 ], [ 0, 0, 0, 1, 0 ], 
                          [ 0, 0, 0, 0, 1 ] ],
                      eInc := [ 1, 2, 3, 5 ],
                      iDelaunay := 12 ), rec(
                      Input := 18,
                      eBigMat := 
                       [ [ 1, 0, 1, 0, 1 ], [ 0, 1, 0, 0, 0 ], 
                          [ 0, 0, 1, 0, 0 ], [ 0, 0, 0, 1, 0 ], 
                          [ 0, 0, 0, 0, 1 ] ],
                      eInc := [ 1, 2, 3, 4 ],
                      iDelaunay := 22 ) ],
              EXT := 
               [ [ 1, 1, 1, 1, 2 ], [ 1, 0, 0, 0, 1 ], [ 1, 0, 1, 0, 1 ], 
                  [ 1, 1, 1, 0, 1 ], [ 1, 0, 0, 0, 0 ] ] ), rec(
              Adjacencies := [ rec(
                      Input := 19,
                      eBigMat := 
                       [ [ 1, 0, -1, 0, -1 ], [ 0, 1, 0, 0, 0 ], 
                          [ 0, 0, 1, 0, 0 ], [ 0, 0, 0, 1, 0 ], 
                          [ 0, 0, 0, 0, 1 ] ],
                      eInc := [ 2, 3, 4, 5 ],
                      iDelaunay := 17 ), rec(
                      Input := 19,
                      eBigMat := 
                       [ [ 1, 0, -1, 1, 0 ], [ 0, 1, 0, 0, 0 ], 
                          [ 0, 0, 1, 0, 0 ], [ 0, 0, 0, 1, 0 ], 
                          [ 0, 0, 0, 0, 1 ] ],
                      eInc := [ 1, 3, 4, 5 ],
                      iDelaunay := 10 ), rec(
                      Input := 19,
                      eBigMat := 
                       [ [ 1, 0, 0, 1, 1 ], [ 0, 1, 0, 0, 0 ], 
                          [ 0, 0, 1, 0, 0 ], [ 0, 0, 0, 1, 0 ], 
                          [ 0, 0, 0, 0, 1 ] ],
                      eInc := [ 1, 2, 4, 5 ],
                      iDelaunay := 1 ), rec(
                      Input := 19,
                      eBigMat := 
                       [ [ 1, 1, 0, 1, 1 ], [ 0, 1, 0, 0, 0 ], 
                          [ 0, 0, 1, 0, 0 ], [ 0, 0, 0, 1, 0 ], 
                          [ 0, 0, 0, 0, 1 ] ],
                      eInc := [ 1, 2, 3, 5 ],
                      iDelaunay := 12 ), rec(
                      Input := 19,
                      eBigMat := 
                       [ [ 1, -1, -1, 0, -1 ], [ 0, 1, 0, 0, 0 ], 
                          [ 0, 0, 1, 0, 0 ], [ 0, 0, 0, 1, 0 ], 
                          [ 0, 0, 0, 0, 1 ] ],
                      eInc := [ 1, 2, 3, 4 ],
                      iDelaunay := 22 ) ],
              EXT := 
               [ [ 1, 0, -1, 1, 0 ], [ 1, 0, -1, 0, 0 ], [ 1, 0, -1, 0, -1 ], 
                  [ 1, -1, -1, 0, -1 ], [ 1, 0, 0, 0, 0 ] ] ), rec(
              Adjacencies := [ rec(
                      Input := 20,
                      eBigMat := 
                       [ [ 1, 0, 1, 0, 0 ], [ 0, 1, 0, 0, 0 ], 
                          [ 0, 0, 1, 0, 0 ], [ 0, 0, 0, 1, 0 ], 
                          [ 0, 0, 0, 0, 1 ] ],
                      eInc := [ 2, 3, 4, 5 ],
                      iDelaunay := 14 ), rec(
                      Input := 20,
                      eBigMat := 
                       [ [ 1, 0, 0, 0, 0 ], [ 0, 1, 0, 0, 0 ], 
                          [ 0, 0, 1, 0, 0 ], [ 0, 0, 0, 1, 0 ], 
                          [ 0, 0, 0, 0, 1 ] ],
                      eInc := [ 1, 3, 4, 5 ],
                      iDelaunay := 9 ), rec(
                      Input := 20,
                      eBigMat := 
                       [ [ 1, 0, 0, 1, 1 ], [ 0, 1, 0, 0, 0 ], 
                          [ 0, 0, 1, 0, 0 ], [ 0, 0, 0, 1, 0 ], 
                          [ 0, 0, 0, 0, 1 ] ],
                      eInc := [ 1, 2, 4, 5 ],
                      iDelaunay := 4 ), rec(
                      Input := 20,
                      eBigMat := 
                       [ [ 1, -1, 0, 0, 0 ], [ 0, 1, 0, 0, 0 ], 
                          [ 0, 0, 1, 0, 0 ], [ 0, 0, 0, 1, 0 ], 
                          [ 0, 0, 0, 0, 1 ] ],
                      eInc := [ 1, 2, 3, 5 ],
                      iDelaunay := 13 ), rec(
                      Input := 20,
                      eBigMat := 
                       [ [ 1, 1, 2, 1, 2 ], [ 0, 1, 0, 0, 0 ], 
                          [ 0, 0, 1, 0, 0 ], [ 0, 0, 0, 1, 0 ], 
                          [ 0, 0, 0, 0, 1 ] ],
                      eInc := [ 1, 2, 3, 4 ],
                      iDelaunay := 7 ) ],
              EXT := 
               [ [ 1, 0, 1, 1, 1 ], [ 1, 0, 1, 0, 1 ], [ 1, 0, 1, 0, 0 ], 
                  [ 1, 1, 1, 1, 1 ], [ 1, 0, 0, 0, 0 ] ] ), rec(
              Adjacencies := [ rec(
                      Input := 21,
                      eBigMat := 
                       [ [ 1, 0, 1, 0, 1 ], [ 0, 1, 0, 0, 0 ], 
                          [ 0, 0, 1, 0, 0 ], [ 0, 0, 0, 1, 0 ], 
                          [ 0, 0, 0, 0, 1 ] ],
                      eInc := [ 2, 3, 4, 5 ],
                      iDelaunay := 16 ), rec(
                      Input := 21,
                      eBigMat := 
                       [ [ 1, 1, 0, 0, 0 ], [ 0, 1, 0, 0, 0 ], 
                          [ 0, 0, 1, 0, 0 ], [ 0, 0, 0, 1, 0 ], 
                          [ 0, 0, 0, 0, 1 ] ],
                      eInc := [ 1, 3, 4, 5 ],
                      iDelaunay := 17 ), rec(
                      Input := 21,
                      eBigMat := 
                       [ [ 1, 1, 1, 1, 2 ], [ 0, 1, 0, 0, 0 ], 
                          [ 0, 0, 1, 0, 0 ], [ 0, 0, 0, 1, 0 ], 
                          [ 0, 0, 0, 0, 1 ] ],
                      eInc := [ 1, 2, 4, 5 ],
                      iDelaunay := 1 ), rec(
                      Input := 21,
                      eBigMat := 
                       [ [ 1, 1, 0, 0, 1 ], [ 0, 1, 0, 0, 0 ], 
                          [ 0, 0, 1, 0, 0 ], [ 0, 0, 0, 1, 0 ], 
                          [ 0, 0, 0, 0, 1 ] ],
                      eInc := [ 1, 2, 3, 5 ],
                      iDelaunay := 23 ), rec(
                      Input := 21,
                      eBigMat := 
                       [ [ 1, 1, 1, 0, 1 ], [ 0, 1, 0, 0, 0 ], 
                          [ 0, 0, 1, 0, 0 ], [ 0, 0, 0, 1, 0 ], 
                          [ 0, 0, 0, 0, 1 ] ],
                      eInc := [ 1, 2, 3, 4 ],
                      iDelaunay := 15 ) ],
              EXT := 
               [ [ 1, 1, 0, 0, 1 ], [ 1, 0, 0, 0, 1 ], [ 1, 0, 0, -1, 0 ], 
                  [ 1, 1, 1, 0, 1 ], [ 1, 0, 0, 0, 0 ] ] ), rec(
              Adjacencies := [ rec(
                      Input := 22,
                      eBigMat := 
                       [ [ 1, 0, -1, 0, -1 ], [ 0, 1, 0, 0, 0 ], 
                          [ 0, 0, 1, 0, 0 ], [ 0, 0, 0, 1, 0 ], 
                          [ 0, 0, 0, 0, 1 ] ],
                      eInc := [ 2, 3, 4, 5 ],
                      iDelaunay := 18 ), rec(
                      Input := 22,
                      eBigMat := 
                       [ [ 1, 0, 0, 0, 0 ], [ 0, 1, 0, 0, 0 ], 
                          [ 0, 0, 1, 0, 0 ], [ 0, 0, 0, 1, 0 ], 
                          [ 0, 0, 0, 0, 1 ] ],
                      eInc := [ 1, 3, 4, 5 ],
                      iDelaunay := 14 ), rec(
                      Input := 22,
                      eBigMat := 
                       [ [ 1, 0, -1, 0, 0 ], [ 0, 1, 0, 0, 0 ], 
                          [ 0, 0, 1, 0, 0 ], [ 0, 0, 0, 1, 0 ], 
                          [ 0, 0, 0, 0, 1 ] ],
                      eInc := [ 1, 2, 4, 5 ],
                      iDelaunay := 5 ), rec(
                      Input := 22,
                      eBigMat := 
                       [ [ 1, 1, 1, 0, 1 ], [ 0, 1, 0, 0, 0 ], 
                          [ 0, 0, 1, 0, 0 ], [ 0, 0, 0, 1, 0 ], 
                          [ 0, 0, 0, 0, 1 ] ],
                      eInc := [ 1, 2, 3, 5 ],
                      iDelaunay := 19 ), rec(
                      Input := 22,
                      eBigMat := 
                       [ [ 1, 0, -1, 0, 0 ], [ 0, 1, 0, 0, 0 ], 
                          [ 0, 0, 1, 0, 0 ], [ 0, 0, 0, 1, 0 ], 
                          [ 0, 0, 0, 0, 1 ] ],
                      eInc := [ 1, 2, 3, 4 ],
                      iDelaunay := 13 ) ],
              EXT := 
               [ [ 1, 1, 0, 0, 1 ], [ 1, 1, 0, 0, 0 ], [ 1, 1, 0, 1, 1 ], 
                  [ 1, 0, -1, 0, 0 ], [ 1, 0, 0, 0, 0 ] ] ), rec(
              Adjacencies := [ rec(
                      Input := 23,
                      eBigMat := 
                       [ [ 1, -1, -1, -1, -1 ], [ 0, 1, 0, 0, 0 ], 
                          [ 0, 0, 1, 0, 0 ], [ 0, 0, 0, 1, 0 ], 
                          [ 0, 0, 0, 0, 1 ] ],
                      eInc := [ 2, 3, 4, 5 ],
                      iDelaunay := 9 ), rec(
                      Input := 23,
                      eBigMat := 
                       [ [ 1, -1, 0, 0, -1 ], [ 0, 1, 0, 0, 0 ], 
                          [ 0, 0, 1, 0, 0 ], [ 0, 0, 0, 1, 0 ], 
                          [ 0, 0, 0, 0, 1 ] ],
                      eInc := [ 1, 3, 4, 5 ],
                      iDelaunay := 14 ), rec(
                      Input := 23,
                      eBigMat := 
                       [ [ 1, -1, -1, 0, -1 ], [ 0, 1, 0, 0, 0 ], 
                          [ 0, 0, 1, 0, 0 ], [ 0, 0, 0, 1, 0 ], 
                          [ 0, 0, 0, 0, 1 ] ],
                      eInc := [ 1, 2, 4, 5 ],
                      iDelaunay := 6 ), rec(
                      Input := 23,
                      eBigMat := 
                       [ [ 1, -1, 0, 0, -1 ], [ 0, 1, 0, 0, 0 ], 
                          [ 0, 0, 1, 0, 0 ], [ 0, 0, 0, 1, 0 ], 
                          [ 0, 0, 0, 0, 1 ] ],
                      eInc := [ 1, 2, 3, 5 ],
                      iDelaunay := 21 ), rec(
                      Input := 23,
                      eBigMat := 
                       [ [ 1, -1, 0, -1, -1 ], [ 0, 1, 0, 0, 0 ], 
                          [ 0, 0, 1, 0, 0 ], [ 0, 0, 0, 1, 0 ], 
                          [ 0, 0, 0, 0, 1 ] ],
                      eInc := [ 1, 2, 3, 4 ],
                      iDelaunay := 8 ) ],
              EXT := 
               [ [ 1, -1, 0, 0, -1 ], [ 1, -1, 0, -1, -1 ], 
                  [ 1, -1, 0, 0, 0 ], [ 1, -1, -1, 0, -1 ], [ 1, 0, 0, 0, 0 ] 
                 ] ), rec(
              Adjacencies := [ rec(
                      Input := 24,
                      eBigMat := 
                       [ [ 1, -1, 0, -1, -1 ], [ 0, 1, 0, 0, 0 ], 
                          [ 0, 0, 1, 0, 0 ], [ 0, 0, 0, 1, 0 ], 
                          [ 0, 0, 0, 0, 1 ] ],
                      eInc := [ 2, 3, 4, 5 ],
                      iDelaunay := 11 ), rec(
                      Input := 24,
                      eBigMat := 
                       [ [ 1, 0, 0, -1, -1 ], [ 0, 1, 0, 0, 0 ], 
                          [ 0, 0, 1, 0, 0 ], [ 0, 0, 0, 1, 0 ], 
                          [ 0, 0, 0, 0, 1 ] ],
                      eInc := [ 1, 3, 4, 5 ],
                      iDelaunay := 8 ), rec(
                      Input := 24,
                      eBigMat := 
                       [ [ 1, -1, -1, 0, -1 ], [ 0, 1, 0, 0, 0 ], 
                          [ 0, 0, 1, 0, 0 ], [ 0, 0, 0, 1, 0 ], 
                          [ 0, 0, 0, 0, 1 ] ],
                      eInc := [ 1, 2, 4, 5 ],
                      iDelaunay := 4 ), rec(
                      Input := 24,
                      eBigMat := 
                       [ [ 1, -1, -1, -1, -2 ], [ 0, 1, 0, 0, 0 ], 
                          [ 0, 0, 1, 0, 0 ], [ 0, 0, 0, 1, 0 ], 
                          [ 0, 0, 0, 0, 1 ] ],
                      eInc := [ 1, 2, 3, 5 ],
                      iDelaunay := 18 ), rec(
                      Input := 24,
                      eBigMat := 
                       [ [ 1, -1, 0, -1, -2 ], [ 0, 1, 0, 0, 0 ], 
                          [ 0, 0, 1, 0, 0 ], [ 0, 0, 0, 1, 0 ], 
                          [ 0, 0, 0, 0, 1 ] ],
                      eInc := [ 1, 2, 3, 4 ],
                      iDelaunay := 14 ) ],
              EXT := 
               [ [ 1, -1, -1, -1, -2 ], [ 1, -1, 0, -1, -1 ], 
                  [ 1, 0, 0, -1, -1 ], [ 1, 0, 0, 0, -1 ], [ 1, 0, 0, 0, 0 ] 
                 ] ) ],
      ListTrig := 
       [ [ [ 1, -1, -1, -1, -2 ], [ 1, 0, 0, -1, -1 ], [ 1, -1, -1, -1, -1 ], 
              [ 1, 0, -1, -1, -1 ], [ 1, 0, -1, 0, -1 ] ], 
          [ [ 1, 0, 0, -1, -1 ], [ 1, -1, -1, -1, -1 ], [ 1, 0, -1, -1, -1 ], 
              [ 1, 0, -1, 0, -1 ], [ 1, 0, 0, 0, 0 ] ], 
          [ [ 1, -1, -1, -1, -2 ], [ 1, 0, 0, -1, -1 ], [ 1, -1, -1, -1, -1 ],
              [ 1, 0, -1, 0, -1 ], [ 1, 0, 0, 0, 0 ] ], 
          [ [ 1, 0, 1, -1, 0 ], [ 1, 1, 1, 0, 1 ], [ 1, 0, 1, 0, 0 ], 
              [ 1, 1, 1, 0, 0 ], [ 1, 0, 0, -1, -1 ] ], 
          [ [ 1, 1, 1, 0, 1 ], [ 1, 0, 1, 0, 0 ], [ 1, 1, 1, 0, 0 ], 
              [ 1, 0, 0, -1, -1 ], [ 1, 0, 0, 0, 0 ] ], 
          [ [ 1, 0, 1, -1, 0 ], [ 1, 1, 1, 0, 1 ], [ 1, 0, 1, 0, 0 ], 
              [ 1, 0, 0, -1, -1 ], [ 1, 0, 0, 0, 0 ] ], 
          [ [ 1, -1, -1, -1, -2 ], [ 1, -1, -1, -1, -1 ], 
              [ 1, -1, -1, 0, -1 ], [ 1, 0, -1, 0, -1 ], [ 1, 0, 0, 0, 0 ] ], 
          [ [ 1, 0, -1, 1, 0 ], [ 1, -1, -1, 0, -1 ], [ 1, 0, 0, 1, 0 ], 
              [ 1, 0, 0, 1, 1 ], [ 1, 0, 0, 0, 0 ] ], 
          [ [ 1, 0, 1, 1, 1 ], [ 1, 0, 1, 0, 0 ], [ 1, 1, 1, 1, 1 ], 
              [ 1, 0, 0, 1, 0 ], [ 1, 0, 0, 0, 0 ] ], 
          [ [ 1, 0, 1, -1, 0 ], [ 1, 0, 1, 0, 0 ], [ 1, -1, 0, -1, -1 ], 
              [ 1, 0, 0, -1, -1 ], [ 1, 0, 0, 0, 0 ] ], 
          [ [ 1, 1, 0, 1, 0 ], [ 1, 1, 1, 1, 1 ], [ 1, 1, 0, 1, 1 ], 
              [ 1, 1, 0, 0, 0 ], [ 1, 0, 0, 0, 0 ] ], 
          [ [ 1, -1, -1, -1, -2 ], [ 1, -1, 0, -1, -1 ], 
              [ 1, -1, -1, -1, -1 ], [ 1, -1, -1, 0, -1 ], [ 1, 0, 0, 0, 0 ] ]
            , 
          [ [ 1, 1, 1, 0, 0 ], [ 1, 1, 0, 0, 0 ], [ 1, 1, 1, 0, 1 ], 
              [ 1, 1, 1, 1, 1 ], [ 1, 0, 0, 0, 0 ] ], 
          [ [ 1, 1, 0, 0, 1 ], [ 1, 0, 0, 0, 1 ], [ 1, 0, -1, 0, 0 ], 
              [ 1, 1, 0, 1, 1 ], [ 1, 0, 0, 0, 0 ] ], 
          [ [ 1, -1, -1, 0, 0 ], [ 1, 0, 0, 0, 1 ], [ 1, 0, -1, 0, 0 ], 
              [ 1, -1, -1, -1, -1 ], [ 1, 0, 0, 0, 0 ] ], 
          [ [ 1, 0, -1, -1, -1 ], [ 1, 1, 0, 0, 0 ], [ 1, 0, -1, 0, -1 ], 
              [ 1, 0, -1, 0, 0 ], [ 1, 0, 0, 0, 0 ] ], 
          [ [ 1, -1, 0, -1, 0 ], [ 1, 0, 0, 0, 1 ], [ 1, 0, 1, 0, 1 ], 
              [ 1, -1, 0, 0, 0 ], [ 1, 0, 0, 0, 0 ] ], 
          [ [ 1, 1, 1, 1, 2 ], [ 1, 0, 0, 0, 1 ], [ 1, 0, 1, 0, 1 ], 
              [ 1, 1, 1, 0, 1 ], [ 1, 0, 0, 0, 0 ] ], 
          [ [ 1, 0, -1, 1, 0 ], [ 1, 0, -1, 0, 0 ], [ 1, 0, -1, 0, -1 ], 
              [ 1, -1, -1, 0, -1 ], [ 1, 0, 0, 0, 0 ] ], 
          [ [ 1, 0, 1, 1, 1 ], [ 1, 0, 1, 0, 1 ], [ 1, 0, 1, 0, 0 ], 
              [ 1, 1, 1, 1, 1 ], [ 1, 0, 0, 0, 0 ] ], 
          [ [ 1, 1, 0, 0, 1 ], [ 1, 0, 0, 0, 1 ], [ 1, 0, 0, -1, 0 ], 
              [ 1, 1, 1, 0, 1 ], [ 1, 0, 0, 0, 0 ] ], 
          [ [ 1, 1, 0, 0, 1 ], [ 1, 1, 0, 0, 0 ], [ 1, 1, 0, 1, 1 ], 
              [ 1, 0, -1, 0, 0 ], [ 1, 0, 0, 0, 0 ] ], 
          [ [ 1, -1, 0, 0, -1 ], [ 1, -1, 0, -1, -1 ], [ 1, -1, 0, 0, 0 ], 
              [ 1, -1, -1, 0, -1 ], [ 1, 0, 0, 0, 0 ] ], 
          [ [ 1, -1, -1, -1, -2 ], [ 1, -1, 0, -1, -1 ], [ 1, 0, 0, -1, -1 ], 
              [ 1, 0, 0, 0, -1 ], [ 1, 0, 0, 0, 0 ] ] ],
      n := 4 ) );
