7
1
200
 1 16 17
 1 16 18
 1 16 20
 1 16 24
 1 16 31
 1 17 19
 1 17 21
 1 17 25
 1 17 30
 1 18 19
 1 18 22
 1 18 26
 1 18 29
 1 19 23
 1 19 27
 1 19 28
 1 20 21
 1 20 22
 1 20 27
 1 20 28
 1 21 23
 1 21 26
 1 21 29
 1 22 23
 1 22 25
 1 22 30
 1 23 24
 1 23 31
 1 24 25
 1 24 26
 1 24 28
 1 25 27
 1 25 29
 1 26 27
 1 26 30
 1 27 31
 1 28 29
 1 28 30
 1 29 31
 1 30 31
 2 16 17
 2 16 18
 2 16 20
 2 16 24
 2 16 31
 2 17 19
 2 17 21
 2 17 25
 2 17 30
 2 18 19
 2 18 22
 2 18 26
 2 18 29
 2 19 23
 2 19 27
 2 19 28
 2 20 21
 2 20 22
 2 20 27
 2 20 28
 2 21 23
 2 21 26
 2 21 29
 2 22 23
 2 22 25
 2 22 30
 2 23 24
 2 23 31
 2 24 25
 2 24 26
 2 24 28
 2 25 27
 2 25 29
 2 26 27
 2 26 30
 2 27 31
 2 28 29
 2 28 30
 2 29 31
 2 30 31
 4 16 17
 4 16 18
 4 16 20
 4 16 24
 4 16 31
 4 17 19
 4 17 21
 4 17 25
 4 17 30
 4 18 19
 4 18 22
 4 18 26
 4 18 29
 4 19 23
 4 19 27
 4 19 28
 4 20 21
 4 20 22
 4 20 27
 4 20 28
 4 21 23
 4 21 26
 4 21 29
 4 22 23
 4 22 25
 4 22 30
 4 23 24
 4 23 31
 4 24 25
 4 24 26
 4 24 28
 4 25 27
 4 25 29
 4 26 27
 4 26 30
 4 27 31
 4 28 29
 4 28 30
 4 29 31
 4 30 31
 8 16 17
 8 16 18
 8 16 20
 8 16 24
 8 16 31
 8 17 19
 8 17 21
 8 17 25
 8 17 30
 8 18 19
 8 18 22
 8 18 26
 8 18 29
 8 19 23
 8 19 27
 8 19 28
 8 20 21
 8 20 22
 8 20 27
 8 20 28
 8 21 23
 8 21 26
 8 21 29
 8 22 23
 8 22 25
 8 22 30
 8 23 24
 8 23 31
 8 24 25
 8 24 26
 8 24 28
 8 25 27
 8 25 29
 8 26 27
 8 26 30
 8 27 31
 8 28 29
 8 28 30
 8 29 31
 8 30 31
 15 16 17
 15 16 18
 15 16 20
 15 16 24
 15 16 31
 15 17 19
 15 17 21
 15 17 25
 15 17 30
 15 18 19
 15 18 22
 15 18 26
 15 18 29
 15 19 23
 15 19 27
 15 19 28
 15 20 21
 15 20 22
 15 20 27
 15 20 28
 15 21 23
 15 21 26
 15 21 29
 15 22 23
 15 22 25
 15 22 30
 15 23 24
 15 23 31
 15 24 25
 15 24 26
 15 24 28
 15 25 27
 15 25 29
 15 26 27
 15 26 30
 15 27 31
 15 28 29
 15 28 30
 15 29 31
 15 30 31
TheDimSpa=0
2
442
 1 2 3
 1 2 8
 1 2 17
 1 2 18
 1 2 21
 1 2 26
 1 2 29
 1 2 30
 1 3 9
 1 3 16
 1 3 19
 1 3 20
 1 3 27
 1 3 28
 1 3 31
 1 4 5
 1 4 8
 1 4 17
 1 4 19
 1 4 20
 1 4 27
 1 4 28
 1 4 30
 1 5 9
 1 5 16
 1 5 18
 1 5 21
 1 5 26
 1 5 29
 1 5 31
 1 8 9
 1 8 16
 1 8 18
 1 8 20
 1 8 27
 1 8 29
 1 8 31
 1 9 17
 1 9 19
 1 9 21
 1 9 26
 1 9 28
 1 9 30
 1 16 17
 1 16 18
 1 16 20
 1 16 26
 1 16 28
 1 16 31
 1 17 19
 1 17 21
 1 17 27
 1 17 29
 1 17 30
 1 18 19
 1 18 26
 1 18 29
 1 18 30
 1 19 27
 1 19 28
 1 19 31
 1 20 21
 1 20 27
 1 20 28
 1 20 30
 1 21 26
 1 21 29
 1 21 31
 1 26 27
 1 26 30
 1 27 31
 1 28 29
 1 28 30
 1 29 31
 1 30 31
 2 3 10
 2 3 16
 2 3 19
 2 3 23
 2 3 24
 2 3 28
 2 3 31
 2 8 10
 2 8 18
 2 8 19
 2 8 23
 2 8 24
 2 8 28
 2 8 29
 2 10 16
 2 10 17
 2 10 21
 2 10 26
 2 10 30
 2 10 31
 2 16 17
 2 16 18
 2 16 21
 2 16 24
 2 16 28
 2 16 31
 2 17 19
 2 17 21
 2 17 24
 2 17 29
 2 17 30
 2 18 19
 2 18 23
 2 18 26
 2 18 29
 2 18 30
 2 19 23
 2 19 26
 2 19 28
 2 19 31
 2 21 23
 2 21 26
 2 21 28
 2 21 29
 2 23 24
 2 23 30
 2 23 31
 2 24 26
 2 24 28
 2 24 29
 2 26 30
 2 26 31
 2 28 29
 2 28 30
 2 29 31
 2 30 31
 3 9 10
 3 9 19
 3 9 23
 3 9 24
 3 9 28
 3 10 16
 3 10 20
 3 10 27
 3 10 31
 3 16 19
 3 16 20
 3 16 24
 3 16 28
 3 16 31
 3 19 23
 3 19 27
 3 19 28
 3 19 31
 3 20 23
 3 20 27
 3 20 28
 3 23 24
 3 23 31
 3 24 27
 3 24 28
 3 27 31
 3 28 31
 4 5 12
 4 5 16
 4 5 21
 4 5 23
 4 5 24
 4 5 26
 4 5 31
 4 8 12
 4 8 20
 4 8 21
 4 8 23
 4 8 24
 4 8 26
 4 8 27
 4 12 16
 4 12 17
 4 12 19
 4 12 28
 4 12 30
 4 12 31
 4 16 17
 4 16 19
 4 16 20
 4 16 24
 4 16 26
 4 16 31
 4 17 19
 4 17 21
 4 17 24
 4 17 27
 4 17 30
 4 19 23
 4 19 26
 4 19 27
 4 19 28
 4 20 21
 4 20 23
 4 20 27
 4 20 28
 4 20 30
 4 21 23
 4 21 26
 4 21 28
 4 21 31
 4 23 24
 4 23 30
 4 23 31
 4 24 26
 4 24 27
 4 24 28
 4 26 27
 4 26 30
 4 27 31
 4 28 30
 4 28 31
 4 30 31
 5 9 12
 5 9 21
 5 9 23
 5 9 24
 5 9 26
 5 12 16
 5 12 18
 5 12 29
 5 12 31
 5 16 18
 5 16 21
 5 16 24
 5 16 26
 5 16 31
 5 18 23
 5 18 26
 5 18 29
 5 21 23
 5 21 26
 5 21 29
 5 21 31
 5 23 24
 5 23 31
 5 24 26
 5 24 29
 5 26 31
 5 29 31
 8 9 10
 8 9 12
 8 9 19
 8 9 21
 8 9 23
 8 9 24
 8 9 26
 8 9 28
 8 10 16
 8 10 20
 8 10 21
 8 10 26
 8 10 27
 8 10 31
 8 12 16
 8 12 18
 8 12 19
 8 12 28
 8 12 29
 8 12 31
 8 16 18
 8 16 19
 8 16 20
 8 16 21
 8 16 24
 8 16 31
 8 18 19
 8 18 23
 8 18 26
 8 18 29
 8 19 23
 8 19 27
 8 19 28
 8 20 21
 8 20 23
 8 20 27
 8 20 28
 8 21 23
 8 21 26
 8 21 29
 8 23 24
 8 23 31
 8 24 26
 8 24 27
 8 24 28
 8 24 29
 8 26 27
 8 26 31
 8 27 31
 8 28 29
 8 28 31
 8 29 31
 9 10 17
 9 10 21
 9 10 26
 9 10 30
 9 12 17
 9 12 19
 9 12 28
 9 12 30
 9 17 19
 9 17 21
 9 17 24
 9 17 30
 9 19 23
 9 19 26
 9 19 28
 9 21 23
 9 21 26
 9 21 28
 9 23 24
 9 23 30
 9 24 26
 9 24 28
 9 26 30
 9 28 30
 10 16 17
 10 16 20
 10 16 21
 10 16 26
 10 16 31
 10 17 21
 10 17 27
 10 17 30
 10 20 21
 10 20 27
 10 20 30
 10 21 26
 10 21 31
 10 26 27
 10 26 30
 10 26 31
 10 27 31
 10 30 31
 12 16 17
 12 16 18
 12 16 19
 12 16 28
 12 16 31
 12 17 19
 12 17 29
 12 17 30
 12 18 19
 12 18 29
 12 18 30
 12 19 28
 12 19 31
 12 28 29
 12 28 30
 12 28 31
 12 29 31
 12 30 31
 15 16 17
 15 16 18
 15 16 19
 15 16 20
 15 16 21
 15 16 24
 15 16 26
 15 16 28
 15 16 31
 15 17 19
 15 17 21
 15 17 24
 15 17 27
 15 17 29
 15 17 30
 15 18 19
 15 18 23
 15 18 26
 15 18 29
 15 18 30
 15 19 23
 15 19 26
 15 19 27
 15 19 28
 15 19 31
 15 20 21
 15 20 23
 15 20 27
 15 20 28
 15 20 30
 15 21 23
 15 21 26
 15 21 28
 15 21 29
 15 21 31
 15 23 24
 15 23 30
 15 23 31
 15 24 26
 15 24 27
 15 24 28
 15 24 29
 15 26 27
 15 26 30
 15 26 31
 15 27 31
 15 28 29
 15 28 30
 15 28 31
 15 29 31
 15 30 31
 16 17 19
 16 17 21
 16 17 24
 16 18 19
 16 18 26
 16 19 26
 16 20 21
 16 20 28
 16 21 28
 16 24 26
 16 24 28
 17 19 27
 17 21 29
 17 24 27
 17 24 29
 18 19 23
 18 19 26
 18 23 30
 18 26 30
 19 23 31
 19 26 27
 19 26 31
 19 27 31
 20 21 23
 20 21 28
 20 23 30
 20 28 30
 21 23 31
 21 28 29
 21 28 31
 21 29 31
 23 30 31
 24 26 27
 24 28 29
 26 27 31
 26 30 31
 28 29 31
 28 30 31
TheDimSpa=0
3
240
 1 2 3
 1 2 8
 1 2 17
 1 2 21
 1 2 26
 1 2 30
 1 3 9
 1 3 16
 1 3 20
 1 3 27
 1 3 31
 1 8 9
 1 8 16
 1 8 20
 1 8 27
 1 8 31
 1 9 17
 1 9 21
 1 9 26
 1 9 30
 1 16 17
 1 16 20
 1 16 26
 1 16 31
 1 17 21
 1 17 27
 1 17 30
 1 20 21
 1 20 27
 1 20 30
 1 21 26
 1 21 31
 1 26 27
 1 26 30
 1 27 31
 1 30 31
 2 3 10
 2 3 19
 2 3 23
 2 3 24
 2 3 28
 2 8 10
 2 8 19
 2 8 23
 2 8 24
 2 8 28
 2 10 17
 2 10 21
 2 10 26
 2 10 30
 2 17 19
 2 17 21
 2 17 24
 2 17 30
 2 19 23
 2 19 26
 2 19 28
 2 21 23
 2 21 26
 2 21 28
 2 23 24
 2 23 30
 2 24 26
 2 24 28
 2 26 30
 2 28 30
 3 9 10
 3 9 19
 3 9 23
 3 9 24
 3 9 28
 3 10 16
 3 10 20
 3 10 27
 3 10 31
 3 16 19
 3 16 20
 3 16 24
 3 16 31
 3 19 23
 3 19 27
 3 19 28
 3 20 23
 3 20 27
 3 20 28
 3 23 24
 3 23 31
 3 24 27
 3 24 28
 3 27 31
 3 28 31
 4 16 17
 4 16 19
 4 16 20
 4 16 24
 4 16 26
 4 16 31
 4 17 19
 4 17 21
 4 17 24
 4 17 27
 4 17 30
 4 19 23
 4 19 26
 4 19 27
 4 19 28
 4 20 21
 4 20 23
 4 20 27
 4 20 28
 4 20 30
 4 21 23
 4 21 26
 4 21 28
 4 21 31
 4 23 24
 4 23 30
 4 23 31
 4 24 26
 4 24 27
 4 24 28
 4 26 27
 4 26 30
 4 27 31
 4 28 30
 4 28 31
 4 30 31
 8 9 10
 8 9 19
 8 9 23
 8 9 24
 8 9 28
 8 10 16
 8 10 20
 8 10 27
 8 10 31
 8 16 19
 8 16 20
 8 16 24
 8 16 31
 8 19 23
 8 19 27
 8 19 28
 8 20 23
 8 20 27
 8 20 28
 8 23 24
 8 23 31
 8 24 27
 8 24 28
 8 27 31
 8 28 31
 9 10 17
 9 10 21
 9 10 26
 9 10 30
 9 17 19
 9 17 21
 9 17 24
 9 17 30
 9 19 23
 9 19 26
 9 19 28
 9 21 23
 9 21 26
 9 21 28
 9 23 24
 9 23 30
 9 24 26
 9 24 28
 9 26 30
 9 28 30
 10 16 17
 10 16 20
 10 16 26
 10 16 31
 10 17 21
 10 17 27
 10 17 30
 10 20 21
 10 20 27
 10 20 30
 10 21 26
 10 21 31
 10 26 27
 10 26 30
 10 27 31
 10 30 31
 15 16 17
 15 16 19
 15 16 20
 15 16 24
 15 16 26
 15 16 31
 15 17 19
 15 17 21
 15 17 24
 15 17 27
 15 17 30
 15 19 23
 15 19 26
 15 19 27
 15 19 28
 15 20 21
 15 20 23
 15 20 27
 15 20 28
 15 20 30
 15 21 23
 15 21 26
 15 21 28
 15 21 31
 15 23 24
 15 23 30
 15 23 31
 15 24 26
 15 24 27
 15 24 28
 15 26 27
 15 26 30
 15 27 31
 15 28 30
 15 28 31
 15 30 31
 16 17 19
 16 17 24
 16 19 26
 16 24 26
 17 19 27
 17 24 27
 19 26 27
 20 21 23
 20 21 28
 20 23 30
 20 28 30
 21 23 31
 21 28 31
 23 30 31
 24 26 27
 28 30 31
TheDimSpa=0
4
645
 1 2 3
 1 2 4
 1 2 8
 1 2 17
 1 2 18
 1 2 21
 1 2 22
 1 2 25
 1 2 26
 1 2 29
 1 2 30
 1 3 5
 1 3 9
 1 3 16
 1 3 19
 1 3 20
 1 3 23
 1 3 24
 1 3 27
 1 3 28
 1 3 31
 1 4 5
 1 4 8
 1 4 17
 1 4 19
 1 4 20
 1 4 22
 1 4 25
 1 4 27
 1 4 28
 1 4 30
 1 5 9
 1 5 16
 1 5 18
 1 5 21
 1 5 23
 1 5 24
 1 5 26
 1 5 29
 1 5 31
 1 8 9
 1 8 16
 1 8 18
 1 8 20
 1 8 22
 1 8 25
 1 8 27
 1 8 29
 1 8 31
 1 9 17
 1 9 19
 1 9 21
 1 9 23
 1 9 24
 1 9 26
 1 9 28
 1 9 30
 1 16 17
 1 16 18
 1 16 20
 1 16 24
 1 16 26
 1 16 28
 1 16 31
 1 17 19
 1 17 21
 1 17 25
 1 17 27
 1 17 29
 1 17 30
 1 18 19
 1 18 20
 1 18 22
 1 18 26
 1 18 29
 1 18 30
 1 19 21
 1 19 23
 1 19 27
 1 19 28
 1 19 31
 1 20 21
 1 20 22
 1 20 27
 1 20 28
 1 20 30
 1 21 23
 1 21 26
 1 21 29
 1 21 31
 1 22 23
 1 22 30
 1 23 31
 1 24 25
 1 24 26
 1 24 28
 1 25 27
 1 25 29
 1 26 27
 1 26 28
 1 26 30
 1 27 29
 1 27 31
 1 28 29
 1 28 30
 1 29 31
 1 30 31
 2 3 6
 2 3 10
 2 3 16
 2 3 19
 2 3 20
 2 3 23
 2 3 24
 2 3 27
 2 3 28
 2 3 31
 2 4 6
 2 4 8
 2 4 16
 2 4 17
 2 4 22
 2 4 23
 2 4 24
 2 4 25
 2 4 30
 2 4 31
 2 6 10
 2 6 18
 2 6 19
 2 6 20
 2 6 21
 2 6 26
 2 6 27
 2 6 28
 2 6 29
 2 8 10
 2 8 18
 2 8 19
 2 8 22
 2 8 23
 2 8 24
 2 8 25
 2 8 28
 2 8 29
 2 10 16
 2 10 17
 2 10 20
 2 10 21
 2 10 26
 2 10 27
 2 10 30
 2 10 31
 2 16 17
 2 16 18
 2 16 20
 2 16 21
 2 16 24
 2 16 28
 2 16 31
 2 17 19
 2 17 21
 2 17 24
 2 17 25
 2 17 29
 2 17 30
 2 18 19
 2 18 22
 2 18 23
 2 18 26
 2 18 29
 2 18 30
 2 19 23
 2 19 26
 2 19 27
 2 19 28
 2 19 31
 2 20 21
 2 20 22
 2 20 28
 2 21 23
 2 21 26
 2 21 28
 2 21 29
 2 22 23
 2 22 30
 2 23 24
 2 23 30
 2 23 31
 2 24 25
 2 24 26
 2 24 28
 2 24 29
 2 25 27
 2 25 29
 2 26 27
 2 26 30
 2 26 31
 2 27 31
 2 28 29
 2 28 30
 2 29 31
 2 30 31
 3 5 6
 3 5 16
 3 5 23
 3 5 24
 3 5 31
 3 6 19
 3 6 20
 3 6 27
 3 6 28
 3 9 10
 3 9 19
 3 9 23
 3 9 24
 3 9 28
 3 10 16
 3 10 20
 3 10 27
 3 10 31
 3 16 19
 3 16 20
 3 16 24
 3 16 28
 3 16 31
 3 19 23
 3 19 27
 3 19 28
 3 19 31
 3 20 23
 3 20 27
 3 20 28
 3 23 24
 3 23 31
 3 24 27
 3 24 28
 3 27 31
 3 28 31
 4 5 6
 4 5 12
 4 5 16
 4 5 18
 4 5 21
 4 5 23
 4 5 24
 4 5 26
 4 5 29
 4 5 31
 4 6 12
 4 6 18
 4 6 19
 4 6 20
 4 6 21
 4 6 26
 4 6 27
 4 6 28
 4 6 29
 4 8 12
 4 8 20
 4 8 21
 4 8 22
 4 8 23
 4 8 24
 4 8 25
 4 8 26
 4 8 27
 4 12 16
 4 12 17
 4 12 18
 4 12 19
 4 12 28
 4 12 29
 4 12 30
 4 12 31
 4 16 17
 4 16 18
 4 16 19
 4 16 20
 4 16 24
 4 16 26
 4 16 31
 4 17 19
 4 17 21
 4 17 24
 4 17 25
 4 17 27
 4 17 30
 4 18 19
 4 18 22
 4 18 26
 4 19 23
 4 19 26
 4 19 27
 4 19 28
 4 20 21
 4 20 22
 4 20 23
 4 20 27
 4 20 28
 4 20 30
 4 21 23
 4 21 26
 4 21 28
 4 21 29
 4 21 31
 4 22 23
 4 22 30
 4 23 24
 4 23 30
 4 23 31
 4 24 25
 4 24 26
 4 24 27
 4 24 28
 4 25 27
 4 25 29
 4 26 27
 4 26 30
 4 27 31
 4 28 29
 4 28 30
 4 28 31
 4 29 31
 4 30 31
 5 6 18
 5 6 21
 5 6 26
 5 6 29
 5 9 12
 5 9 21
 5 9 23
 5 9 24
 5 9 26
 5 12 16
 5 12 18
 5 12 29
 5 12 31
 5 16 18
 5 16 21
 5 16 24
 5 16 26
 5 16 31
 5 18 23
 5 18 26
 5 18 29
 5 21 23
 5 21 26
 5 21 29
 5 21 31
 5 23 24
 5 23 31
 5 24 26
 5 24 29
 5 26 31
 5 29 31
 6 10 12
 6 10 20
 6 10 21
 6 10 26
 6 10 27
 6 12 18
 6 12 19
 6 12 28
 6 12 29
 6 18 19
 6 18 20
 6 18 26
 6 18 29
 6 19 21
 6 19 26
 6 19 27
 6 19 28
 6 20 21
 6 20 27
 6 20 28
 6 21 26
 6 21 28
 6 21 29
 6 26 27
 6 26 28
 6 27 29
 6 28 29
 8 9 10
 8 9 12
 8 9 17
 8 9 19
 8 9 21
 8 9 23
 8 9 24
 8 9 26
 8 9 28
 8 9 30
 8 10 12
 8 10 16
 8 10 17
 8 10 20
 8 10 21
 8 10 26
 8 10 27
 8 10 30
 8 10 31
 8 12 16
 8 12 17
 8 12 18
 8 12 19
 8 12 28
 8 12 29
 8 12 30
 8 12 31
 8 16 17
 8 16 18
 8 16 19
 8 16 20
 8 16 21
 8 16 24
 8 16 31
 8 17 19
 8 17 21
 8 17 25
 8 18 19
 8 18 20
 8 18 22
 8 18 23
 8 18 26
 8 18 29
 8 19 21
 8 19 23
 8 19 27
 8 19 28
 8 20 21
 8 20 22
 8 20 23
 8 20 27
 8 20 28
 8 21 23
 8 21 26
 8 21 29
 8 22 23
 8 22 30
 8 23 24
 8 23 31
 8 24 25
 8 24 26
 8 24 27
 8 24 28
 8 24 29
 8 25 27
 8 25 29
 8 26 27
 8 26 28
 8 26 30
 8 26 31
 8 27 29
 8 27 31
 8 28 29
 8 28 30
 8 28 31
 8 29 31
 8 30 31
 9 10 17
 9 10 21
 9 10 26
 9 10 30
 9 12 17
 9 12 19
 9 12 28
 9 12 30
 9 17 19
 9 17 21
 9 17 24
 9 17 30
 9 19 21
 9 19 23
 9 19 26
 9 19 28
 9 21 23
 9 21 26
 9 21 28
 9 23 24
 9 23 30
 9 24 26
 9 24 28
 9 26 28
 9 26 30
 9 28 30
 10 12 16
 10 12 17
 10 12 30
 10 12 31
 10 16 17
 10 16 20
 10 16 21
 10 16 26
 10 16 31
 10 17 21
 10 17 27
 10 17 30
 10 20 21
 10 20 27
 10 20 30
 10 21 26
 10 21 31
 10 26 27
 10 26 30
 10 26 31
 10 27 31
 10 30 31
 12 16 17
 12 16 18
 12 16 19
 12 16 28
 12 16 31
 12 17 19
 12 17 29
 12 17 30
 12 18 19
 12 18 29
 12 18 30
 12 19 28
 12 19 31
 12 28 29
 12 28 30
 12 28 31
 12 29 31
 12 30 31
 15 16 17
 15 16 18
 15 16 19
 15 16 20
 15 16 21
 15 16 24
 15 16 26
 15 16 28
 15 16 31
 15 17 19
 15 17 21
 15 17 24
 15 17 27
 15 17 29
 15 17 30
 15 18 19
 15 18 20
 15 18 23
 15 18 26
 15 18 29
 15 18 30
 15 19 21
 15 19 23
 15 19 26
 15 19 27
 15 19 28
 15 19 31
 15 20 21
 15 20 23
 15 20 27
 15 20 28
 15 20 30
 15 21 23
 15 21 26
 15 21 28
 15 21 29
 15 21 31
 15 23 24
 15 23 30
 15 23 31
 15 24 26
 15 24 27
 15 24 28
 15 24 29
 15 26 27
 15 26 28
 15 26 30
 15 26 31
 15 27 29
 15 27 31
 15 28 29
 15 28 30
 15 28 31
 15 29 31
 15 30 31
 16 17 19
 16 17 21
 16 17 24
 16 18 19
 16 18 20
 16 18 26
 16 19 21
 16 19 26
 16 20 21
 16 20 28
 16 21 28
 16 24 26
 16 24 28
 16 26 28
 17 19 21
 17 19 27
 17 21 29
 17 24 25
 17 24 27
 17 24 29
 17 25 27
 17 25 29
 17 27 29
 18 19 23
 18 19 26
 18 20 22
 18 20 23
 18 20 30
 18 22 23
 18 22 30
 18 23 30
 18 26 30
 19 21 23
 19 21 31
 19 23 31
 19 26 27
 19 26 31
 19 27 31
 20 21 23
 20 21 28
 20 22 23
 20 22 30
 20 23 30
 20 28 30
 21 23 31
 21 28 29
 21 28 31
 21 29 31
 22 23 30
 23 30 31
 24 25 27
 24 25 29
 24 26 27
 24 26 28
 24 27 29
 24 28 29
 25 27 29
 26 27 31
 26 28 30
 26 28 31
 26 30 31
 27 29 31
 28 29 31
 28 30 31
TheDimSpa=0
5
520
 1 2 3
 1 2 4
 1 2 8
 1 2 17
 1 2 18
 1 2 22
 1 2 25
 1 2 29
 1 2 30
 1 3 5
 1 3 9
 1 3 16
 1 3 19
 1 3 23
 1 3 24
 1 3 28
 1 3 31
 1 4 5
 1 4 16
 1 4 18
 1 4 23
 1 4 24
 1 4 29
 1 4 31
 1 5 17
 1 5 19
 1 5 22
 1 5 25
 1 5 28
 1 5 30
 1 8 9
 1 8 17
 1 8 19
 1 8 23
 1 8 24
 1 8 28
 1 8 30
 1 9 16
 1 9 18
 1 9 22
 1 9 25
 1 9 29
 1 9 31
 1 16 17
 1 16 18
 1 16 22
 1 16 24
 1 16 28
 1 16 31
 1 17 19
 1 17 23
 1 17 25
 1 17 29
 1 17 30
 1 18 19
 1 18 22
 1 18 24
 1 18 29
 1 18 30
 1 19 23
 1 19 25
 1 19 28
 1 19 31
 1 22 23
 1 22 25
 1 22 28
 1 22 30
 1 23 24
 1 23 29
 1 23 31
 1 24 25
 1 24 28
 1 24 30
 1 25 29
 1 25 31
 1 28 29
 1 28 30
 1 29 31
 1 30 31
 2 3 6
 2 3 10
 2 3 16
 2 3 19
 2 3 20
 2 3 27
 2 3 28
 2 3 31
 2 4 6
 2 4 8
 2 4 18
 2 4 19
 2 4 20
 2 4 27
 2 4 28
 2 4 29
 2 6 10
 2 6 16
 2 6 17
 2 6 22
 2 6 25
 2 6 30
 2 6 31
 2 8 10
 2 8 16
 2 8 17
 2 8 20
 2 8 27
 2 8 30
 2 8 31
 2 10 18
 2 10 19
 2 10 22
 2 10 25
 2 10 28
 2 10 29
 2 16 17
 2 16 18
 2 16 20
 2 16 25
 2 16 28
 2 16 31
 2 17 19
 2 17 20
 2 17 25
 2 17 29
 2 17 30
 2 18 19
 2 18 22
 2 18 27
 2 18 29
 2 18 30
 2 19 22
 2 19 27
 2 19 28
 2 19 31
 2 20 22
 2 20 27
 2 20 28
 2 20 29
 2 22 25
 2 22 30
 2 22 31
 2 25 27
 2 25 28
 2 25 29
 2 27 30
 2 27 31
 2 28 29
 2 28 30
 2 29 31
 2 30 31
 3 5 6
 3 5 19
 3 5 20
 3 5 27
 3 5 28
 3 6 16
 3 6 23
 3 6 24
 3 6 31
 3 9 10
 3 9 16
 3 9 20
 3 9 27
 3 9 31
 3 10 19
 3 10 23
 3 10 24
 3 10 28
 3 16 19
 3 16 20
 3 16 24
 3 16 28
 3 16 31
 3 19 23
 3 19 27
 3 19 28
 3 19 31
 3 20 23
 3 20 27
 3 20 28
 3 23 24
 3 23 31
 3 24 27
 3 24 28
 3 27 31
 3 28 31
 4 5 6
 4 5 19
 4 5 20
 4 5 22
 4 5 25
 4 5 27
 4 5 28
 4 6 12
 4 6 16
 4 6 22
 4 6 23
 4 6 24
 4 6 25
 4 6 31
 4 8 12
 4 8 20
 4 8 22
 4 8 23
 4 8 24
 4 8 25
 4 8 27
 4 12 16
 4 12 18
 4 12 19
 4 12 28
 4 12 29
 4 12 31
 4 16 18
 4 16 19
 4 16 20
 4 16 24
 4 16 25
 4 16 31
 4 18 19
 4 18 22
 4 18 24
 4 18 27
 4 18 29
 4 19 23
 4 19 25
 4 19 27
 4 19 28
 4 20 22
 4 20 23
 4 20 27
 4 20 28
 4 20 29
 4 22 23
 4 22 25
 4 22 28
 4 22 31
 4 23 24
 4 23 29
 4 23 31
 4 24 25
 4 24 27
 4 24 28
 4 25 27
 4 25 29
 4 27 31
 4 28 29
 4 28 31
 4 29 31
 5 6 17
 5 6 22
 5 6 25
 5 6 30
 5 17 19
 5 17 20
 5 17 25
 5 17 30
 5 19 22
 5 19 25
 5 19 27
 5 19 28
 5 20 22
 5 20 27
 5 20 28
 5 22 25
 5 22 28
 5 22 30
 5 25 27
 5 25 28
 5 27 30
 5 28 30
 6 10 12
 6 10 22
 6 10 23
 6 10 24
 6 10 25
 6 12 16
 6 12 17
 6 12 30
 6 12 31
 6 16 17
 6 16 22
 6 16 24
 6 16 25
 6 16 31
 6 17 23
 6 17 25
 6 17 30
 6 22 23
 6 22 25
 6 22 30
 6 22 31
 6 23 24
 6 23 31
 6 24 25
 6 24 30
 6 25 31
 6 30 31
 8 9 10
 8 9 16
 8 9 20
 8 9 22
 8 9 25
 8 9 27
 8 9 31
 8 10 12
 8 10 19
 8 10 22
 8 10 23
 8 10 24
 8 10 25
 8 10 28
 8 12 16
 8 12 17
 8 12 19
 8 12 28
 8 12 30
 8 12 31
 8 16 17
 8 16 19
 8 16 20
 8 16 22
 8 16 24
 8 16 31
 8 17 19
 8 17 20
 8 17 23
 8 17 25
 8 17 30
 8 19 22
 8 19 23
 8 19 27
 8 19 28
 8 20 22
 8 20 23
 8 20 27
 8 20 28
 8 22 23
 8 22 25
 8 22 30
 8 23 24
 8 23 31
 8 24 25
 8 24 27
 8 24 28
 8 24 30
 8 25 27
 8 25 28
 8 25 31
 8 27 30
 8 27 31
 8 28 30
 8 28 31
 8 30 31
 9 10 18
 9 10 22
 9 10 25
 9 10 29
 9 16 18
 9 16 20
 9 16 22
 9 16 25
 9 16 31
 9 18 22
 9 18 27
 9 18 29
 9 20 22
 9 20 27
 9 20 29
 9 22 25
 9 22 31
 9 25 27
 9 25 29
 9 25 31
 9 27 31
 9 29 31
 10 12 18
 10 12 19
 10 12 28
 10 12 29
 10 18 19
 10 18 22
 10 18 24
 10 18 29
 10 19 22
 10 19 23
 10 19 25
 10 19 28
 10 22 23
 10 22 25
 10 22 28
 10 23 24
 10 23 29
 10 24 25
 10 24 28
 10 25 28
 10 25 29
 10 28 29
 12 16 17
 12 16 18
 12 16 19
 12 16 28
 12 16 31
 12 17 19
 12 17 29
 12 17 30
 12 18 19
 12 18 29
 12 18 30
 12 19 28
 12 19 31
 12 28 29
 12 28 30
 12 28 31
 12 29 31
 12 30 31
 15 16 17
 15 16 18
 15 16 19
 15 16 20
 15 16 22
 15 16 24
 15 16 25
 15 16 28
 15 16 31
 15 17 19
 15 17 20
 15 17 23
 15 17 25
 15 17 29
 15 17 30
 15 18 19
 15 18 22
 15 18 24
 15 18 27
 15 18 29
 15 18 30
 15 19 22
 15 19 23
 15 19 25
 15 19 27
 15 19 28
 15 19 31
 15 20 22
 15 20 23
 15 20 27
 15 20 28
 15 20 29
 15 22 23
 15 22 25
 15 22 28
 15 22 30
 15 22 31
 15 23 24
 15 23 29
 15 23 31
 15 24 25
 15 24 27
 15 24 28
 15 24 30
 15 25 27
 15 25 28
 15 25 29
 15 25 31
 15 27 30
 15 27 31
 15 28 29
 15 28 30
 15 28 31
 15 29 31
 15 30 31
 16 17 19
 16 17 20
 16 17 25
 16 18 19
 16 18 22
 16 18 24
 16 19 22
 16 19 25
 16 20 22
 16 20 28
 16 22 28
 16 24 25
 16 24 28
 17 19 23
 17 19 25
 17 20 23
 17 23 29
 17 25 29
 18 19 22
 18 19 27
 18 22 30
 18 24 27
 18 24 30
 19 22 23
 19 23 31
 19 25 27
 19 25 31
 19 27 31
 20 22 23
 20 22 28
 20 23 29
 20 28 29
 22 23 31
 22 28 30
 22 28 31
 22 30 31
 23 29 31
 24 25 27
 24 25 28
 24 27 30
 24 28 30
 25 27 31
 25 28 29
 25 28 31
 25 29 31
 27 30 31
 28 29 31
 28 30 31
TheDimSpa=0
6
641
 1 2 3
 1 2 6
 1 2 10
 1 2 16
 1 2 17
 1 2 21
 1 2 22
 1 2 25
 1 2 26
 1 2 30
 1 2 31
 1 3 7
 1 3 11
 1 3 16
 1 3 17
 1 3 20
 1 3 23
 1 3 24
 1 3 27
 1 3 30
 1 3 31
 1 6 7
 1 6 17
 1 6 20
 1 6 22
 1 6 25
 1 6 27
 1 6 30
 1 7 16
 1 7 21
 1 7 23
 1 7 24
 1 7 26
 1 7 31
 1 10 11
 1 10 17
 1 10 21
 1 10 23
 1 10 24
 1 10 26
 1 10 30
 1 11 16
 1 11 20
 1 11 22
 1 11 25
 1 11 27
 1 11 31
 1 16 17
 1 16 20
 1 16 22
 1 16 24
 1 16 26
 1 16 30
 1 16 31
 1 17 21
 1 17 23
 1 17 25
 1 17 27
 1 17 30
 1 17 31
 1 20 21
 1 20 22
 1 20 27
 1 20 30
 1 21 23
 1 21 26
 1 21 31
 1 22 23
 1 22 25
 1 22 30
 1 23 24
 1 23 31
 1 24 25
 1 24 26
 1 24 30
 1 25 27
 1 25 31
 1 26 27
 1 26 30
 1 27 31
 1 30 31
 2 3 4
 2 3 8
 2 3 18
 2 3 19
 2 3 20
 2 3 23
 2 3 24
 2 3 27
 2 3 28
 2 3 29
 2 4 6
 2 4 10
 2 4 16
 2 4 19
 2 4 20
 2 4 21
 2 4 26
 2 4 27
 2 4 28
 2 4 31
 2 6 8
 2 6 17
 2 6 18
 2 6 22
 2 6 23
 2 6 24
 2 6 25
 2 6 29
 2 6 30
 2 8 10
 2 8 16
 2 8 19
 2 8 22
 2 8 23
 2 8 24
 2 8 25
 2 8 28
 2 8 31
 2 10 17
 2 10 18
 2 10 20
 2 10 21
 2 10 26
 2 10 27
 2 10 29
 2 10 30
 2 16 18
 2 16 19
 2 16 22
 2 16 23
 2 16 26
 2 16 27
 2 16 30
 2 16 31
 2 17 18
 2 17 19
 2 17 21
 2 17 25
 2 17 30
 2 17 31
 2 18 20
 2 18 21
 2 18 24
 2 18 25
 2 18 28
 2 18 29
 2 19 23
 2 19 27
 2 19 28
 2 19 29
 2 20 21
 2 20 22
 2 20 27
 2 20 28
 2 20 31
 2 21 23
 2 21 26
 2 21 31
 2 22 23
 2 22 25
 2 22 29
 2 22 30
 2 23 24
 2 23 29
 2 24 25
 2 24 26
 2 24 28
 2 24 31
 2 25 27
 2 25 31
 2 26 27
 2 26 29
 2 26 30
 2 27 29
 2 28 30
 2 28 31
 2 29 30
 2 29 31
 3 4 7
 3 4 17
 3 4 19
 3 4 20
 3 4 27
 3 4 28
 3 4 30
 3 7 16
 3 7 18
 3 7 23
 3 7 24
 3 7 29
 3 7 31
 3 8 11
 3 8 17
 3 8 19
 3 8 23
 3 8 24
 3 8 28
 3 8 30
 3 11 16
 3 11 18
 3 11 20
 3 11 27
 3 11 29
 3 11 31
 3 16 18
 3 16 19
 3 16 20
 3 16 24
 3 16 30
 3 16 31
 3 17 18
 3 17 19
 3 17 23
 3 17 27
 3 17 30
 3 17 31
 3 18 20
 3 18 24
 3 18 28
 3 18 29
 3 19 23
 3 19 27
 3 19 28
 3 19 29
 3 20 23
 3 20 27
 3 20 28
 3 20 30
 3 23 24
 3 23 29
 3 23 31
 3 24 27
 3 24 28
 3 24 30
 3 27 29
 3 27 31
 3 28 30
 3 28 31
 3 29 30
 3 29 31
 4 6 7
 4 6 14
 4 6 16
 4 6 17
 4 6 20
 4 6 23
 4 6 24
 4 6 27
 4 6 30
 4 6 31
 4 7 16
 4 7 21
 4 7 23
 4 7 24
 4 7 26
 4 7 31
 4 10 14
 4 10 20
 4 10 21
 4 10 23
 4 10 24
 4 10 26
 4 10 27
 4 14 16
 4 14 17
 4 14 19
 4 14 28
 4 14 30
 4 14 31
 4 16 17
 4 16 19
 4 16 20
 4 16 24
 4 16 26
 4 16 27
 4 16 31
 4 17 19
 4 17 21
 4 17 27
 4 17 30
 4 19 23
 4 19 27
 4 19 28
 4 20 21
 4 20 23
 4 20 27
 4 20 28
 4 20 30
 4 20 31
 4 21 23
 4 21 26
 4 21 31
 4 23 24
 4 23 31
 4 24 26
 4 24 27
 4 24 28
 4 26 27
 4 26 30
 4 27 31
 4 28 30
 4 28 31
 4 30 31
 6 7 16
 6 7 18
 6 7 23
 6 7 24
 6 7 29
 6 7 31
 6 8 14
 6 8 20
 6 8 22
 6 8 23
 6 8 24
 6 8 25
 6 8 27
 6 14 16
 6 14 17
 6 14 18
 6 14 29
 6 14 30
 6 14 31
 6 16 17
 6 16 18
 6 16 22
 6 16 24
 6 16 27
 6 16 31
 6 17 18
 6 17 23
 6 17 25
 6 17 27
 6 17 30
 6 18 20
 6 18 24
 6 18 25
 6 18 29
 6 20 22
 6 20 23
 6 20 27
 6 20 30
 6 20 31
 6 22 23
 6 22 25
 6 22 29
 6 22 30
 6 23 24
 6 23 29
 6 23 31
 6 24 25
 6 24 27
 6 24 30
 6 25 27
 6 25 31
 6 27 29
 6 29 30
 6 29 31
 6 30 31
 7 16 18
 7 16 23
 7 16 24
 7 16 26
 7 16 31
 7 18 21
 7 18 24
 7 18 29
 7 21 23
 7 21 26
 7 21 31
 7 23 24
 7 23 29
 7 23 31
 7 24 26
 7 24 31
 7 26 29
 7 29 31
 8 10 11
 8 10 14
 8 10 16
 8 10 17
 8 10 20
 8 10 23
 8 10 24
 8 10 27
 8 10 30
 8 10 31
 8 11 16
 8 11 20
 8 11 22
 8 11 25
 8 11 27
 8 11 31
 8 14 16
 8 14 17
 8 14 19
 8 14 28
 8 14 30
 8 14 31
 8 16 17
 8 16 19
 8 16 20
 8 16 22
 8 16 23
 8 16 24
 8 16 31
 8 17 19
 8 17 23
 8 17 25
 8 17 30
 8 19 23
 8 19 27
 8 19 28
 8 20 22
 8 20 23
 8 20 27
 8 20 28
 8 22 23
 8 22 25
 8 22 30
 8 23 24
 8 23 31
 8 24 25
 8 24 27
 8 24 28
 8 24 30
 8 24 31
 8 25 27
 8 25 31
 8 27 31
 8 28 30
 8 28 31
 8 30 31
 10 11 16
 10 11 18
 10 11 20
 10 11 27
 10 11 29
 10 11 31
 10 14 16
 10 14 17
 10 14 18
 10 14 29
 10 14 30
 10 14 31
 10 16 17
 10 16 18
 10 16 20
 10 16 23
 10 16 26
 10 16 31
 10 17 18
 10 17 21
 10 17 23
 10 17 27
 10 17 30
 10 18 20
 10 18 21
 10 18 24
 10 18 29
 10 20 21
 10 20 23
 10 20 27
 10 20 30
 10 21 23
 10 21 26
 10 21 31
 10 23 24
 10 23 29
 10 24 26
 10 24 27
 10 24 30
 10 24 31
 10 26 27
 10 26 29
 10 26 30
 10 27 29
 10 27 31
 10 29 30
 10 29 31
 10 30 31
 11 16 18
 11 16 20
 11 16 22
 11 16 27
 11 16 31
 11 18 20
 11 18 25
 11 18 29
 11 20 22
 11 20 27
 11 20 31
 11 22 25
 11 22 29
 11 25 27
 11 25 31
 11 27 29
 11 27 31
 11 29 31
 14 16 17
 14 16 18
 14 16 19
 14 16 30
 14 16 31
 14 17 18
 14 17 19
 14 17 30
 14 17 31
 14 18 28
 14 18 29
 14 19 28
 14 19 29
 14 28 30
 14 28 31
 14 29 30
 14 29 31
 14 30 31
 15 16 17
 15 16 18
 15 16 19
 15 16 20
 15 16 22
 15 16 23
 15 16 24
 15 16 26
 15 16 27
 15 16 30
 15 16 31
 15 17 18
 15 17 19
 15 17 21
 15 17 23
 15 17 25
 15 17 27
 15 17 30
 15 17 31
 15 18 20
 15 18 21
 15 18 24
 15 18 25
 15 18 28
 15 18 29
 15 19 23
 15 19 27
 15 19 28
 15 19 29
 15 20 21
 15 20 22
 15 20 23
 15 20 27
 15 20 28
 15 20 30
 15 20 31
 15 21 23
 15 21 26
 15 21 31
 15 22 23
 15 22 25
 15 22 29
 15 22 30
 15 23 24
 15 23 29
 15 23 31
 15 24 25
 15 24 26
 15 24 27
 15 24 28
 15 24 30
 15 24 31
 15 25 27
 15 25 31
 15 26 27
 15 26 29
 15 26 30
 15 27 29
 15 27 31
 15 28 30
 15 28 31
 15 29 30
 15 29 31
 15 30 31
 16 17 18
 16 17 19
 16 17 23
 16 17 27
 16 18 20
 16 18 24
 16 19 23
 16 19 27
 16 20 22
 16 20 23
 16 20 30
 16 22 23
 16 22 30
 16 24 26
 16 24 27
 16 24 30
 16 26 27
 16 26 30
 17 18 21
 17 18 25
 17 19 23
 17 19 27
 17 21 23
 17 21 31
 17 23 31
 17 25 27
 17 25 31
 17 27 31
 18 20 21
 18 20 28
 18 24 25
 18 24 28
 19 23 29
 19 27 29
 20 21 23
 20 21 31
 20 22 23
 20 22 30
 20 23 31
 20 28 30
 20 28 31
 20 30 31
 21 23 31
 22 23 29
 22 29 30
 23 29 31
 24 25 27
 24 25 31
 24 26 27
 24 26 30
 24 27 31
 24 28 30
 24 28 31
 24 30 31
 25 27 31
 26 27 29
 26 29 30
 27 29 31
 28 30 31
 29 30 31
TheDimSpa=0
7
545
 1 2 3
 1 2 4
 1 2 8
 1 2 17
 1 2 18
 1 2 21
 1 2 26
 1 2 29
 1 2 30
 1 3 5
 1 3 9
 1 3 16
 1 3 19
 1 3 20
 1 3 27
 1 3 28
 1 3 31
 1 4 5
 1 4 8
 1 4 17
 1 4 19
 1 4 20
 1 4 27
 1 4 28
 1 4 30
 1 5 9
 1 5 16
 1 5 18
 1 5 21
 1 5 26
 1 5 29
 1 5 31
 1 8 9
 1 8 16
 1 8 18
 1 8 20
 1 8 27
 1 8 29
 1 8 31
 1 9 17
 1 9 19
 1 9 21
 1 9 26
 1 9 28
 1 9 30
 1 16 17
 1 16 18
 1 16 20
 1 16 26
 1 16 28
 1 16 31
 1 17 19
 1 17 21
 1 17 27
 1 17 29
 1 17 30
 1 18 19
 1 18 20
 1 18 26
 1 18 29
 1 18 30
 1 19 21
 1 19 27
 1 19 28
 1 19 31
 1 20 21
 1 20 27
 1 20 28
 1 20 30
 1 21 26
 1 21 29
 1 21 31
 1 26 27
 1 26 28
 1 26 30
 1 27 29
 1 27 31
 1 28 29
 1 28 30
 1 29 31
 1 30 31
 2 3 6
 2 3 10
 2 3 16
 2 3 19
 2 3 23
 2 3 24
 2 3 28
 2 3 31
 2 4 6
 2 4 8
 2 4 16
 2 4 17
 2 4 23
 2 4 24
 2 4 30
 2 4 31
 2 6 10
 2 6 18
 2 6 19
 2 6 21
 2 6 26
 2 6 28
 2 6 29
 2 8 10
 2 8 18
 2 8 19
 2 8 23
 2 8 24
 2 8 28
 2 8 29
 2 10 16
 2 10 17
 2 10 21
 2 10 26
 2 10 30
 2 10 31
 2 16 17
 2 16 18
 2 16 21
 2 16 24
 2 16 28
 2 16 31
 2 17 19
 2 17 21
 2 17 24
 2 17 29
 2 17 30
 2 18 19
 2 18 23
 2 18 26
 2 18 29
 2 18 30
 2 19 23
 2 19 26
 2 19 28
 2 19 31
 2 21 23
 2 21 26
 2 21 28
 2 21 29
 2 23 24
 2 23 30
 2 23 31
 2 24 26
 2 24 28
 2 24 29
 2 26 30
 2 26 31
 2 28 29
 2 28 30
 2 29 31
 2 30 31
 3 5 6
 3 5 9
 3 5 16
 3 5 23
 3 5 24
 3 5 31
 3 6 10
 3 6 19
 3 6 20
 3 6 27
 3 6 28
 3 9 10
 3 9 19
 3 9 23
 3 9 24
 3 9 28
 3 10 16
 3 10 20
 3 10 27
 3 10 31
 3 16 19
 3 16 20
 3 16 24
 3 16 28
 3 16 31
 3 19 23
 3 19 27
 3 19 28
 3 19 31
 3 20 23
 3 20 27
 3 20 28
 3 23 24
 3 23 31
 3 24 27
 3 24 28
 3 27 31
 3 28 31
 4 5 6
 4 5 12
 4 5 16
 4 5 21
 4 5 23
 4 5 24
 4 5 26
 4 5 31
 4 6 12
 4 6 19
 4 6 20
 4 6 21
 4 6 26
 4 6 27
 4 6 28
 4 8 12
 4 8 20
 4 8 21
 4 8 23
 4 8 24
 4 8 26
 4 8 27
 4 12 16
 4 12 17
 4 12 19
 4 12 28
 4 12 30
 4 12 31
 4 16 17
 4 16 19
 4 16 20
 4 16 24
 4 16 26
 4 16 31
 4 17 19
 4 17 21
 4 17 24
 4 17 27
 4 17 30
 4 19 23
 4 19 26
 4 19 27
 4 19 28
 4 20 21
 4 20 23
 4 20 27
 4 20 28
 4 20 30
 4 21 23
 4 21 26
 4 21 28
 4 21 31
 4 23 24
 4 23 30
 4 23 31
 4 24 26
 4 24 27
 4 24 28
 4 26 27
 4 26 30
 4 27 31
 4 28 30
 4 28 31
 4 30 31
 5 6 12
 5 6 18
 5 6 21
 5 6 26
 5 6 29
 5 9 12
 5 9 21
 5 9 23
 5 9 24
 5 9 26
 5 12 16
 5 12 18
 5 12 29
 5 12 31
 5 16 18
 5 16 21
 5 16 24
 5 16 26
 5 16 31
 5 18 23
 5 18 26
 5 18 29
 5 21 23
 5 21 26
 5 21 29
 5 21 31
 5 23 24
 5 23 31
 5 24 26
 5 24 29
 5 26 31
 5 29 31
 6 10 12
 6 10 20
 6 10 21
 6 10 26
 6 10 27
 6 12 18
 6 12 19
 6 12 28
 6 12 29
 6 18 19
 6 18 20
 6 18 26
 6 18 29
 6 19 21
 6 19 26
 6 19 27
 6 19 28
 6 20 21
 6 20 27
 6 20 28
 6 21 26
 6 21 28
 6 21 29
 6 26 27
 6 26 28
 6 27 29
 6 28 29
 8 9 10
 8 9 12
 8 9 19
 8 9 21
 8 9 23
 8 9 24
 8 9 26
 8 9 28
 8 10 12
 8 10 16
 8 10 20
 8 10 21
 8 10 26
 8 10 27
 8 10 31
 8 12 16
 8 12 18
 8 12 19
 8 12 28
 8 12 29
 8 12 31
 8 16 18
 8 16 19
 8 16 20
 8 16 21
 8 16 24
 8 16 31
 8 18 19
 8 18 20
 8 18 23
 8 18 26
 8 18 29
 8 19 21
 8 19 23
 8 19 27
 8 19 28
 8 20 21
 8 20 23
 8 20 27
 8 20 28
 8 21 23
 8 21 26
 8 21 29
 8 23 24
 8 23 31
 8 24 26
 8 24 27
 8 24 28
 8 24 29
 8 26 27
 8 26 28
 8 26 31
 8 27 29
 8 27 31
 8 28 29
 8 28 31
 8 29 31
 9 10 12
 9 10 17
 9 10 21
 9 10 26
 9 10 30
 9 12 17
 9 12 19
 9 12 28
 9 12 30
 9 17 19
 9 17 21
 9 17 24
 9 17 30
 9 19 21
 9 19 23
 9 19 26
 9 19 28
 9 21 23
 9 21 26
 9 21 28
 9 23 24
 9 23 30
 9 24 26
 9 24 28
 9 26 28
 9 26 30
 9 28 30
 10 12 16
 10 12 17
 10 12 30
 10 12 31
 10 16 17
 10 16 20
 10 16 21
 10 16 26
 10 16 31
 10 17 21
 10 17 27
 10 17 30
 10 20 21
 10 20 27
 10 20 30
 10 21 26
 10 21 31
 10 26 27
 10 26 30
 10 26 31
 10 27 31
 10 30 31
 12 16 17
 12 16 18
 12 16 19
 12 16 28
 12 16 31
 12 17 19
 12 17 29
 12 17 30
 12 18 19
 12 18 29
 12 18 30
 12 19 28
 12 19 31
 12 28 29
 12 28 30
 12 28 31
 12 29 31
 12 30 31
 15 16 17
 15 16 18
 15 16 19
 15 16 20
 15 16 21
 15 16 24
 15 16 26
 15 16 28
 15 16 31
 15 17 19
 15 17 21
 15 17 24
 15 17 27
 15 17 29
 15 17 30
 15 18 19
 15 18 20
 15 18 23
 15 18 26
 15 18 29
 15 18 30
 15 19 21
 15 19 23
 15 19 26
 15 19 27
 15 19 28
 15 19 31
 15 20 21
 15 20 23
 15 20 27
 15 20 28
 15 20 30
 15 21 23
 15 21 26
 15 21 28
 15 21 29
 15 21 31
 15 23 24
 15 23 30
 15 23 31
 15 24 26
 15 24 27
 15 24 28
 15 24 29
 15 26 27
 15 26 28
 15 26 30
 15 26 31
 15 27 29
 15 27 31
 15 28 29
 15 28 30
 15 28 31
 15 29 31
 15 30 31
 16 17 19
 16 17 21
 16 17 24
 16 18 19
 16 18 20
 16 18 26
 16 19 21
 16 19 26
 16 20 21
 16 20 28
 16 21 28
 16 24 26
 16 24 28
 16 26 28
 17 19 21
 17 19 27
 17 21 29
 17 24 27
 17 24 29
 17 27 29
 18 19 23
 18 19 26
 18 20 23
 18 20 30
 18 23 30
 18 26 30
 19 21 23
 19 21 31
 19 23 31
 19 26 27
 19 26 31
 19 27 31
 20 21 23
 20 21 28
 20 23 30
 20 28 30
 21 23 31
 21 28 29
 21 28 31
 21 29 31
 23 30 31
 24 26 27
 24 26 28
 24 27 29
 24 28 29
 26 27 31
 26 28 30
 26 28 31
 26 30 31
 27 29 31
 28 29 31
 28 30 31
TheDimSpa=0
