....layer 0: 40.42
40 42 0 0
4012+2405+3203804
   2   0   1   1  -1
   2   1  -1  -1
   2   0  -1
   2   0
   2

....layer 1: 40.42
40 62 0 0
4012+1805607+28031504
  1  0  0  0  0
40 50 0 0
4012+2405+25631444
  0  0  1  0  0

....layer 2: 40.42
40 94 0 0
3212614218+12651261087611+24032564
  1  0  0  0  0
  0  1  0  0  0
40 70 8 0
4012+1805607+2243198485
  1  0  0  0  0
  0  0  1  0  0
40 82 8 6
4012+1445727248+248319248566
  1  0  0  0  0
  1  0  1  0  0
40 64 0 0
4012+2165246+19232144
  0  0  1  0  0
  0  0  0  1  0

....layer 3: 40.42
40 102 16 0
3212614218+12651261087611+19232884165
  1  0  0  0  0
  0  1  0  0  0
  0  0  1  0  0
40 126 8 10
2812814418+96516610872881211+2083322485106
  1  0  0  0  0
  0  1  0  0  0
  1  0  1  0  0
40 114 16 12
3212614218+1085126907368611+21632704165126
  1  0  0  0  0
  0  1  0  0  0
  1  0  0  1  0
44 144 0 0
4820121214618220+78554614471811+20034284
  1  0  0  0  0
  0  1  0  0  0
  1  0  1  1  0
40 90 0 14
4012+1445727248+19232484146
  1  0  0  0  0
  0  0  1  0  0
  1  0  1  0  0
40 84 16 0
4012+162518654768+16832524165
  1  0  0  0  0
  0  0  1  0  0
  0  0  0  1  0
40 90 24 6
4012+1445727248+2003224424566
  1  0  0  0  0
  0  0  1  0  0
  1  0  0  1  0
40 88 0 0
3612414+1685766+12833024
  0  0  1  0  0
  0  0  0  1  0
  1 -1  0  1  0

....layer 4: 40.42
40 134 8 18
2812814418+96516610872881211+1603362485186
  1  0  0  0  0
  0  1  0  0  0
  0  0  1  0  0
  1  0  1  0  0
40 116 32 0
3212614218+1145246967128611+14433264325
  1  0  0  0  0
  0  1  0  0  0
  0  0  1  0  0
  0  0  0  1  0
40 122 40 12
3212614218+1085126907368611+17632864405126
  1  0  0  0  0
  0  1  0  0  0
  0  0  1  0  0
  1  0  0  1  0
44 152 24 0
4820121214618220+78554614471811+16034444245
  1  0  0  0  0
  0  1  0  0  0
  0  0  1  0  0
  1  0  1  1  0
40 134 32 10
2812814418+96516610872881211+16833384325106
  1  0  0  0  0
  0  1  0  0  0
  0  0  1  0  0
  1  0  0  0 -1
40 170 16 20
20121614422+7253269674882411412+17634164165206
  1  0  0  0  0
  0  1  0  0  0
  1  0  1  0  0
  0  1  1  0  0
40 158 24 26
24121014618+7852069675681811+18433604245266
  1  0  0  0  0
  0  1  0  0  0
  1  0  1  0  0
  1  0  0  1  0
44 176 16 20
4818121414618222+66550611474482411+17634544165206
  1  0  0  0  0
  0  1  0  0  0
  1  0  1  0  0
  1  0  1  1  0
46 194 8 16
48210161210141018420+54570613273683011+1683540485166
  1  0  0  0  0
  0  1  0  0  0
  1  0  1  0  0
  1  0  0  1 -1
40 122 16 20
3212614218+1085126907368611+16833104165206
  1  0  0  0  0
  0  1  0  0  0
  1  0  0  1  0
  0  0  0  1  0
44 164 24 18
4820121214618220+72554611473681811+18434144245186
  1  0  0  0  0
  0  1  0  0  0
  1  0  0  1  0
  1  0  1  1  0
40 146 32 24
3012616418+905246727728613+19233204325246
  1  0  0  0  0
  0  1  0  0  0
  1  0  0  1  0
  0  1  0 -1  0
40 104 16 14
4012+126518672718869+14432864165146
  1  0  0  0  0
  0  0  1  0  0
  1  0  1  0  0
  0  0  0  1  0
40 108 24 0
3612414+1265586427188+11233244245
  1  0  0  0  0
  0  0  1  0  0
  0  0  0  1  0
  1 -1  0  1  0
40 116 32 0
3212614218+10853061087612+14433264325
  1  0  0  0  0
  0  0  1  0  0
  0  0  0  1  0
  1  0  1  1  0
40 104 40 6
4012+1325126607368+1523262440566
  1  0  0  0  0
  0  0  1  0  0
  0  0  0  1  0
  0  1  0 -1  0
42 128 0 0
2824121614+9651686+6434324
  0  0  1  0  0
  0  0  0  1  0
  1 -1  0  1  0
  0  0  0  0  1

....layer 5: 40.42
40 178 0 36
20121614422+7253269674882411412+12834644366
  1  0  0  0  0
  0  1  0  0  0
  0  0  1  0  0
  1  0  1  0  0
  0  1  1  0  0
40 148 32 18
2812814418+8452861027288691211+12033844325186
  1  0  0  0  0
  0  1  0  0  0
  0  0  1  0  0
  1  0  1  0  0
  0  0  0  1  0
40 166 32 34
24121014618+7852069675681811+14433844325346
  1  0  0  0  0
  0  1  0  0  0
  0  0  1  0  0
  1  0  1  0  0
  1  0  0  1  0
44 184 24 28
4818121414618222+66550611474482411+13634784245286
  1  0  0  0  0
  0  1  0  0  0
  0  0  1  0  0
  1  0  1  0  0
  1  0  1  1  0
46 202 16 24
48210161210141018420+54570613273683011+12835644165246
  1  0  0  0  0
  0  1  0  0  0
  0  0  1  0  0
  1  0  1  0  0
  1  0  0  1 -1
40 136 40 20
3212614218+96524684736869611+12833324405206
  1  0  0  0  0
  0  1  0  0  0
  0  0  1  0  0
  0  0  0  1  0
  1  0  0  1  0
40 140 48 0
3012614216218+845586847248612+9633824485
  1  0  0  0  0
  0  1  0  0  0
  0  0  1  0  0
  0  0  0  1  0
  1 -1  0  1  0
44 166 48 0
4820121214618220+6656661387681211612+12034664485
  1  0  0  0  0
  0  1  0  0  0
  0  0  1  0  0
  0  0  0  1  0
  1  0  1  1  0
40 140 48 0
28121014218+905526727368611+9633824485
  1  0  0  0  0
  0  1  0  0  0
  0  0  1  0  0
  0  0  0  1  0
  0  0  0  0  1
40 148 56 10
2812814418+9052269074681211+12833604565106
  1  0  0  0  0
  0  1  0  0  0
  0  0  1  0  0
  0  0  0  1  0
  1  0  0  0 -1
44 166 48 0
4820121214618220+72560612671881811+12034664485
  1  0  0  0  0
  0  1  0  0  0
  0  0  1  0  0
  0  0  0  1  0
  1  0  0  1 -1
44 172 32 26
4820121214618220+72554611473681811+14434384325266
  1  0  0  0  0
  0  1  0  0  0
  0  0  1  0  0
  1  0  0  1  0
  1  0  1  1  0
40 154 64 24
3012616418+905246727728613+16033204645246
  1  0  0  0  0
  0  1  0  0  0
  0  0  1  0  0
  1  0  0  1  0
  0  1  0 -1  0
44 184 48 20
4818121414618222+66550611474482411+14434544485206
  1  0  0  0  0
  0  1  0  0  0
  0  0  1  0  0
  1  0  0  1  0
  0  1  1 -1  0
40 136 64 12
3212614218+1025186727548611+13633084645126
  1  0  0  0  0
  0  1  0  0  0
  0  0  1  0  0
  1  0  0  1  0
  0  0  0  0  1
40 166 56 26
24121014618+7852069675681811+15233604565266
  1  0  0  0  0
  0  1  0  0  0
  0  0  1  0  0
  1  0  0  1  0
  1  0  0  0 -1
44 172 56 18
4820121214618220+72554611473681811+15234144565186
  1  0  0  0  0
  0  1  0  0  0
  0  0  1  0  0
  1  0  0  1  0
  1  0  0  1 -1
46 202 40 16
48210161210141018420+54570613273683011+13635404405166
  1  0  0  0  0
  0  1  0  0  0
  0  0  1  0  0
  1  0  1  1  0
  1  0  0  0 -1
40 178 48 20
20121614422+7253269674882411412+14434164485206
  1  0  0  0  0
  0  1  0  0  0
  0  0  1  0  0
  1  0  0  0 -1
  0  1  0  0 -1
40 166 32 34
24121014618+7852069675681811+14433844325346
  1  0  0  0  0
  0  1  0  0  0
  0  0  1  0  0
  1  0  0  0 -1
  1  0  1  0 -1
40 148 56 10
2812814418+8452861027348611612+12833604565106
  1  0  0  0  0
  0  1  0  0  0
  0  0  1  0  0
  1  0  0  0 -1
  1  1  1  0 -1
44 220 32 40
4812122014418222224+5455869076883611412+15235084325406
  1  0  0  0  0
  0  1  0  0  0
  1  0  1  0  0
  0  1  1  0  0
  1  0  0  1  0
50 262 16 32
8812121014818820422+365112610876084811612+13637044165326
  1  0  0  0  0
  0  1  0  0  0
  1  0  1  0  0
  0  1  1  0  0
  1  0  0  1 -1
44 208 40 42
481812814416818222+6055468478481811613+16034644405426
  1  0  0  0  0
  0  1  0  0  0
  1  0  1  0  0
  1  0  0  1  0
  1  0  1  1  0
46 226 32 42
48210141212141018220222+48566610876883611+15235384325426
  1  0  0  0  0
  0  1  0  0  0
  1  0  1  0  0
  1  0  0  1  0
  1  0  0  0 -1
40 202 40 50
201210141018+6052069078083011+16034104405506
  1  0  0  0  0
  0  1  0  0  0
  1  0  1  0  0
  1  0  0  1  0
  0  1  0  0 -1
48 244 24 42
48410121212141018220422+42578610877684211+14436124245426
  1  0  0  0  0
  0  1  0  0  0
  1  0  1  0  0
  1  0  0  1  0
  1  0  1  1 -1
40 136 16 28
3212614218+905306907368612+12033564165286
  1  0  0  0  0
  0  1  0  0  0
  1  0  0  1  0
  0  0  0  1  0
  1 -1  0  1  0
40 154 16 40
3012616418+905246727728613+14433684165406
  1  0  0  0  0
  0  1  0  0  0
  1  0  0  1  0
  0  0  0  1  0
  0  1  0 -1  0
40 128 32 14
3612414+965526607248129+9633424325146
  1  0  0  0  0
  0  0  1  0  0
  1  0  1  0  0
  0  0  0  1  0
  1 -1  0  1  0
40 140 48 0
3012814220+905526727368611+9633824485
  1  0  0  0  0
  0  0  1  0  0
  0  0  0  1  0
  1 -1  0  1  0
  0  1  1  0  0
42 148 32 0
2824121614+7251326247368+5634384325
  1  0  0  0  0
  0  0  1  0  0
  0  0  0  1  0
  1 -1  0  1  0
  0  0  0  0  1
40 128 56 6
3612414+1085406367608+1043318456566
  1  0  0  0  0
  0  0  1  0  0
  0  0  0  1  0
  1 -1  0  1  0
  1  0  0  0 -1

....layer 6: 40.42
40 192 32 36
20121614422+6054469673681292411412+9634704325366
  1  0  0  0  0
  0  1  0  0  0
  0  0  1  0  0
  1  0  1  0  0
  0  1  1  0  0
  0  0  0  1  0
44 228 24 56
4812122014418222224+5455869076883611412+11235404245566
  1  0  0  0  0
  0  1  0  0  0
  0  0  1  0  0
  1  0  1  0  0
  0  1  1  0  0
  1  0  0  1  0
50 270 8 48
8812121014818820422+365112610876084811612+963736485486
  1  0  0  0  0
  0  1  0  0  0
  0  0  1  0  0
  1  0  1  0  0
  0  1  1  0  0
  1  0  0  1 -1
40 180 40 42
24121014618+6653269076281211612+10434144405426
  1  0  0  0  0
  0  1  0  0  0
  0  0  1  0  0
  1  0  1  0  0
  0  0  0  1  0
  1  0  0  1  0
40 172 56 18
26121014218220+605566907348129611612+8034244565186
  1  0  0  0  0
  0  1  0  0  0
  0  0  1  0  0
  1  0  1  0  0
  0  0  0  1  0
  1 -1  0  1  0
44 198 32 36
4818121414618222+54562610875081811612+9635084325366
  1  0  0  0  0
  0  1  0  0  0
  0  0  1  0  0
  1  0  1  0  0
  0  0  0  1  0
  1  0  1  1  0
40 180 40 42
24121014618+6653269674481291811+10434144405426
  1  0  0  0  0
  0  1  0  0  0
  0  0  1  0  0
  1  0  1  0  0
  0  0  0  1  0
  0  1  0 -1  0
44 198 56 28
4818121414618222+5456261147388691811612+10434844565286
  1  0  0  0  0
  0  1  0  0  0
  0  0  1  0  0
  1  0  1  0  0
  0  0  0  1  0
  0  1  1 -1  0
40 172 56 18
24121214418+6655067874681291211+8034244565186
  1  0  0  0  0
  0  1  0  0  0
  0  0  1  0  0
  1  0  1  0  0
  0  0  0  1  0
  0  0  0  0  1
44 198 56 28
4818121414618222+6055661027508692411+10434844565286
  1  0  0  0  0
  0  1  0  0  0
  0  0  1  0  0
  1  0  1  0  0
  0  0  0  1  0
  1  0  0  0 -1
40 180 64 34
24121014618+725266847628691811+11233904645346
  1  0  0  0  0
  0  1  0  0  0
  0  0  1  0  0
  1  0  1  0  0
  0  0  0  1  0
  0  1  0  0 -1
46 216 48 24
48210161210141018420+4857661207428693011+9635704485246
  1  0  0  0  0
  0  1  0  0  0
  0  0  1  0  0
  1  0  1  0  0
  0  0  0  1  0
  1  0  0  1 -1
44 216 32 58
481812814416818222+6055468478481811613+12034964325586
  1  0  0  0  0
  0  1  0  0  0
  0  0  1  0  0
  1  0  1  0  0
  1  0  0  1  0
  1  0  1  1  0
44 216 56 50
481812814416818222+6055468478481811613+12834724565506
  1  0  0  0  0
  0  1  0  0  0
  0  0  1  0  0
  1  0  1  0  0
  1  0  0  1  0
  0  1  0 -1  0
44 228 48 48
4812122014418222224+5455869076883611412+12035164485486
  1  0  0  0  0
  0  1  0  0  0
  0  0  1  0  0
  1  0  1  0  0
  1  0  0  1  0
  0  1  1 -1  0
46 234 48 50
48210141212141018220222+48566610876883611+12035464485506
  1  0  0  0  0
  0  1  0  0  0
  0  0  1  0  0
  1  0  1  0  0
  1  0  0  1  0
  1  0  0  0 -1
40 210 56 58
201210141018+6052069078083011+12834184565586
  1  0  0  0  0
  0  1  0  0  0
  0  0  1  0  0
  1  0  1  0  0
  1  0  0  1  0
  0  1  0  0 -1
46 234 48 50
48210141212141018220222+48566610876883611+12035464485506
  1  0  0  0  0
  0  1  0  0  0
  0  0  1  0  0
  1  0  1  0  0
  1  0  0  1  0
  1  0  0  1 -1
48 252 40 50
48410121212141018220422+42578610877684211+11236204405506
  1  0  0  0  0
  0  1  0  0  0
  0  0  1  0  0
  1  0  1  0  0
  1  0  0  1  0
  1  0  1  1 -1
48 252 40 50
48410121212141018220422+42578610877684211+11236204405506
  1  0  0  0  0
  0  1  0  0  0
  0  0  1  0  0
  1  0  1  0  0
  1  0  1  1  0
  1  0  0  0 -1
40 160 40 28
3012614216218+665586787368129612+8033964405286
  1  0  0  0  0
  0  1  0  0  0
  0  0  1  0  0
  0  0  0  1  0
  1  0  0  1  0
  1 -1  0  1  0
44 186 40 34
4820121214618220+60566610874281211612+10434684405346
  1  0  0  0  0
  0  1  0  0  0
  0  0  1  0  0
  0  0  0  1  0
  1  0  0  1  0
  1  0  1  1  0
40 168 48 40
3012616418+785366727608129613+11233744485406
  1  0  0  0  0
  0  1  0  0  0
  0  0  1  0  0
  0  0  0  1  0
  1  0  0  1  0
  0  1  0 -1  0
40 160 64 20
28121014218+785466607548129611+8833724645206
  1  0  0  0  0
  0  1  0  0  0
  0  0  1  0  0
  0  0  0  1  0
  1  0  0  1  0
  0  0  0  0  1
40 180 64 34
24121014618+725266847628691811+11233904645346
  1  0  0  0  0
  0  1  0  0  0
  0  0  1  0  0
  0  0  0  1  0
  1  0  0  1  0
  1  0  0  0 -1
44 186 64 26
4820121214618220+6656061027428691811+11234444645266
  1  0  0  0  0
  0  1  0  0  0
  0  0  1  0  0
  0  0  0  1  0
  1  0  0  1  0
  1  0  0  1 -1
44 190 72 0
4818121414618222+42594612671881812+8035064725
  1  0  0  0  0
  0  1  0  0  0
  0  0  1  0  0
  0  0  0  1  0
  1 -1  0  1  0
  1  0  1  1  0
42 180 64 0
2820121414416218+4851146487608612+4834804645
  1  0  0  0  0
  0  1  0  0  0
  0  0  1  0  0
  0  0  0  1  0
  1 -1  0  1  0
  0  0  0  0  1
40 172 80 10
2612814216418+725446667708611612+8834004805106
  1  0  0  0  0
  0  1  0  0  0
  0  0  1  0  0
  0  0  0  1  0
  1 -1  0  1  0
  1  0  0  0 -1
44 190 72 0
4818121214216618220+54582610274281211612+8035064725
  1  0  0  0  0
  0  1  0  0  0
  0  0  1  0  0
  0  0  0  1  0
  1 -1  0  1  0
  1  0  0  1 -1
46 216 72 16
48210161210141018420+48576612074882411612+10435464725166
  1  0  0  0  0
  0  1  0  0  0
  0  0  1  0  0
  0  0  0  1  0
  1  0  1  1  0
  1  0  0  0 -1
46 216 72 16
48210161210141018420+48576612074882411612+10435464725166
  1  0  0  0  0
  0  1  0  0  0
  0  0  1  0  0
  0  0  0  1  0
  1  0  1  1  0
  0  1  0  0 -1
42 180 64 0
2818122014220+5451086367728611+4834804645
  1  0  0  0  0
  0  1  0  0  0
  0  0  1  0  0
  0  0  0  1  0
  0  0  0  0  1
  1  1  1  0 -1
44 190 72 0
4818121414418420+6057669075481811+8035064725
  1  0  0  0  0
  0  1  0  0  0
  0  0  1  0  0
  0  0  0  1  0
  0  0  0  0  1
  1  0  1  1 -1
40 192 80 20
20121614422+7253267277282411412+11234224805206
  1  0  0  0  0
  0  1  0  0  0
  0  0  1  0  0
  0  0  0  1  0
  1  0  0  0 -1
  0  1  0  0 -1
44 198 80 20
4818121414618222+6655069076882411+11234604805206
  1  0  0  0  0
  0  1  0  0  0
  0  0  1  0  0
  0  0  0  1  0
  1  0  0  0 -1
  0  1  1  0 -1
46 216 72 16
48210161210141018420+54570610876083011+10435464725166
  1  0  0  0  0
  0  1  0  0  0
  0  0  1  0  0
  0  0  0  1  0
  1  0  0  0 -1
  0  1  1 -1 -1
46 234 48 50
48210141212141018220222+48566610876883611+12035464485506
  1  0  0  0  0
  0  1  0  0  0
  0  0  1  0  0
  1  0  0  1  0
  1  0  1  1  0
  1  0  1  1 -1
40 168 96 24
3012616418+905246487968613+12833264965246
  1  0  0  0  0
  0  1  0  0  0
  0  0  1  0  0
  1  0  0  1  0
  0  1  0 -1  0
  0  0  0  0  1
44 216 80 42
481812814416818222+6055468478481811613+13634484805426
  1  0  0  0  0
  0  1  0  0  0
  0  0  1  0  0
  1  0  0  1  0
  0  1  0 -1  0
  1  0  0  0 -1
48 252 64 42
48410121212141018220422+42578610877684211+12035964645426
  1  0  0  0  0
  0  1  0  0  0
  0  0  1  0  0
  1  0  0  1  0
  0  1  1 -1  0
  1  0  0  0 -1
46 234 72 42
48210141212141018220222+48566610876883611+12835224725426
  1  0  0  0  0
  0  1  0  0  0
  0  0  1  0  0
  1  0  0  1  0
  0  1  1 -1  0
  1  0  0  1 -1
40 180 88 26
24121014618+7252668476881211612+12033664885266
  1  0  0  0  0
  0  1  0  0  0
  0  0  1  0  0
  1  0  0  1  0
  0  0  0  0  1
  1  0  1  0 -1
40 160 88 12
3012814220+905346367908611+9633484885126
  1  0  0  0  0
  0  1  0  0  0
  0  0  1  0  0
  1  0  0  1  0
  0  0  0  0  1
  1  1  1  0 -1
44 198 80 20
4818121414618222+60556610275681811612+11234604805206
  1  0  0  0  0
  0  1  0  0  0
  0  0  1  0  0
  1  0  0  1  0
  0  0  0  0  1
  1  0  1  1 -1
44 186 88 18
4820121214618220+7255469076081811+12034204885186
  1  0  0  0  0
  0  1  0  0  0
  0  0  1  0  0
  1  0  0  1  0
  0  0  0  0  1
  0  1  1 -1 -1
44 228 72 40
4812122014418222224+5455869076883611412+12834924725406
  1  0  0  0  0
  0  1  0  0  0
  0  0  1  0  0
  1  0  0  1  0
  1  0  0  0 -1
  0  1  0  0 -1
50 270 56 32
8812121014818820422+365112610876084811612+11236884565326
  1  0  0  0  0
  0  1  0  0  0
  0  0  1  0  0
  1  0  1  1  0
  1  0  0  0 -1
  0  1  0  0 -1
40 192 80 20
20121614422+60544696748812111612+11234224805206
  1  0  0  0  0
  0  1  0  0  0
  0  0  1  0  0
  1  0  0  0 -1
  0  1  0  0 -1
  1  1  1  0 -1
48 270 56 66
881212814816818222226+485846607112824114121213+13635724565666
  1  0  0  0  0
  0  1  0  0  0
  1  0  1  0  0
  0  1  1  0  0
  1  0  0  1  0
  1  0  1  1  0
48 282 48 60
882123014622228+42596672772854111212+12836204485606
  1  0  0  0  0
  0  1  0  0  0
  1  0  1  0  0
  0  1  1  0  0
  1  0  0  1  0
  0  1  1 -1  0
48 288 48 72
4841081216141018220424+3657869079285411412+12836264485726
  1  0  0  0  0
  0  1  0  0  0
  1  0  1  0  0
  0  1  1  0  0
  1  0  0  1  0
  1  0  0  0 -1
52 312 40 68
882108121414818420622224+30511269079286011612+12037364405686
  1  0  0  0  0
  0  1  0  0  0
  1  0  1  0  0
  0  1  1  0  0
  1  0  0  1  0
  1  0  0  1 -1
58 354 24 48
168121216201422+245192672772872111812+10439444245486
  1  0  0  0  0
  0  1  0  0  0
  1  0  1  0  0
  0  1  1  0  0
  1  0  0  1 -1
  1  0  1  1 -1
50 294 48 74
48610101210142161018822+36586684711684211613+12836564485746
  1  0  0  0  0
  0  1  0  0  0
  1  0  1  0  0
  1  0  0  1  0
  1  0  1  1  0
  1  0  0  0 -1
46 270 56 76
4821014128142161218422+42558684710883611613+13635484565766
  1  0  0  0  0
  0  1  0  0  0
  1  0  1  0  0
  1  0  0  1  0
  1  0  1  1  0
  0  1  0  0 -1
50 312 40 80
10101012101410181022+30580690712086011+12037104405806
  1  0  0  0  0
  0  1  0  0  0
  1  0  1  0  0
  1  0  0  1  0
  0  1  0  0 -1
  1  0  1  1 -1
40 168 0 56
3012616418+725426727728614+9634224566
  1  0  0  0  0
  0  1  0  0  0
  1  0  0  1  0
  0  0  0  1  0
  1 -1  0  1  0
  0  1  0 -1  0
42 168 48 14
2824121614+5451146367428189+4834404485146
  1  0  0  0  0
  0  0  1  0  0
  1  0  1  0  0
  0  0  0  1  0
  1 -1  0  1  0
  0  0  0  0  1
42 168 72 6
2824121614+725966968+563416472566
  1  0  0  0  0
  0  0  1  0  0
  0  0  0  1  0
  1 -1  0  1  0
  0  0  0  0  1
  0  1  1  0 -1

....layer 7: 40.42
44 242 40 64
4812122014418222224+4257069076286930111012+8035544405646
  1  0  0  0  0
  0  1  0  0  0
  0  0  1  0  0
  1  0  1  0  0
  0  1  1  0  0
  0  0  0  1  0
  1  0  0  1  0
40 216 64 36
18121814222224+36572696724824912111612+6434944645366
  1  0  0  0  0
  0  1  0  0  0
  0  0  1  0  0
  1  0  1  0  0
  0  1  1  0  0
  0  0  0  1  0
  1 -1  0  1  0
40 216 64 36
16122014422+4856067274882492411412+6434944645366
  1  0  0  0  0
  0  1  0  0  0
  0  0  1  0  0
  1  0  1  0  0
  0  1  1  0  0
  0  0  0  1  0
  0  0  0  0  1
44 242 64 56
4812122014418222224+4856468476281293611412+8835304645566
  1  0  0  0  0
  0  1  0  0  0
  0  0  1  0  0
  1  0  1  0  0
  0  1  1  0  0
  0  0  0  1  0
  1  0  0  0 -1
50 284 48 48
8812121014818820422+305118610275481294811612+7237264485486
  1  0  0  0  0
  0  1  0  0  0
  0  0  1  0  0
  1  0  1  0  0
  0  1  1  0  0
  0  0  0  1  0
  1  0  0  1 -1
48 278 32 90
881212814816818222226+485846607112824114121213+9636124325906
  1  0  0  0  0
  0  1  0  0  0
  0  0  1  0  0
  1  0  1  0  0
  0  1  1  0  0
  1  0  0  1  0
  1  0  1  1  0
48 290 48 76
882123014622228+42596672772854111212+9636364485766
  1  0  0  0  0
  0  1  0  0  0
  0  0  1  0  0
  1  0  1  0  0
  0  1  1  0  0
  1  0  0  1  0
  0  1  1 -1  0
48 296 48 88
4841081216141018220424+3657869079285411412+9636424485886
  1  0  0  0  0
  0  1  0  0  0
  0  0  1  0  0
  1  0  1  0  0
  0  1  1  0  0
  1  0  0  1  0
  1  0  0  0 -1
52 320 40 84
882108121414818420622224+30511269079286011612+8837524405846
  1  0  0  0  0
  0  1  0  0  0
  0  0  1  0  0
  1  0  1  0  0
  0  1  1  0  0
  1  0  0  1  0
  1  0  0  1 -1
58 362 0 72
168121216201422+245192672772872111812+6439844726
  1  0  0  0  0
  0  1  0  0  0
  0  0  1  0  0
  1  0  1  0  0
  0  1  1  0  0
  1  0  0  1 -1
  1  0  1  1 -1
40 204 48 50
22121214418220+4256068475681296111212+6434624485506
  1  0  0  0  0
  0  1  0  0  0
  0  0  1  0  0
  1  0  1  0  0
  0  0  0  1  0
  1  0  0  1  0
  1 -1  0  1  0
44 230 24 74
481812814416818222+4856667879081811614+8035344245746
  1  0  0  0  0
  0  1  0  0  0
  0  0  1  0  0
  1  0  1  0  0
  0  0  0  1  0
  1  0  0  1  0
  1  0  1  1  0
44 230 48 66
481812814416818222+485666847788691211612613+8835104485666
  1  0  0  0  0
  0  1  0  0  0
  0  0  1  0  0
  1  0  1  0  0
  0  0  0  1  0
  1  0  0  1  0
  0  1  0 -1  0
44 242 64 56
4812122014418222224+42570690768824111612+8835304645566
  1  0  0  0  0
  0  1  0  0  0
  0  0  1  0  0
  1  0  1  0  0
  0  0  0  1  0
  1  0  0  1  0
  0  1  1 -1  0
40 204 72 42
22121014216618+5454866677481291211612+7234384725426
  1  0  0  0  0
  0  1  0  0  0
  0  0  1  0  0
  1  0  1  0  0
  0  0  0  1  0
  1  0  0  1  0
  0  0  0  0  1
46 248 64 58
48210141212141018220222+4257269678083011612+8835604645586
  1  0  0  0  0
  0  1  0  0  0
  0  0  1  0  0
  1  0  1  0  0
  0  0  0  1  0
  1  0  0  1  0
  1  0  0  0 -1
40 224 72 66
201210141018+5452667879282411612+9634324725666
  1  0  0  0  0
  0  1  0  0  0
  0  0  1  0  0
  1  0  1  0  0
  0  0  0  1  0
  1  0  0  1  0
  0  1  0  0 -1
46 248 64 58
48210141212141018220222+4257269678083011612+8835604645586
  1  0  0  0  0
  0  1  0  0  0
  0  0  1  0  0
  1  0  1  0  0
  0  0  0  1  0
  1  0  0  1  0
  1  0  0  1 -1
48 266 56 58
48410121212141018220422+3658469678883611612+8036344565586
  1  0  0  0  0
  0  1  0  0  0
  0  0  1  0  0
  1  0  1  0  0
  0  0  0  1  0
  1  0  0  1  0
  1  0  1  1 -1
44 222 64 36
4816121614618224+30590610873881296111812+6435324645366
  1  0  0  0  0
  0  1  0  0  0
  0  0  1  0  0
  1  0  1  0  0
  0  0  0  1  0
  1 -1  0  1  0
  1  0  1  1  0
42 212 80 18
2816121814216218220+3651006487708189611612+4035064805186
  1  0  0  0  0
  0  1  0  0  0
  0  0  1  0  0
  1  0  1  0  0
  0  0  0  1  0
  1 -1  0  1  0
  0  0  0  0  1
44 222 88 28
4816121614418220222+4857267876881291811612+7235084885286
  1  0  0  0  0
  0  1  0  0  0
  0  0  1  0  0
  1  0  1  0  0
  0  0  0  1  0
  1 -1  0  1  0
  1  0  0  0 -1
40 204 96 34
22121214418220+6054266078081291211612+8034144965346
  1  0  0  0  0
  0  1  0  0  0
  0  0  1  0  0
  1  0  1  0  0
  0  0  0  1  0
  1 -1  0  1  0
  0  1  0  0 -1
46 240 80 24
4821014121214818620+3659269676081292411612+6435944805246
  1  0  0  0  0
  0  1  0  0  0
  0  0  1  0  0
  1  0  1  0  0
  0  0  0  1  0
  1 -1  0  1  0
  1  0  0  1 -1
44 222 64 36
4816121414216618222+4257868476281291811612+6435324645366
  1  0  0  0  0
  0  1  0  0  0
  0  0  1  0  0
  1  0  1  0  0
  0  0  0  1  0
  1  0  1  1  0
  0  0  0  0  1
46 248 64 58
48210141212141018220222+4257269678083011612+8835604645586
  1  0  0  0  0
  0  1  0  0  0
  0  0  1  0  0
  1  0  1  0  0
  0  0  0  1  0
  1  0  1  1  0
  0  1  0  0 -1
40 204 72 42
20121414618+5454867275682491811+7234384725426
  1  0  0  0  0
  0  1  0  0  0
  0  0  1  0  0
  1  0  1  0  0
  0  0  0  1  0
  0  1  0 -1  0
  0  0  0  0  1
46 248 64 58
48210141212141018220222+42572610276281293611+8835604645586
  1  0  0  0  0
  0  1  0  0  0
  0  0  1  0  0
  1  0  1  0  0
  0  0  0  1  0
  0  1  0 -1  0
  1  0  0  0 -1
40 224 72 66
201210141018+5452668477481293011+9634324725666
  1  0  0  0  0
  0  1  0  0  0
  0  0  1  0  0
  1  0  1  0  0
  0  0  0  1  0
  0  1  0 -1  0
  0  1  0  0 -1
48 266 56 58
48410121212141018220422+36584610277081294211+8036344565586
  1  0  0  0  0
  0  1  0  0  0
  0  0  1  0  0
  1  0  1  0  0
  0  0  0  1  0
  0  1  0 -1  0
  1  0  0  1 -1
44 222 88 28
4816121414216618222+4857267876881291811612+7235084885286
  1  0  0  0  0
  0  1  0  0  0
  0  0  1  0  0
  1  0  1  0  0
  0  0  0  1  0
  0  1  1 -1  0
  0  0  0  0  1
48 266 80 50
48410121212141018220422+3658461027768693611612+8836104805506
  1  0  0  0  0
  0  1  0  0  0
  0  0  1  0  0
  1  0  1  0  0
  0  0  0  1  0
  0  1  1 -1  0
  1  0  0  0 -1
46 248 88 50
48210141212141018220222+4257261027688693011612+9635364885506
  1  0  0  0  0
  0  1  0  0  0
  0  0  1  0  0
  1  0  1  0  0
  0  0  0  1  0
  0  1  1 -1  0
  0  1  0  0 -1
48 266 80 50
48410121212141018220422+3658461027768693611612+8836104805506
  1  0  0  0  0
  0  1  0  0  0
  0  0  1  0  0
  1  0  1  0  0
  0  0  0  1  0
  0  1  1 -1  0
  1  0  0  1 -1
46 240 80 24
48210141210142161018420+3659269676081292411612+6435944805246
  1  0  0  0  0
  0  1  0  0  0
  0  0  1  0  0
  1  0  1  0  0
  0  0  0  1  0
  0  0  0  0  1
  0  1  0 -1 -1
46 240 80 24
4821014121214818620+4258668477281293011+6435944805246
  1  0  0  0  0
  0  1  0  0  0
  0  0  1  0  0
  1  0  1  0  0
  0  0  0  1  0
  0  0  0  0  1
  0  1  1 -1 -1
44 242 88 48
4812122014418222224+545586727808693611412+9635064885486
  1  0  0  0  0
  0  1  0  0  0
  0  0  1  0  0
  1  0  1  0  0
  0  0  0  1  0
  1  0  0  0 -1
  0  1  0  0 -1
44 230 72 58
481812814416818222+5456067877881291811613+9634864725586
  1  0  0  0  0
  0  1  0  0  0
  0  0  1  0  0
  1  0  1  0  0
  0  0  0  1  0
  1  0  0  0 -1
  1  0  1  0 -1
48 266 80 50
48410121212141018220422+425786907888694211+8836104805506
  1  0  0  0  0
  0  1  0  0  0
  0  0  1  0  0
  1  0  1  0  0
  0  0  0  1  0
  1  0  0  0 -1
  0  1  0 -1 -1
44 230 96 50
481812814416818222+605546667968691811613+10434624965506
  1  0  0  0  0
  0  1  0  0  0
  0  0  1  0  0
  1  0  1  0  0
  0  0  0  1  0
  0  1  0  0 -1
  1  0  1  0 -1
46 248 88 50
48210141212141018220222+485666907808693611+9635364885506
  1  0  0  0  0
  0  1  0  0  0
  0  0  1  0  0
  1  0  1  0  0
  0  0  0  1  0
  0  1  0  0 -1
  1  0  0  1 -1
48 278 56 82
881212814816818222226+485846607112824114121213+10435884565826
  1  0  0  0  0
  0  1  0  0  0
  0  0  1  0  0
  1  0  1  0  0
  1  0  0  1  0
  1  0  1  1  0
  0  1  0 -1  0
50 302 48 90
48610101210142161018822+36586684711684211613+9636724485906
  1  0  0  0  0
  0  1  0  0  0
  0  0  1  0  0
  1  0  1  0  0
  1  0  0  1  0
  1  0  1  1  0
  1  0  0  0 -1
46 278 56 92
4821014128142161218422+42558684710883611613+10435644565926
  1  0  0  0  0
  0  1  0  0  0
  0  0  1  0  0
  1  0  1  0  0
  1  0  0  1  0
  1  0  1  1  0
  0  1  0  0 -1
46 278 80 84
4821014128142161218422+42558684710883611613+11235404805846
  1  0  0  0  0
  0  1  0  0  0
  0  0  1  0  0
  1  0  1  0  0
  1  0  0  1  0
  0  1  0 -1  0
  0  1  0  0 -1
50 302 72 82
48610101210142161018822+36586684711684211613+10436484725826
  1  0  0  0  0
  0  1  0  0  0
  0  0  1  0  0
  1  0  1  0  0
  1  0  0  1  0
  0  1  0 -1  0
  1  0  0  1 -1
52 320 64 76
882108121414818420622224+30511269079286011612+9637284645766
  1  0  0  0  0
  0  1  0  0  0
  0  0  1  0  0
  1  0  1  0  0
  1  0  0  1  0
  0  1  1 -1  0
  1  0  0  0 -1
48 296 72 80
4841081216141018220424+3657869079285411412+10436184725806
  1  0  0  0  0
  0  1  0  0  0
  0  0  1  0  0
  1  0  1  0  0
  1  0  0  1  0
  0  1  1 -1  0
  0  1  0  0 -1
48 296 72 80
4841081216141018220424+3657869079285411412+10436184725806
  1  0  0  0  0
  0  1  0  0  0
  0  0  1  0  0
  1  0  1  0  0
  1  0  0  1  0
  0  1  1 -1  0
  1  0  0  1 -1
52 320 64 76
882108121414818420622224+30511269079286011612+9637284645766
  1  0  0  0  0
  0  1  0  0  0
  0  0  1  0  0
  1  0  1  0  0
  1  0  0  1  0
  1  0  0  0 -1
  0  1  0 -1 -1
46 278 80 84
4821014128142161218422+42558684710883611613+11235404805846
  1  0  0  0  0
  0  1  0  0  0
  0  0  1  0  0
  1  0  1  0  0
  1  0  0  1  0
  0  1  0  0 -1
  1  0  0  1 -1
50 320 64 88
10101012101410181022+30580690712086011+9637024645886
  1  0  0  0  0
  0  1  0  0  0
  0  0  1  0  0
  1  0  1  0  0
  1  0  0  1  0
  0  1  0  0 -1
  1  0  1  1 -1
44 210 48 42
4818121414618222+3659469675481812+6435164485426
  1  0  0  0  0
  0  1  0  0  0
  0  0  1  0  0
  0  0  0  1  0
  1  0  0  1  0
  1 -1  0  1  0
  1  0  1  1  0
40 192 32 56
2812214416618+485706727488249614+6434464325566
  1  0  0  0  0
  0  1  0  0  0
  0  0  1  0  0
  0  0  0  1  0
  1  0  0  1  0
  1 -1  0  1  0
  0  1  0 -1  0
42 200 64 28
2820121414416218+3651086487548249612+4034784645286
  1  0  0  0  0
  0  1  0  0  0
  0  0  1  0  0
  0  0  0  1  0
  1  0  0  1  0
  1 -1  0  1  0
  0  0  0  0  1
44 210 72 34
4818121214216618220+4858268475481291211612+7234924725346
  1  0  0  0  0
  0  1  0  0  0
  0  0  1  0  0
  0  0  0  1  0
  1  0  0  1  0
  1 -1  0  1  0
  1  0  0  1 -1
40 192 80 40
2612414616418+665526487728249613+8033984805406
  1  0  0  0  0
  0  1  0  0  0
  0  0  1  0  0
  0  0  0  1  0
  1  0  0  1  0
  0  1  0 -1  0
  0  0  0  0  1
40 204 96 34
22121014216618+6054266078081291211612+8034144965346
  1  0  0  0  0
  0  1  0  0  0
  0  0  1  0  0
  0  0  0  1  0
  1  0  0  1  0
  0  0  0  0  1
  0  1  1  0 -1
42 200 88 20
2818122014220+545906187908189611+4834544885206
  1  0  0  0  0
  0  1  0  0  0
  0  0  1  0  0
  0  0  0  1  0
  1  0  0  1  0
  0  0  0  0  1
  1  1  1  0 -1
44 210 96 26
4818121414418420+6057066677281291811+8034684965266
  1  0  0  0  0
  0  1  0  0  0
  0  0  1  0  0
  0  0  0  1  0
  1  0  0  1  0
  0  0  0  0  1
  0  1  1 -1 -1
46 248 88 50
48210141212141018220222+485666907808693611+9635364885506
  1  0  0  0  0
  0  1  0  0  0
  0  0  1  0  0
  0  0  0  1  0
  1  0  0  1  0
  1  0  0  0 -1
  0  1  1  0 -1
46 230 96 0
6812121414616618222+24513267277281812+4035884965
  1  0  0  0  0
  0  1  0  0  0
  0  0  1  0  0
  0  0  0  1  0
  1 -1  0  1  0
  1  0  1  1  0
  0  0  0  0  1
46 240 104 16
48210141212141018220222+36592696772812111812+72357041045166
  1  0  0  0  0
  0  1  0  0  0
  0  0  1  0  0
  0  0  0  1  0
  1 -1  0  1  0
  1  0  1  1  0
  1  0  0  0 -1
42 212 104 10
282012814816418+48588624711281212+48348241045106
  1  0  0  0  0
  0  1  0  0  0
  0  0  1  0  0
  0  0  0  1  0
  1 -1  0  1  0
  0  0  0  0  1
  1  0  1  0 -1
46 230 96 0
6812121614416218620+36512064879681211612+4035884965
  1  0  0  0  0
  0  1  0  0  0
  0  0  1  0  0
  0  0  0  1  0
  1 -1  0  1  0
  0  0  0  0  1
  1  0  1  1 -1
40 216 112 20
20121214416422+60548648796812111612+80344641125206
  1  0  0  0  0
  0  1  0  0  0
  0  0  1  0  0
  0  0  0  1  0
  1 -1  0  1  0
  1  0  0  0 -1
  0  1  0  0 -1
44 222 112 20
4818121214216418220222+60560654710481811612+80348441125206
  1  0  0  0  0
  0  1  0  0  0
  0  0  1  0  0
  0  0  0  1  0
  1 -1  0  1  0
  1  0  0  0 -1
  0  1  1  0 -1
46 240 104 16
4821016126144161018420+42586684784818111212+72357041045166
  1  0  0  0  0
  0  1  0  0  0
  0  0  1  0  0
  0  0  0  1  0
  1 -1  0  1  0
  1  0  0  0 -1
  1  0  1  1 -1
50 284 96 32
8812121014818820422+365112690778842111212+8836784965326
  1  0  0  0  0
  0  1  0  0  0
  0  0  1  0  0
  0  0  0  1  0
  1  0  1  1  0
  1  0  0  0 -1
  0  1  0  0 -1
50 284 96 32
8812121014818820422+3051186102766836111812+8836784965326
  1  0  0  0  0
  0  1  0  0  0
  0  0  1  0  0
  0  0  0  1  0
  1  0  1  1  0
  1  0  0  0 -1
  1  0  1  1 -1
48 266 104 42
48410121212141018220422+4257869079483611612+96358641045426
  1  0  0  0  0
  0  1  0  0  0
  0  0  1  0  0
  0  0  0  1  0
  1  0  1  1  0
  1  0  0  0 -1
  0  1  0 -1 -1
44 230 120 42
481812814416818222+60554666710281211612613+112343841205426
  1  0  0  0  0
  0  1  0  0  0
  0  0  1  0  0
  1  0  0  1  0
  0  1  0 -1  0
  0  0  0  0  1
  1  0  1  0 -1
40 192 128 24
3012616420+9052861448613+96335041285246
  1  0  0  0  0
  0  1  0  0  0
  0  0  1  0  0
  1  0  0  1  0
  0  1  0 -1  0
  0  0  0  0  1
  1  1  1  0 -1
48 278 104 66
881212814816818222226+485846607112824114121213+120354041045666
  1  0  0  0  0
  0  1  0  0  0
  0  0  1  0  0
  1  0  0  1  0
  0  1  0 -1  0
  1  0  0  0 -1
  1  0  0  1 -1
50 302 96 74
48610101210142161018822+36586684711684211613+11236244965746
  1  0  0  0  0
  0  1  0  0  0
  0  0  1  0  0
  1  0  0  1  0
  0  1  0 -1  0
  1  0  0  0 -1
  1  0  1  1 -1
52 320 88 68
882108121414818420622224+30511269079286011612+10437044885686
  1  0  0  0  0
  0  1  0  0  0
  0  0  1  0  0
  1  0  0  1  0
  0  1  1 -1  0
  1  0  0  0 -1
  0  1  1 -1 -1
44 242 112 40
4812122014418222224+48564684774824111612+104348241125406
  1  0  0  0  0
  0  1  0  0  0
  0  0  1  0  0
  1  0  0  1  0
  0  0  0  0  1
  1  0  1  0 -1
  0  1  1  0 -1
48 290 96 60
882123014622228+42596672772854111212+11235884965606
  1  0  0  0  0
  0  1  0  0  0
  0  0  1  0  0
  1  0  0  1  0
  1  0  0  0 -1
  0  1  0  0 -1
  0  1  0 -1 -1
58 362 72 48
168121216201422+245192672772872111812+8839124725486
  1  0  0  0  0
  0  1  0  0  0
  0  0  1  0  0
  1  0  1  1  0
  1  0  0  0 -1
  0  1  0  0 -1
  1  0  1  1 -1
52 356 72 114
488108128144161218422224226+305906667144848114121213+112370447251146
  1  0  0  0  0
  0  1  0  0  0
  1  0  1  0  0
  0  1  1  0  0
  1  0  0  1  0
  1  0  1  1  0
  1  0  0  0 -1
54 374 64 104
884102122014818420222424228+245124678796878111412+104378846451046
  1  0  0  0  0
  0  1  0  0  0
  1  0  1  0  0
  0  1  1  0  0
  1  0  0  1  0
  0  1  1 -1  0
  1  0  0  0 -1
54 380 64 116
4881061214148181022424+245106672714086611612613+104379446451166
  1  0  0  0  0
  0  1  0  0  0
  1  0  1  0  0
  0  1  1  0  0
  1  0  0  1  0
  1  0  0  0 -1
  1  0  0  1 -1

....layer 8: 40.42
44 266 56 72
4810122214418222226+18598690756812912112812+4835864565726
  1  0  0  0  0
  0  1  0  0  0
  0  0  1  0  0
  1  0  1  0  0
  0  1  1  0  0
  0  0  0  1  0
  1  0  0  1  0
  1 -1  0  1  0
48 292 32 106
881212814816818222226+3659666071068692411412613614+64363443251066
  1  0  0  0  0
  0  1  0  0  0
  0  0  1  0  0
  1  0  1  0  0
  0  1  1  0  0
  0  0  0  1  0
  1  0  0  1  0
  1  0  1  1  0
48 304 48 92
882123014622228+305108672772842112412+6436584485926
  1  0  0  0  0
  0  1  0  0  0
  0  0  1  0  0
  1  0  1  0  0
  0  1  1  0  0
  0  0  0  1  0
  1  0  0  1  0
  0  1  1 -1  0
44 266 80 64
4810122014216418222224+36580666768824930111012+5635624805646
  1  0  0  0  0
  0  1  0  0  0
  0  0  1  0  0
  1  0  1  0  0
  0  1  1  0  0
  0  0  0  1  0
  1  0  0  1  0
  0  0  0  0  1
48 310 72 96
4841081216141018220424+3058468479286948111012+7236404725966
  1  0  0  0  0
  0  1  0  0  0
  0  0  1  0  0
  1  0  1  0  0
  0  1  1  0  0
  0  0  0  1  0
  1  0  0  1  0
  1  0  0  0 -1
48 310 72 96
4841081216141018220424+3058468479286948111012+7236404725966
  1  0  0  0  0
  0  1  0  0  0
  0  0  1  0  0
  1  0  1  0  0
  0  1  1  0  0
  0  0  0  1  0
  1  0  0  1  0
  0  1  0  0 -1
52 334 64 92
882108121414818420622224+24511868479286954111212+6437504645926
  1  0  0  0  0
  0  1  0  0  0
  0  0  1  0  0
  1  0  1  0  0
  0  1  1  0  0
  0  0  0  1  0
  1  0  0  1  0
  1  0  0  1 -1
42 256 96 36
2810122214416222224+245104648760836912111612+3235604965366
  1  0  0  0  0
  0  1  0  0  0
  0  0  1  0  0
  1  0  1  0  0
  0  1  1  0  0
  0  0  0  1  0
  1 -1  0  1  0
  0  0  0  0  1
44 266 104 56
4810122214418424+36580672762824924111612+64353841045566
  1  0  0  0  0
  0  1  0  0  0
  0  0  1  0  0
  1  0  1  0  0
  0  1  1  0  0
  0  0  0  1  0
  1 -1  0  1  0
  1  0  0  0 -1
50 308 88 48
8810121214818820222224+185134690754824936111812+4837344885486
  1  0  0  0  0
  0  1  0  0  0
  0  0  1  0  0
  1  0  1  0  0
  0  1  1  0  0
  0  0  0  1  0
  1 -1  0  1  0
  1  0  0  1 -1
50 308 88 48
88101212146181020422+245128678766824942111212+4837344885486
  1  0  0  0  0
  0  1  0  0  0
  0  0  1  0  0
  1  0  1  0  0
  0  1  1  0  0
  0  0  0  1  0
  0  0  0  0  1
  1  0  0  1 -1
48 304 96 76
882123014622228+42596660772812954111212+8036104965766
  1  0  0  0  0
  0  1  0  0  0
  0  0  1  0  0
  1  0  1  0  0
  0  1  1  0  0
  0  0  0  1  0
  1  0  0  0 -1
  0  1  0  0 -1
48 292 80 90
881212814816818222226+42590660794818924114121213+8035864805906
  1  0  0  0  0
  0  1  0  0  0
  0  0  1  0  0
  1  0  1  0  0
  0  1  1  0  0
  0  0  0  1  0
  1  0  0  0 -1
  1  0  1  0 -1
52 334 64 92
882108121414818420622224+24511869077481896011612+6437504645926
  1  0  0  0  0
  0  1  0  0  0
  0  0  1  0  0
  1  0  1  0  0
  0  1  1  0  0
  0  0  0  1  0
  1  0  0  0 -1
  1  0  0  1 -1
52 334 88 84
882108121414818420622224+30511267879281296011612+7237264885846
  1  0  0  0  0
  0  1  0  0  0
  0  0  1  0  0
  1  0  1  0  0
  0  1  1  0  0
  0  0  0  1  0
  1  0  0  0 -1
  0  1  0 -1 -1
58 376 48 72
168121216201422+185198672754818972111812+4839584485726
  1  0  0  0  0
  0  1  0  0  0
  0  0  1  0  0
  1  0  1  0  0
  0  1  1  0  0
  0  0  0  1  0
  1  0  0  1 -1
  1  0  1  1 -1
52 364 56 138
488108128144161218422224226+305906667144848114121213+80372845651386
  1  0  0  0  0
  0  1  0  0  0
  0  0  1  0  0
  1  0  1  0  0
  0  1  1  0  0
  1  0  0  1  0
  1  0  1  1  0
  1  0  0  0 -1
54 382 72 120
884102122014818420222424228+245124678796878111412+80378847251206
  1  0  0  0  0
  0  1  0  0  0
  0  0  1  0  0
  1  0  1  0  0
  0  1  1  0  0
  1  0  0  1  0
  0  1  1 -1  0
  1  0  0  0 -1
54 382 72 120
884102122014818420222424228+245124678796878111412+80378847251206
  1  0  0  0  0
  0  1  0  0  0
  0  0  1  0  0
  1  0  1  0  0
  0  1  1  0  0
  1  0  0  1  0
  0  1  1 -1  0
  1  0  0  1 -1
54 388 72 132
4881061214148181022424+245106672714086611612613+80379447251326
  1  0  0  0  0
  0  1  0  0  0
  0  0  1  0  0
  1  0  1  0  0
  0  1  1  0  0
  1  0  0  1  0
  1  0  0  0 -1
  1  0  0  1 -1
44 254 40 82
4816121014416818224+2459467877881296111212614+4835664405826
  1  0  0  0  0
  0  1  0  0  0
  0  0  1  0  0
  1  0  1  0  0
  0  0  0  1  0
  1  0  0  1  0
  1 -1  0  1  0
  1  0  1  1  0
42 244 80 50
2814121614416418220+2459864877483096111212+3235284805506
  1  0  0  0  0
  0  1  0  0  0
  0  0  1  0  0
  1  0  1  0  0
  0  0  0  1  0
  1  0  0  1  0
  1 -1  0  1  0
  0  0  0  0  1
46 272 80 66
4821012121414818420222+30588678786812924111212+5635924805666
  1  0  0  0  0
  0  1  0  0  0
  0  0  1  0  0
  1  0  1  0  0
  0  0  0  1  0
  1  0  0  1  0
  1 -1  0  1  0
  1  0  0  0 -1
40 248 88 74
18121214818220+42542660798812918111212+6434644885746
  1  0  0  0  0
  0  1  0  0  0
  0  0  1  0  0
  1  0  1  0  0
  0  0  0  1  0
  1  0  0  1  0
  1 -1  0  1  0
  0  1  0  0 -1
48 290 72 66
4841010121414818420422+245100678794812930111212+4836664725666
  1  0  0  0  0
  0  1  0  0  0
  0  0  1  0  0
  1  0  1  0  0
  0  0  0  1  0
  1  0  0  1  0
  1 -1  0  1  0
  1  0  1  1 -1
44 254 64 74
48161210142161018222+3658266677882491811614+5635424645746
  1  0  0  0  0
  0  1  0  0  0
  0  0  1  0  0
  1  0  1  0  0
  0  0  0  1  0
  1  0  0  1  0
  1  0  1  1  0
  0  0  0  0  1
50 316 48 106
48610101210142161018822+30592672712884211614+64369444851066
  1  0  0  0  0
  0  1  0  0  0
  0  0  1  0  0
  1  0  1  0  0
  0  0  0  1  0
  1  0  0  1  0
  1  0  1  1  0
  1  0  0  0 -1
46 292 56 108
4821014128142161218422+36564672712083611614+72358645651086
  1  0  0  0  0
  0  1  0  0  0
  0  0  1  0  0
  1  0  1  0  0
  0  0  0  1  0
  1  0  0  1  0
  1  0  1  1  0
  0  1  0  0 -1
48 292 56 98
881212814816818222226+3659666071128121116121213+7236104565986
  1  0  0  0  0
  0  1  0  0  0
  0  0  1  0  0
  1  0  1  0  0
  0  0  0  1  0
  1  0  0  1  0
  0  1  0 -1  0
  0  1  1 -1  0
44 254 88 66
481612814616818222+4257666078482491211612613+6435184885666
  1  0  0  0  0
  0  1  0  0  0
  0  0  1  0  0
  1  0  1  0  0
  0  0  0  1  0
  1  0  0  1  0
  0  1  0 -1  0
  0  0  0  0  1
46 292 80 100
4821014128142161218422+3656467871088693011612613+80356248051006
  1  0  0  0  0
  0  1  0  0  0
  0  0  1  0  0
  1  0  1  0  0
  0  0  0  1  0
  1  0  0  1  0
  0  1  0 -1  0
  0  1  0  0 -1
50 316 72 98
48610101210142161018822+3059267871168693611612613+7236704725986
  1  0  0  0  0
  0  1  0  0  0
  0  0  1  0  0
  1  0  1  0  0
  0  0  0  1  0
  1  0  0  1  0
  0  1  0 -1  0
  1  0  0  1 -1
50 316 72 98
48610101210142161018822+3059267871168693611612613+7236704725986
  1  0  0  0  0
  0  1  0  0  0
  0  0  1  0  0
  1  0  1  0  0
  0  0  0  1  0
  1  0  0  1  0
  0  1  0 -1  0
  1  0  1  1 -1
44 266 104 56
4812121614416418222224+42574654792812924111612+64353841045566
  1  0  0  0  0
  0  1  0  0  0
  0  0  1  0  0
  1  0  1  0  0
  0  0  0  1  0
  1  0  0  1  0
  0  1  1 -1  0
  0  0  0  0  1
52 334 88 84
882108121414818420622224+245118684798848111812+7237264885846
  1  0  0  0  0
  0  1  0  0  0
  0  0  1  0  0
  1  0  1  0  0
  0  0  0  1  0
  1  0  0  1  0
  0  1  1 -1  0
  1  0  0  0 -1
48 310 96 88
4841081216141018220424+30584684798842111612+8036164965886
  1  0  0  0  0
  0  1  0  0  0
  0  0  1  0  0
  1  0  1  0  0
  0  0  0  1  0
  1  0  0  1  0
  0  1  1 -1  0
  0  1  0  0 -1
46 272 80 66
48210121214141018422+305886727104818111812+5635924805666
  1  0  0  0  0
  0  1  0  0  0
  0  0  1  0  0
  1  0  1  0  0
  0  0  0  1  0
  1  0  0  1  0
  0  0  0  0  1
  1  0  0  0 -1
40 248 88 74
181210142161018+4254266678082492411612+6434644885746
  1  0  0  0  0
  0  1  0  0  0
  0  0  1  0  0
  1  0  1  0  0
  0  0  0  1  0
  1  0  0  1  0
  0  0  0  0  1
  0  1  0  0 -1
46 272 104 58
4821014128144161018220222+36582672792812924111212+64356841045586
  1  0  0  0  0
  0  1  0  0  0
  0  0  1  0  0
  1  0  1  0  0
  0  0  0  1  0
  1  0  0  1  0
  0  0  0  0  1
  0  1  1  0 -1
42 244 104 42
2816121214616418220+3658663079882496111212+40350441045426
  1  0  0  0  0
  0  1  0  0  0
  0  0  1  0  0
  1  0  1  0  0
  0  0  0  1  0
  1  0  0  1  0
  0  0  0  0  1
  1  1  1  0 -1
48 290 96 58
48410101214141018220222224+245100684788812924111812+5636424965586
  1  0  0  0  0
  0  1  0  0  0
  0  0  1  0  0
  1  0  1  0  0
  0  0  0  1  0
  1  0  0  1  0
  0  0  0  0  1
  1  0  1  1 -1
48 290 96 58
4841012128144161018220422+305946727100812930111212+5636424965586
  1  0  0  0  0
  0  1  0  0  0
  0  0  1  0  0
  1  0  1  0  0
  0  0  0  1  0
  1  0  0  1  0
  0  0  0  0  1
  0  1  0 -1 -1
46 272 104 58
4821014121014216818420222+42576660710481293011612+64356841045586
  1  0  0  0  0
  0  1  0  0  0
  0  0  1  0  0
  1  0  1  0  0
  0  0  0  1  0
  1  0  0  1  0
  0  0  0  0  1
  0  1  1 -1 -1
48 310 96 88
4841081216141018220424+365786727110848111012+8036164965886
  1  0  0  0  0
  0  1  0  0  0
  0  0  1  0  0
  1  0  1  0  0
  0  0  0  1  0
  1  0  0  1  0
  1  0  0  0 -1
  0  1  0  0 -1
52 334 88 84
882108121414818420622224+3051126727110854111212+7237264885846
  1  0  0  0  0
  0  1  0  0  0
  0  0  1  0  0
  1  0  1  0  0
  0  0  0  1  0
  1  0  0  1  0
  1  0  0  0 -1
  0  1  0 -1 -1
46 292 104 92
4821014128142161218422+42558666712683011612613+88353841045926
  1  0  0  0  0
  0  1  0  0  0
  0  0  1  0  0
  1  0  1  0  0
  0  0  0  1  0
  1  0  0  1  0
  0  1  0  0 -1
  1  0  1  0 -1
50 334 88 96
10101012101410181022+30580672713885411612+7237004885966
  1  0  0  0  0
  0  1  0  0  0
  0  0  1  0  0
  1  0  1  0  0
  0  0  0  1  0
  1  0  0  1  0
  0  1  0  0 -1
  1  0  1  1 -1
46 262 96 36
6810121614616618224+18512266077482496111812+3235984965366
  1  0  0  0  0
  0  1  0  0  0
  0  0  1  0  0
  1  0  1  0  0
  0  0  0  1  0
  1 -1  0  1  0
  1  0  1  1  0
  0  0  0  0  1
46 272 104 58
48210121214141018220224+30588684780812918111812+64356841045586
  1  0  0  0  0
  0  1  0  0  0
  0  0  1  0  0
  1  0  1  0  0
  0  0  0  1  0
  1 -1  0  1  0
  1  0  1  1  0
  0  1  0  0 -1
46 262 96 36
6810121814416218420222+245116648786824912111212+3235984965366
  1  0  0  0  0
  0  1  0  0  0
  0  0  1  0  0
  1  0  1  0  0
  0  0  0  1  0
  1 -1  0  1  0
  0  0  0  0  1
  1  0  0  0 -1
42 244 104 42
2812122214218420+3658663678083691211612+40350441045426
  1  0  0  0  0
  0  1  0  0  0
  0  0  1  0  0
  1  0  1  0  0
  0  0  0  1  0
  1 -1  0  1  0
  0  0  0  0  1
  0  1  0  0 -1
46 262 120 28
6812121414616218420222+3651046307110818912111212+40357441205286
  1  0  0  0  0
  0  1  0  0  0
  0  0  1  0  0
  1  0  1  0  0
  0  0  0  1  0
  1 -1  0  1  0
  0  0  0  0  1
  0  1  1  0 -1
48 280 112 24
682108121614216618620222+185130660790818912111812+32366041125246
  1  0  0  0  0
  0  1  0  0  0
  0  0  1  0  0
  1  0  1  0  0
  0  0  0  1  0
  1 -1  0  1  0
  0  0  0  0  1
  1  0  0  1 -1
48 280 112 24
68210101212144164181020+2451246487102818918111212+32366041125246
  1  0  0  0  0
  0  1  0  0  0
  0  0  1  0  0
  1  0  1  0  0
  0  0  0  1  0
  1 -1  0  1  0
  0  0  0  0  1
  1  0  1  1 -1
44 266 128 48
4812121814216218220222224+48568648798812924111612+72351441285486
  1  0  0  0  0
  0  1  0  0  0
  0  0  1  0  0
  1  0  1  0  0
  0  0  0  1  0
  1 -1  0  1  0
  1  0  0  0 -1
  0  1  0  0 -1
44 254 112 58
4816121014416618220222+4857065479082491211612613+72349441125586
  1  0  0  0  0
  0  1  0  0  0
  0  0  1  0  0
  1  0  1  0  0
  0  0  0  1  0
  1 -1  0  1  0
  1  0  0  0 -1
  1  0  1  0 -1
48 290 96 58
4841010121414818420422+3059467878282493611612+5636424965586
  1  0  0  0  0
  0  1  0  0  0
  0  0  1  0  0
  1  0  1  0  0
  0  0  0  1  0
  1 -1  0  1  0
  1  0  0  0 -1
  1  0  0  1 -1
44 254 136 50
481812814416418420222+60558630712681291211612613+80347041365506
  1  0  0  0  0
  0  1  0  0  0
  0  0  1  0  0
  1  0  1  0  0
  0  0  0  1  0
  1 -1  0  1  0
  0  1  0  0 -1
  1  0  1  0 -1
46 272 104 58
4821012121414818420222+3658267877482493011612+64356841045586
  1  0  0  0  0
  0  1  0  0  0
  0  0  1  0  0
  1  0  1  0  0
  0  0  0  1  0
  1 -1  0  1  0
  0  1  0  0 -1
  1  0  0  1 -1
48 290 120 50
4841012121014216818420422+365886667106812930111212+64361841205506
  1  0  0  0  0
  0  1  0  0  0
  0  0  1  0  0
  1  0  1  0  0
  0  0  0  1  0
  1 -1  0  1  0
  0  1  0  0 -1
  1  0  1  1 -1
46 272 80 66
48210121212142161018220222+3058868476882493011612+5635924805666
  1  0  0  0  0
  0  1  0  0  0
  0  0  1  0  0
  1  0  1  0  0
  0  0  0  1  0
  1  0  1  1  0
  0  0  0  0  1
  0  1  0  0 -1
48 310 96 88
4841081216141018220424+3657867879281295411412+8036164965886
  1  0  0  0  0
  0  1  0  0  0
  0  0  1  0  0
  1  0  1  0  0
  0  0  0  1  0
  0  1  0 -1  0
  1  0  0  0 -1
  0  1  0  0 -1
46 292 80 100
4821014128142161218422+3656468479081893611613+80356248051006
  1  0  0  0  0
  0  1  0  0  0
  0  0  1  0  0
  1  0  1  0  0
  0  0  0  1  0
  0  1  0 -1  0
  1  0  0  0 -1
  1  0  1  0 -1
50 316 96 90
48610101210142161018822+36586672711681294211613+8036464965906
  1  0  0  0  0
  0  1  0  0  0
  0  0  1  0  0
  1  0  1  0  0
  0  0  0  1  0
  0  1  0 -1  0
  1  0  0  0 -1
  0  1  0 -1 -1
46 292 104 92
4821014128142161218422+42558672710881293611613+88353841045926
  1  0  0  0  0
  0  1  0  0  0
  0  0  1  0  0
  1  0  1  0  0
  0  0  0  1  0
  0  1  0 -1  0
  0  1  0  0 -1
  1  0  1  0 -1
48 310 96 88
4841081216141018220424+3657867879281295411412+8036164965886
  1  0  0  0  0
  0  1  0  0  0
  0  0  1  0  0
  1  0  1  0  0
  0  0  0  1  0
  0  1  0 -1  0
  0  1  0  0 -1
  1  0  0  1 -1
50 334 88 96
10101012101410181022+24586690710881295411612+7237004885966
  1  0  0  0  0
  0  1  0  0  0
  0  0  1  0  0
  1  0  1  0  0
  0  0  0  1  0
  0  1  0 -1  0
  0  1  0  0 -1
  0  1  1 -1 -1
48 290 120 50
48410101214141018622+30594678794812924111812+64361841205506
  1  0  0  0  0
  0  1  0  0  0
  0  0  1  0  0
  1  0  1  0  0
  0  0  0  1  0
  0  1  1 -1  0
  0  0  0  0  1
  0  1  1  0 -1
52 334 112 76
882108121414818420622224+30511267879886954111212+80370241125766
  1  0  0  0  0
  0  1  0  0  0
  0  0  1  0  0
  1  0  1  0  0
  0  0  0  1  0
  0  1  1 -1  0
  1  0  0  0 -1
  0  1  0  0 -1
50 316 96 90
48610101210142161018822+30592684710481293611612613+8036464965906
  1  0  0  0  0
  0  1  0  0  0
  0  0  1  0  0
  1  0  1  0  0
  0  0  0  1  0
  0  1  1 -1  0
  1  0  0  0 -1
  1  0  1  0 -1
50 316 120 82
48610101210142161018822+3658667271228693611612613+88362241205826
  1  0  0  0  0
  0  1  0  0  0
  0  0  1  0  0
  1  0  1  0  0
  0  0  0  1  0
  0  1  1 -1  0
  0  1  0  0 -1
  1  0  0  1 -1
52 334 112 76
882108121414818420622224+24511869078686948111812+80370241125766
  1  0  0  0  0
  0  1  0  0  0
  0  0  1  0  0
  1  0  1  0  0
  0  0  0  1  0
  0  1  1 -1  0
  0  1  0  0 -1
  0  1  1 -1 -1
48 292 104 82
881212814816818222226+485846487112812924114121213+88356241045826
  1  0  0  0  0
  0  1  0  0  0
  0  0  1  0  0
  1  0  1  0  0
  0  0  0  1  0
  1  0  0  0 -1
  0  1  0  0 -1
  1  0  1  0 -1
50 316 96 90
48610101210142161018822+36586672711681294211613+8036464965906
  1  0  0  0  0
  0  1  0  0  0
  0  0  1  0  0
  1  0  1  0  0
  0  0  0  1  0
  1  0  0  0 -1
  1  0  1  0 -1
  0  1  0 -1 -1
52 364 80 130
488108128144161218422224226+305906667144848114121213+88370448051306
  1  0  0  0  0
  0  1  0  0  0
  0  0  1  0  0
  1  0  1  0  0
  1  0  0  1  0
  1  0  1  1  0
  0  1  0 -1  0
  0  1  0  0 -1
54 388 72 132
4881061214148181022424+245106672714086611612613+80379447251326
  1  0  0  0  0
  0  1  0  0  0
  0  0  1  0  0
  1  0  1  0  0
  1  0  0  1  0
  1  0  1  1  0
  1  0  0  0 -1
  0  1  0  0 -1
52 364 104 122
488108128144161218422224226+305906667144848114121213+963680410451226
  1  0  0  0  0
  0  1  0  0  0
  0  0  1  0  0
  1  0  1  0  0
  1  0  0  1  0
  0  1  0 -1  0
  0  1  0  0 -1
  1  0  0  1 -1
54 388 96 124
4881061214148181022424+245106672714086611612613+88377049651246
  1  0  0  0  0
  0  1  0  0  0
  0  0  1  0  0
  1  0  1  0  0
  1  0  0  1  0
  0  1  0 -1  0
  0  1  0  0 -1
  1  0  1  1 -1
54 382 96 112
884102122014818420222424228+245124678796878111412+88376449651126
  1  0  0  0  0
  0  1  0  0  0
  0  0  1  0  0
  1  0  1  0  0
  1  0  0  1  0
  0  1  1 -1  0
  0  1  0  0 -1
  0  1  1 -1 -1
46 250 80 42
6812121414616618222+18513266077281891812+3235824805426
  1  0  0  0  0
  0  1  0  0  0
  0  0  1  0  0
  0  0  0  1  0
  1  0  0  1  0
  1 -1  0  1  0
  1  0  1  1  0
  0  0  0  0  1
42 232 64 56
2818121214216818+2451146487488489614+3235124645566
  1  0  0  0  0
  0  1  0  0  0
  0  0  1  0  0
  0  0  0  1  0
  1  0  0  1  0
  1 -1  0  1  0
  0  1  0 -1  0
  0  0  0  0  1
46 250 104 34
6812121614416218620+36511463679082491211612+40355841045346
  1  0  0  0  0
  0  1  0  0  0
  0  0  1  0  0
  0  0  0  1  0
  1  0  0  1  0
  1 -1  0  1  0
  0  0  0  0  1
  0  1  1 -1 -1
42 232 112 40
2818121214616420+5458461088369613+48346441125406
  1  0  0  0  0
  0  1  0  0  0
  0  0  1  0  0
  0  0  0  1  0
  1  0  0  1  0
  0  1  0 -1  0
  0  0  0  0  1
  1  1  1  0 -1
48 280 136 16
6821012126148161018422+245124648712083012+40363641365166
  1  0  0  0  0
  0  1  0  0  0
  0  0  1  0  0
  0  0  0  1  0
  1 -1  0  1  0
  1  0  1  1  0
  0  0  0  0  1
  1  0  1  0 -1
50 308 136 32
881212814216818620622+3051226667102824113012+64368641365326
  1  0  0  0  0
  0  1  0  0  0
  0  0  1  0  0
  0  0  0  1  0
  1 -1  0  1  0
  1  0  1  1  0
  1  0  0  0 -1
  0  1  0  0 -1
42 256 144 20
2820121616422+48580614482812+48351241445206
  1  0  0  0  0
  0  1  0  0  0
  0  0  1  0  0
  0  0  0  1  0
  1 -1  0  1  0
  0  0  0  0  1
  1  0  1  0 -1
  0  1  1  0 -1
58 376 120 48
168121216201422+245192660784860113012+72388641205486
  1  0  0  0  0
  0  1  0  0  0
  0  0  1  0  0
  0  0  0  1  0
  1  0  1  1  0
  1  0  0  0 -1
  0  1  0  0 -1
  1  0  1  1 -1
48 292 152 66
881212814816818222226+4858464871248121116121213+104351441525666
  1  0  0  0  0
  0  1  0  0  0
  0  0  1  0  0
  1  0  0  1  0
  0  1  0 -1  0
  0  0  0  0  1
  1  0  1  0 -1
  1  0  1  1 -1
48 304 144 60
882123014622228+365102672772836113012+96356241445606
  1  0  0  0  0
  0  1  0  0  0
  0  0  1  0  0
  1  0  0  1  0
  0  0  0  0  1
  1  0  1  0 -1
  0  1  1  0 -1
  1  0  1  1 -1
58 466 88 164
4810102121814818822424226228+18512666071568781116121213+88389648851646
  1  0  0  0  0
  0  1  0  0  0
  1  0  1  0  0
  0  1  1  0  0
  1  0  0  1  0
  1  0  1  1  0
  1  0  0  0 -1
  0  1  0  0 -1
56 442 96 168
16108128161618826+245966487192848118122413+96380049651686
  1  0  0  0  0
  0  1  0  0  0
  1  0  1  0  0
  0  1  1  0  0
  1  0  0  1  0
  1  0  1  1  0
  1  0  0  0 -1
  1  0  1  0 -1

....layer 9: 40.42
48 316 32 122
8810121014816818222228+12512466071008129121116121214+32367443251226
  1  0  0  0  0
  0  1  0  0  0
  0  0  1  0  0
  1  0  1  0  0
  0  1  1  0  0
  0  0  0  1  0
  1  0  0  1  0
  1 -1  0  1  0
  1  0  1  1  0
48 328 48 108
883214622230+65136672772818114812+32369844851086
  1  0  0  0  0
  0  1  0  0  0
  0  0  1  0  0
  1  0  1  0  0
  0  1  1  0  0
  0  0  0  1  0
  1  0  0  1  0
  1 -1  0  1  0
  0  1  1 -1  0
46 306 96 72
686121814816418222226+125124648774836912112812+2436364965726
  1  0  0  0  0
  0  1  0  0  0
  0  0  1  0  0
  1  0  1  0  0
  0  1  1  0  0
  0  0  0  1  0
  1  0  0  1  0
  1 -1  0  1  0
  0  0  0  0  1
48 334 96 104
4841061218141018220224226+185100672798812930112812+48365649651046
  1  0  0  0  0
  0  1  0  0  0
  0  0  1  0  0
  1  0  1  0  0
  0  1  1  0  0
  0  0  0  1  0
  1  0  0  1  0
  1 -1  0  1  0
  1  0  0  0 -1
52 358 88 100
882106121614818420622226+125134672798812936113012+40376648851006
  1  0  0  0  0
  0  1  0  0  0
  0  0  1  0  0
  1  0  1  0  0
  0  1  1  0  0
  0  0  0  1  0
  1  0  0  1  0
  1 -1  0  1  0
  1  0  0  1 -1
48 316 80 106
88101210146161018222226+30510664878883692411412613614+48362648051066
  1  0  0  0  0
  0  1  0  0  0
  0  0  1  0  0
  1  0  1  0  0
  0  1  1  0  0
  0  0  0  1  0
  1  0  0  1  0
  1  0  1  1  0
  0  0  0  0  1
52 378 64 154
488108128144161218422224226+2459666071448694811412613614+56373446451546
  1  0  0  0  0
  0  1  0  0  0
  0  0  1  0  0
  1  0  1  0  0
  0  1  1  0  0
  0  0  0  1  0
  1  0  0  1  0
  1  0  1  1  0
  1  0  0  0 -1
48 328 96 92
882122614416622228+305112648772824942112412+4836504965926
  1  0  0  0  0
  0  1  0  0  0
  0  0  1  0  0
  1  0  1  0  0
  0  1  1  0  0
  0  0  0  1  0
  1  0  0  1  0
  0  1  1 -1  0
  0  0  0  0  1
54 396 80 136
884102122014818420222424228+1851306727102866112612+56379448051366
  1  0  0  0  0
  0  1  0  0  0
  0  0  1  0  0
  1  0  1  0  0
  0  1  1  0  0
  0  0  0  1  0
  1  0  0  1  0
  0  1  1 -1  0
  1  0  0  0 -1
54 396 80 136
884102122014818420222424228+1851306727102866112612+56379448051366
  1  0  0  0  0
  0  1  0  0  0
  0  0  1  0  0
  1  0  1  0  0
  0  1  1  0  0
  0  0  0  1  0
  1  0  0  1  0
  0  1  1 -1  0
  0  1  0  0 -1
48 334 96 104
4841061218141018222424+245946607110812936112212+48365649651046
  1  0  0  0  0
  0  1  0  0  0
  0  0  1  0  0
  1  0  1  0  0
  0  1  1  0  0
  0  0  0  1  0
  1  0  0  1  0
  0  0  0  0  1
  1  0  0  0 -1
48 334 96 104
4841081212144161018220424+24594666792824942111612+48365649651046
  1  0  0  0  0
  0  1  0  0  0
  0  0  1  0  0
  1  0  1  0  0
  0  1  1  0  0
  0  0  0  1  0
  1  0  0  1  0
  0  0  0  0  1
  0  1  0  0 -1
48 334 96 104
484106121814818420424+24594666792824942111612+48365649651046
  1  0  0  0  0
  0  1  0  0  0
  0  0  1  0  0
  1  0  1  0  0
  0  1  1  0  0
  0  0  0  1  0
  1  0  0  1  0
  0  0  0  0  1
  1  0  1  0 -1
46 306 120 64
686122014616218220424+245112636780842918112212+32361241205646
  1  0  0  0  0
  0  1  0  0  0
  0  0  1  0  0
  1  0  1  0  0
  0  1  1  0  0
  0  0  0  1  0
  1  0  0  1  0
  0  0  0  0  1
  1  1  1  0 -1
52 358 88 100
882106121614618620622224+185128666792824948111812+40376648851006
  1  0  0  0  0
  0  1  0  0  0
  0  0  1  0  0
  1  0  1  0  0
  0  1  1  0  0
  0  0  0  1  0
  1  0  0  1  0
  0  0  0  0  1
  1  0  0  1 -1
52 358 112 92
882108121214216618620622224+245122660798824948111812+48374241125926
  1  0  0  0  0
  0  1  0  0  0
  0  0  1  0  0
  1  0  1  0  0
  0  1  1  0  0
  0  0  0  1  0
  1  0  0  1  0
  0  0  0  0  1
  0  1  1 -1 -1
54 396 104 128
884102122014818420222424228+245124666710286972112012+643770410451286
  1  0  0  0  0
  0  1  0  0  0
  0  0  1  0  0
  1  0  1  0  0
  0  1  1  0  0
  0  0  0  1  0
  1  0  0  1  0
  1  0  0  0 -1
  0  1  0  0 -1
52 378 88 146
488108128144161218422224226+2459666671328129421110121213+64371048851466
  1  0  0  0  0
  0  1  0  0  0
  0  0  1  0  0
  1  0  1  0  0
  0  1  1  0  0
  0  0  0  1  0
  1  0  0  1  0
  1  0  0  0 -1
  1  0  1  0 -1
54 402 80 148
4881061214148181022424+1851126727128812960111212613+56380048051486
  1  0  0  0  0
  0  1  0  0  0
  0  0  1  0  0
  1  0  1  0  0
  0  1  1  0  0
  0  0  0  1  0
  1  0  0  1  0
  1  0  0  0 -1
  1  0  0  1 -1
54 402 104 140
4881061214148181022424+245106660714686960111212613+643776410451406
  1  0  0  0  0
  0  1  0  0  0
  0  0  1  0  0
  1  0  1  0  0
  0  1  1  0  0
  0  0  0  1  0
  1  0  0  1  0
  0  1  0  0 -1
  1  0  0  1 -1
52 348 128 48
10861214142164181020422224+125160648784836924113012+24378441285486
  1  0  0  0  0
  0  1  0  0  0
  0  0  1  0  0
  1  0  1  0  0
  0  1  1  0  0
  0  0  0  1  0
  1 -1  0  1  0
  0  0  0  0  1
  1  0  0  1 -1
48 328 144 76
882122814216422224228+365106648772824936113012+64360241445766
  1  0  0  0  0
  0  1  0  0  0
  0  0  1  0  0
  1  0  1  0  0
  0  1  1  0  0
  0  0  0  1  0
  1 -1  0  1  0
  1  0  0  0 -1
  0  1  0  0 -1
48 316 128 90
8810121014816818224226+3651006487888369121116121213+64357841285906
  1  0  0  0  0
  0  1  0  0  0
  0  0  1  0  0
  1  0  1  0  0
  0  1  1  0  0
  0  0  0  1  0
  1 -1  0  1  0
  1  0  0  0 -1
  1  0  1  0 -1
52 358 112 92
882106121614818420422424+185128678768836948111812+48374241125926
  1  0  0  0  0
  0  1  0  0  0
  0  0  1  0  0
  1  0  1  0  0
  0  1  1  0  0
  0  0  0  1  0
  1 -1  0  1  0
  1  0  0  0 -1
  1  0  0  1 -1
58 400 96 72
168101221416201222224+125208660748836960113012+3239504965726
  1  0  0  0  0
  0  1  0  0  0
  0  0  1  0  0
  1  0  1  0  0
  0  1  1  0  0
  0  0  0  1  0
  1 -1  0  1  0
  1  0  0  1 -1
  1  0  1  1 -1
54 396 104 128
884102122014818420222424228+245124672784818978111412+643770410451286
  1  0  0  0  0
  0  1  0  0  0
  0  0  1  0  0
  1  0  1  0  0
  0  1  1  0  0
  0  0  0  1  0
  1  0  0  0 -1
  0  1  0  0 -1
  1  0  0  1 -1
58 474 80 188
4810102121814818822424226228+18512666071568781116121213+64390448051886
  1  0  0  0  0
  0  1  0  0  0
  0  0  1  0  0
  1  0  1  0  0
  0  1  1  0  0
  1  0  0  1  0
  1  0  1  1  0
  1  0  0  0 -1
  0  1  0  0 -1
56 450 64 200
16108128161618826+245966487192848118122413+64383246452006
  1  0  0  0  0
  0  1  0  0  0
  0  0  1  0  0
  1  0  1  0  0
  0  1  1  0  0
  1  0  0  1  0
  1  0  1  1  0
  1  0  0  0 -1
  1  0  1  0 -1
58 474 104 180
4810102121814818822424226228+18512666071568781116121213+723880410451806
  1  0  0  0  0
  0  1  0  0  0
  0  0  1  0  0
  1  0  1  0  0
  0  1  1  0  0
  1  0  0  1  0
  0  1  1 -1  0
  1  0  0  0 -1
  1  0  0  1 -1
46 294 80 82
68101212146161018224+12512664877884296111212614+2436164805826
  1  0  0  0  0
  0  1  0  0  0
  0  0  1  0  0
  1  0  1  0  0
  0  0  0  1  0
  1  0  0  1  0
  1 -1  0  1  0
  1  0  1  1  0
  0  0  0  0  1
50 340 72 114
4861081212142161018622224+1851086607128812930111212614+40371047251146
  1  0  0  0  0
  0  1  0  0  0
  0  0  1  0  0
  1  0  1  0  0
  0  0  0  1  0
  1  0  0  1  0
  1 -1  0  1  0
  1  0  1  1  0
  1  0  0  0 -1
46 316 80 116
48210121210142161218222224+245806607120812924111212614+48360248051166
  1  0  0  0  0
  0  1  0  0  0
  0  0  1  0  0
  1  0  1  0  0
  0  0  0  1  0
  1  0  0  1  0
  1 -1  0  1  0
  1  0  1  1  0
  0  1  0  0 -1
48 312 96 74
682106121814216618420422+1251266487104824912112412+2436664965746
  1  0  0  0  0
  0  1  0  0  0
  0  0  1  0  0
  1  0  1  0  0
  0  0  0  1  0
  1  0  0  1  0
  1 -1  0  1  0
  0  0  0  0  1
  1  0  0  0 -1
42 288 104 82
2812121414416618420+24580636798836912111812+32353841045826
  1  0  0  0  0
  0  1  0  0  0
  0  0  1  0  0
  1  0  1  0  0
  0  0  0  1  0
  1  0  0  1  0
  1 -1  0  1  0
  0  0  0  0  1
  0  1  0  0 -1
48 312 120 66
6821010121014616418820222+2451146367110830918111812+32364241205666
  1  0  0  0  0
  0  1  0  0  0
  0  0  1  0  0
  1  0  1  0  0
  0  0  0  1  0
  1  0  0  1  0
  1 -1  0  1  0
  0  0  0  0  1
  0  1  1  0 -1
50 330 112 66
684106121414416618620222224+1251326487106830918112412+24371641125666
  1  0  0  0  0
  0  1  0  0  0
  0  0  1  0  0
  1  0  1  0  0
  0  0  0  1  0
  1  0  0  1  0
  1 -1  0  1  0
  0  0  0  0  1
  1  0  1  1 -1
48 334 120 96
484108121414216818420424+305886547116812936112212+56363241205966
  1  0  0  0  0
  0  1  0  0  0
  0  0  1  0  0
  1  0  1  0  0
  0  0  0  1  0
  1  0  0  1  0
  1 -1  0  1  0
  1  0  0  0 -1
  0  1  0  0 -1
46 316 104 108
48210121210142161018220422+305746607108824924111212613+563578410451086
  1  0  0  0  0
  0  1  0  0  0
  0  0  1  0  0
  1  0  1  0  0
  0  0  0  1  0
  1  0  0  1  0
  1 -1  0  1  0
  1  0  0  0 -1
  1  0  1  0 -1
50 340 96 106
486108121214216818220822+2451026607116824930111212613+48368649651066
  1  0  0  0  0
  0  1  0  0  0
  0  0  1  0  0
  1  0  1  0  0
  0  0  0  1  0
  1  0  0  1  0
  1 -1  0  1  0
  1  0  0  0 -1
  1  0  0  1 -1
46 316 128 100
482101412814216818420422+425626367144812924111212613+643554412851006
  1  0  0  0  0
  0  1  0  0  0
  0  0  1  0  0
  1  0  1  0  0
  0  0  0  1  0
  1  0  0  1  0
  1 -1  0  1  0
  0  1  0  0 -1
  1  0  1  0 -1
50 358 112 104
101010128142168182201022+245906547144812942111812+483716411251046
  1  0  0  0  0
  0  1  0  0  0
  0  0  1  0  0
  1  0  1  0  0
  0  0  0  1  0
  1  0  0  1  0
  1 -1  0  1  0
  0  1  0  0 -1
  1  0  1  1 -1
46 316 80 116
48210121210141418422+2458067278483693611614+48360248051166
  1  0  0  0  0
  0  1  0  0  0
  0  0  1  0  0
  1  0  1  0  0
  0  0  0  1  0
  1  0  0  1  0
  1  0  1  1  0
  0  0  0  0  1
  0  1  0  0 -1
50 340 96 106
4861010128142161218822+245102660711682493611612614+48368649651066
  1  0  0  0  0
  0  1  0  0  0
  0  0  1  0  0
  1  0  1  0  0
  0  0  0  1  0
  1  0  0  1  0
  1  0  1  1  0
  0  0  0  0  1
  0  1  1  0 -1
46 294 104 74
6810121614818420222+24511463678484891211612614+32359241045746
  1  0  0  0  0
  0  1  0  0  0
  0  0  1  0  0
  1  0  1  0  0
  0  0  0  1  0
  1  0  0  1  0
  1  0  1  1  0
  0  0  0  0  1
  1  1  1  0 -1
54 402 80 148
4881061214148181022424+245106654715886611612614+56380048051486
  1  0  0  0  0
  0  1  0  0  0
  0  0  1  0  0
  1  0  1  0  0
  0  0  0  1  0
  1  0  0  1  0
  1  0  1  1  0
  1  0  0  0 -1
  0  1  0  0 -1
48 316 104 98
8812124141216818222226+36510063671128249121116121213+56360241045986
  1  0  0  0  0
  0  1  0  0  0
  0  0  1  0  0
  1  0  1  0  0
  0  0  0  1  0
  1  0  0  1  0
  0  1  0 -1  0
  0  1  1 -1  0
  0  0  0  0  1
52 378 88 146
488108128144161218422224226+2459666071508361116121213+64371048851466
  1  0  0  0  0
  0  1  0  0  0
  0  0  1  0  0
  1  0  1  0  0
  0  0  0  1  0
  1  0  0  1  0
  0  1  0 -1  0
  0  1  1 -1  0
  0  1  0  0 -1
46 316 104 108
4821014124146161218422+305746607108824924111212613+563578410451086
  1  0  0  0  0
  0  1  0  0  0
  0  0  1  0  0
  1  0  1  0  0
  0  0  0  1  0
  1  0  0  1  0
  0  1  0 -1  0
  0  0  0  0  1
  0  1  0  0 -1
46 294 128 66
6812121014816218620222+365102618710884296111212613+40356841285666
  1  0  0  0  0
  0  1  0  0  0
  0  0  1  0  0
  1  0  1  0  0
  0  0  0  1  0
  1  0  0  1  0
  0  1  0 -1  0
  0  0  0  0  1
  1  1  1  0 -1
50 340 120 98
4861081212142161018622224+2451026667110824924111812613+56366241205986
  1  0  0  0  0
  0  1  0  0  0
  0  0  1  0  0
  1  0  1  0  0
  0  0  0  1  0
  1  0  0  1  0
  0  1  0 -1  0
  0  0  0  0  1
  1  0  1  1 -1
50 340 96 106
4861010126146161018822+2451026607116824930111212613+48368649651066
  1  0  0  0  0
  0  1  0  0  0
  0  0  1  0  0
  1  0  1  0  0
  0  0  0  1  0
  1  0  0  1  0
  0  1  0 -1  0
  0  0  0  0  1
  0  1  0 -1 -1
50 340 120 98
486101012814416818220822+305966547122824930111212613+56366241205986
  1  0  0  0  0
  0  1  0  0  0
  0  0  1  0  0
  1  0  1  0  0
  0  0  0  1  0
  1  0  0  1  0
  0  1  0 -1  0
  0  0  0  0  1
  0  1  1 -1 -1
52 378 112 138
488108128144161218422224226+305906547150869421110121213+723686411251386
  1  0  0  0  0
  0  1  0  0  0
  0  0  1  0  0
  1  0  1  0  0
  0  0  0  1  0
  1  0  0  1  0
  0  1  0 -1  0
  0  1  0  0 -1
  1  0  0  1 -1
54 402 104 140
4881061214148181022424+245106660714686960111212613+643776410451406
  1  0  0  0  0
  0  1  0  0  0
  0  0  1  0  0
  1  0  1  0  0
  0  0  0  1  0
  1  0  0  1  0
  0  1  0 -1  0
  0  1  0  0 -1
  1  0  1  1 -1
54 402 104 140
4881061214148181022424+185112672713486954111812613+643776410451406
  1  0  0  0  0
  0  1  0  0  0
  0  0  1  0  0
  1  0  1  0  0
  0  0  0  1  0
  1  0  0  1  0
  0  1  0 -1  0
  0  1  0  0 -1
  0  1  1 -1 -1
52 358 112 92
882108121214216818220822224+2451226487134836113012+48374241125926
  1  0  0  0  0
  0  1  0  0  0
  0  0  1  0  0
  1  0  1  0  0
  0  0  0  1  0
  1  0  0  1  0
  0  1  1 -1  0
  0  0  0  0  1
  1  0  0  0 -1
48 334 120 96
484108121414216818420424+30588660798824942111612+56363241205966
  1  0  0  0  0
  0  1  0  0  0
  0  0  1  0  0
  1  0  1  0  0
  0  0  0  1  0
  1  0  0  1  0
  0  1  1 -1  0
  0  0  0  0  1
  0  1  0  0 -1
52 358 136 84
882108121214216818220822224+2451226607110812936113012+56371841365846
  1  0  0  0  0
  0  1  0  0  0
  0  0  1  0  0
  1  0  1  0  0
  0  0  0  1  0
  1  0  0  1  0
  0  1  1 -1  0
  0  0  0  0  1
  0  1  1  0 -1
46 306 144 56
6812128141216420222224+3651006127122824912112812+40358841445566
  1  0  0  0  0
  0  1  0  0  0
  0  0  1  0  0
  1  0  1  0  0
  0  0  0  1  0
  1  0  0  1  0
  0  1  1 -1  0
  0  0  0  0  1
  1  1  1  0 -1
52 378 136 130
488108128144161218422224226+3059065471568361116121213+803662413651306
  1  0  0  0  0
  0  1  0  0  0
  0  0  1  0  0
  1  0  1  0  0
  0  0  0  1  0
  1  0  0  1  0
  0  1  1 -1  0
  0  1  0  0 -1
  1  0  0  1 -1
54 396 128 120
884102122014818420222424228+185130678796860113212+723746412851206
  1  0  0  0  0
  0  1  0  0  0
  0  0  1  0  0
  1  0  1  0  0
  0  0  0  1  0
  1  0  0  1  0
  0  1  1 -1  0
  0  1  0  0 -1
  0  1  1 -1 -1
48 312 120 66
6821010128148161018222224+185120642711681896113012+32364241205666
  1  0  0  0  0
  0  1  0  0  0
  0  0  1  0  0
  1  0  1  0  0
  0  0  0  1  0
  1  0  0  1  0
  0  0  0  0  1
  1  0  0  0 -1
  1  1  1  0 -1
50 358 112 104
101081212141018822224+185966727114824942111812+483716411251046
  1  0  0  0  0
  0  1  0  0  0
  0  0  1  0  0
  1  0  1  0  0
  0  0  0  1  0
  1  0  0  1  0
  0  0  0  0  1
  0  1  0  0 -1
  1  0  1  1 -1
52 358 136 84
882108121214216818420422424+2451226607110812936113012+56371841365846
  1  0  0  0  0
  0  1  0  0  0
  0  0  1  0  0
  1  0  1  0  0
  0  0  0  1  0
  1  0  0  1  0
  0  0  0  0  1
  0  1  1  0 -1
  1  0  1  1 -1
50 330 136 58
684108121014616818220422224+1851266427118824912113012+32369241365586
  1  0  0  0  0
  0  1  0  0  0
  0  0  1  0  0
  1  0  1  0  0
  0  0  0  1  0
  1  0  0  1  0
  0  0  0  0  1
  1  1  1  0 -1
  1  0  1  1 -1
48 312 120 66
682106121814216618620224+185120654780842918111812+32364241205666
  1  0  0  0  0
  0  1  0  0  0
  0  0  1  0  0
  1  0  1  0  0
  0  0  0  1  0
  1 -1  0  1  0
  1  0  1  1  0
  0  0  0  0  1
  0  1  0  0 -1
50 330 136 58
6841081212144162181020422+2451206367112836924111812+32369241365586
  1  0  0  0  0
  0  1  0  0  0
  0  0  1  0  0
  1  0  1  0  0
  0  0  0  1  0
  1 -1  0  1  0
  0  0  0  0  1
  0  1  0  0 -1
  1  0  1  1 -1
48 316 152 82
881212814816418420222226+4858862471248249121116121213+72355441525826
  1  0  0  0  0
  0  1  0  0  0
  0  0  1  0  0
  1  0  1  0  0
  0  0  0  1  0
  1 -1  0  1  0
  1  0  0  0 -1
  0  1  0  0 -1
  1  0  1  0 -1
50 340 144 90
4861010121014216618420822+365906487128824930111212613+64363841445906
  1  0  0  0  0
  0  1  0  0  0
  0  0  1  0  0
  1  0  1  0  0
  0  0  0  1  0
  1 -1  0  1  0
  0  1  0  0 -1
  1  0  1  0 -1
  1  0  0  1 -1
52 378 112 138
488108128144161218422224226+305906607132818948114121213+723686411251386
  1  0  0  0  0
  0  1  0  0  0
  0  0  1  0  0
  1  0  1  0  0
  0  0  0  1  0
  0  1  0 -1  0
  1  0  0  0 -1
  0  1  0  0 -1
  1  0  1  0 -1
54 402 128 132
4881061214148181022424+2451066667134812960111212613+723752412851326
  1  0  0  0  0
  0  1  0  0  0
  0  0  1  0  0
  1  0  1  0  0
  0  0  0  1  0
  0  1  0 -1  0
  0  1  0  0 -1
  1  0  1  0 -1
  1  0  0  1 -1
58 474 104 180
4810102121814818822424226228+18512666071568781116121213+723880410451806
  1  0  0  0  0
  0  1  0  0  0
  0  0  1  0  0
  1  0  1  0  0
  1  0  0  1  0
  1  0  1  1  0
  0  1  0 -1  0
  0  1  0  0 -1
  1  0  1  1 -1
56 450 112 184
16108128161618826+245966487192848118122413+803784411251846
  1  0  0  0  0
  0  1  0  0  0
  0  0  1  0  0
  1  0  1  0  0
  1  0  0  1  0
  1  0  1  1  0
  0  1  0 -1  0
  0  1  0  0 -1
  0  1  0 -1 -1
52 348 176 32
10812122148168181222+245148624714485412+40373641765326
  1  0  0  0  0
  0  1  0  0  0
  0  0  1  0  0
  0  0  0  1  0
  1 -1  0  1  0
  1  0  1  1  0
  0  0  0  0  1
  1  0  1  0 -1
  0  1  1  0 -1
58 400 168 48
168121212201822+2451966367108836115412+56387841685486
  1  0  0  0  0
  0  1  0  0  0
  0  0  1  0  0
  0  0  0  1  0
  1 -1  0  1  0
  1  0  1  1  0
  1  0  0  0 -1
  0  1  0  0 -1
  1  0  1  1 -1

....layer 10: 40.42
50 356 80 122
10861210148161218222228+651506367828549121116121214+16370848051226
  1  0  0  0  0
  0  1  0  0  0
  0  0  1  0  0
  1  0  1  0  0
  0  1  1  0  0
  0  0  0  1  0
  1  0  0  1  0
  1 -1  0  1  0
  1  0  1  1  0
  0  0  0  0  1
52 402 72 170
4881061210144161218422224228+12511264871508129361116121214+32375847251706
  1  0  0  0  0
  0  1  0  0  0
  0  0  1  0  0
  1  0  1  0  0
  0  1  1  0  0
  0  0  0  1  0
  1  0  0  1  0
  1 -1  0  1  0
  1  0  1  1  0
  1  0  0  0 -1
50 368 96 108
10820141216622230+65156636772836918114812+16373249651086
  1  0  0  0  0
  0  1  0  0  0
  0  0  1  0  0
  1  0  1  0  0
  0  1  1  0  0
  0  0  0  1  0
  1  0  0  1  0
  1 -1  0  1  0
  0  1  1 -1  0
  0  0  0  0  1
54 420 88 152
884102214818420222424230+651466607114842115012+32381848851526
  1  0  0  0  0
  0  1  0  0  0
  0  0  1  0  0
  1  0  1  0  0
  0  1  1  0  0
  0  0  0  1  0
  1  0  0  1  0
  1 -1  0  1  0
  0  1  1 -1  0
  1  0  0  0 -1
50 374 120 112
684104121414616818220222224226+1251266367116830918114012+243714412051126
  1  0  0  0  0
  0  1  0  0  0
  0  0  1  0  0
  1  0  1  0  0
  0  1  1  0  0
  0  0  0  1  0
  1  0  0  1  0
  1 -1  0  1  0
  0  0  0  0  1
  1  0  0  0 -1
50 374 120 112
684104121414616618620224226+125126642798842924113412+243714412051126
  1  0  0  0  0
  0  1  0  0  0
  0  0  1  0  0
  1  0  1  0  0
  0  1  1  0  0
  0  0  0  1  0
  1  0  0  1  0
  1 -1  0  1  0
  0  0  0  0  1
  1  0  1  0 -1
54 398 112 108
1082102121814216418620822226+651606367116830924114212+163824411251086
  1  0  0  0  0
  0  1  0  0  0
  0  0  1  0  0
  1  0  1  0  0
  0  1  1  0  0
  0  0  0  1  0
  1  0  0  1  0
  1 -1  0  1  0
  0  0  0  0  1
  1  0  0  1 -1
54 398 136 100
1082106121014616418620822226+1251546367110836924114212+243800413651006
  1  0  0  0  0
  0  1  0  0  0
  0  0  1  0  0
  1  0  1  0  0
  0  1  1  0  0
  0  0  0  1  0
  1  0  0  1  0
  1 -1  0  1  0
  0  0  0  0  1
  0  1  1 -1 -1
54 420 136 136
884102121814216818420222224226228+1851346547108812948114412+483770413651366
  1  0  0  0  0
  0  1  0  0  0
  0  0  1  0  0
  1  0  1  0  0
  0  1  1  0  0
  0  0  0  1  0
  1  0  0  1  0
  1 -1  0  1  0
  1  0  0  0 -1
  0  1  0  0 -1
52 402 120 154
4881061210144161218422426+18510665471328249241128121213+483710412051546
  1  0  0  0  0
  0  1  0  0  0
  0  0  1  0  0
  1  0  1  0  0
  0  1  1  0  0
  0  0  0  1  0
  1  0  0  1  0
  1 -1  0  1  0
  1  0  0  0 -1
  1  0  1  0 -1
54 426 112 156
4881041216148181022224226+1251226607128824942113012613+403800411251566
  1  0  0  0  0
  0  1  0  0  0
  0  0  1  0  0
  1  0  1  0  0
  0  1  1  0  0
  0  0  0  1  0
  1  0  0  1  0
  1 -1  0  1  0
  1  0  0  0 -1
  1  0  0  1 -1
52 402 96 162
4881061210144161218222424226+1851066487138824936111612613614+40373449651626
  1  0  0  0  0
  0  1  0  0  0
  0  0  1  0  0
  1  0  1  0  0
  0  1  1  0  0
  0  0  0  1  0
  1  0  0  1  0
  1  0  1  1  0
  0  0  0  0  1
  1  0  0  0 -1
52 402 96 162
488108126144161418422224226+1851066547120836942111012613614+40373449651626
  1  0  0  0  0
  0  1  0  0  0
  0  0  1  0  0
  1  0  1  0  0
  0  1  1  0  0
  0  0  0  1  0
  1  0  0  1  0
  1  0  1  1  0
  0  0  0  0  1
  0  1  0  0 -1
50 356 128 106
1086121414416818420224226+245132624782866912111612613614+323660412851066
  1  0  0  0  0
  0  1  0  0  0
  0  0  1  0  0
  1  0  1  0  0
  0  1  1  0  0
  0  0  0  1  0
  1  0  0  1  0
  1  0  1  1  0
  0  0  0  0  1
  1  1  1  0 -1
58 488 96 204
4810102121814818822424226228+185126648716286978111612613614+48389449652046
  1  0  0  0  0
  0  1  0  0  0
  0  0  1  0  0
  1  0  1  0  0
  0  1  1  0  0
  0  0  0  1  0
  1  0  0  1  0
  1  0  1  1  0
  1  0  0  0 -1
  0  1  0  0 -1
56 464 80 216
16108128161618826+1851026487180812948118121813614+48382248052166
  1  0  0  0  0
  0  1  0  0  0
  0  0  1  0  0
  1  0  1  0  0
  0  1  1  0  0
  0  0  0  1  0
  1  0  0  1  0
  1  0  1  1  0
  1  0  0  0 -1
  1  0  1  0 -1
54 420 112 144
884102121814216818220422424228+1851346487114812954113812+403794411251446
  1  0  0  0  0
  0  1  0  0  0
  0  0  1  0  0
  1  0  1  0  0
  0  1  1  0  0
  0  0  0  1  0
  1  0  0  1  0
  0  1  1 -1  0
  0  0  0  0  1
  1  0  0  0 -1
54 420 112 144
884102121814216618620222424228+185134654796824960113212+403794411251446
  1  0  0  0  0
  0  1  0  0  0
  0  0  1  0  0
  1  0  1  0  0
  0  1  1  0  0
  0  0  0  1  0
  1  0  0  1  0
  0  1  1 -1  0
  0  0  0  0  1
  0  1  0  0 -1
50 368 144 92
10821218141216222424228+245138624772848924114212+32368441445926
  1  0  0  0  0
  0  1  0  0  0
  0  0  1  0  0
  1  0  1  0  0
  0  1  1  0  0
  0  0  0  1  0
  1  0  0  1  0
  0  1  1 -1  0
  0  0  0  0  1
  1  1  1  0 -1
58 488 96 204
4810102121814818822424226228+1251326607150869661128121213+48389449652046
  1  0  0  0  0
  0  1  0  0  0
  0  0  1  0  0
  1  0  1  0  0
  0  1  1  0  0
  0  0  0  1  0
  1  0  0  1  0
  0  1  1 -1  0
  1  0  0  0 -1
  1  0  1  0 -1
58 488 120 196
4810102121814818822424226228+18512664871688661128121213+563870412051966
  1  0  0  0  0
  0  1  0  0  0
  0  0  1  0  0
  1  0  1  0  0
  0  1  1  0  0
  0  0  0  1  0
  1  0  0  1  0
  0  1  1 -1  0
  0  1  0  0 -1
  1  0  0  1 -1
54 426 88 164
488104121614818822624+1251226547134824954111812614+32382448851646
  1  0  0  0  0
  0  1  0  0  0
  0  0  1  0  0
  1  0  1  0  0
  0  1  1  0  0
  0  0  0  1  0
  1  0  0  1  0
  0  0  0  0  1
  1  0  0  0 -1
  1  0  0  1 -1
54 426 112 156
4881061212142166182201022424+1851166487140824948112412613+403800411251566
  1  0  0  0  0
  0  1  0  0  0
  0  0  1  0  0
  1  0  1  0  0
  0  1  1  0  0
  0  0  0  1  0
  1  0  0  1  0
  0  0  0  0  1
  0  1  0  0 -1
  1  0  0  1 -1
54 426 136 148
4881061214144184201022424+2451106427146824948112412613+483776413651486
  1  0  0  0  0
  0  1  0  0  0
  0  0  1  0  0
  1  0  1  0  0
  0  1  1  0  0
  0  0  0  1  0
  1  0  0  1  0
  0  0  0  0  1
  1  0  1  0 -1
  0  1  1 -1 -1
54 398 136 100
1082104121414416418820222624+125154642792848930113612+243800413651006
  1  0  0  0  0
  0  1  0  0  0
  0  0  1  0  0
  1  0  1  0  0
  0  1  1  0  0
  0  0  0  1  0
  1  0  0  1  0
  0  0  0  0  1
  1  1  1  0 -1
  1  0  0  1 -1
58 488 120 196
4810102121814818822424226228+18512665471508129721122121213+563870412051966
  1  0  0  0  0
  0  1  0  0  0
  0  0  1  0  0
  1  0  1  0  0
  0  1  1  0  0
  0  0  0  1  0
  1  0  0  1  0
  1  0  0  0 -1
  0  1  0  0 -1
  1  0  0  1 -1
60 440 144 72 max
18861261412201222624+65234636754854936115412+16398441445726
  1  0  0  0  0
  0  1  0  0  0
  0  0  1  0  0
  1  0  1  0  0
  0  1  1  0  0
  0  0  0  1  0
  1 -1  0  1  0
  0  0  0  0  1
  1  0  0  1 -1
  1  0  1  1 -1
54 420 136 136
884102121814216818420624228+185134666772836960113212+483770413651366
  1  0  0  0  0
  0  1  0  0  0
  0  0  1  0  0
  1  0  1  0  0
  0  1  1  0  0
  0  0  0  1  0
  1 -1  0  1  0
  1  0  0  0 -1
  0  1  0  0 -1
  1  0  0  1 -1
52 380 96 122
686104121214616818220422424+651406367128836918112412614+16376849651226
  1  0  0  0  0
  0  1  0  0  0
  0  0  1  0  0
  1  0  1  0  0
  0  0  0  1  0
  1  0  0  1  0
  1 -1  0  1  0
  1  0  1  1  0
  0  0  0  0  1
  1  0  0  0 -1
48 356 104 124
6821061216141018420222224+1251126427102848918111812614+243660410451246
  1  0  0  0  0
  0  1  0  0  0
  0  0  1  0  0
  1  0  1  0  0
  0  0  0  1  0
  1  0  0  1  0
  1 -1  0  1  0
  1  0  1  1  0
  0  0  0  0  1
  0  1  0  0 -1
48 356 104 124
68210101241410161218424+1251126367120836912112412614+243660410451246
  1  0  0  0  0
  0  1  0  0  0
  0  0  1  0  0
  1  0  1  0  0
  0  0  0  1  0
  1  0  0  1  0
  1 -1  0  1  0
  1  0  1  1  0
  0  0  0  0  1
  1  0  1  0 -1
52 380 120 114
6861061210144161018220422424+1251346367122842918112412614+243744412051146
  1  0  0  0  0
  0  1  0  0  0
  0  0  1  0  0
  1  0  1  0  0
  0  0  0  1  0
  1  0  0  1  0
  1 -1  0  1  0
  1  0  1  1  0
  0  0  0  0  1
  0  1  1  0 -1
54 426 112 156
488106121214216818822624+1851166427158812948112412614+403800411251566
  1  0  0  0  0
  0  1  0  0  0
  0  0  1  0  0
  1  0  1  0  0
  0  0  0  1  0
  1  0  0  1  0
  1 -1  0  1  0
  1  0  1  1  0
  1  0  0  0 -1
  0  1  0  0 -1
48 356 128 116
682101012814616418820422+2451006247126842912112412613+323636412851166
  1  0  0  0  0
  0  1  0  0  0
  0  0  1  0  0
  1  0  1  0  0
  0  0  0  1  0
  1  0  0  1  0
  1 -1  0  1  0
  0  0  0  0  1
  0  1  0  0 -1
  1  0  1  0 -1
52 398 136 112
2810106121014416618420622424+1251226367138836924113612+243774413651126
  1  0  0  0  0
  0  1  0  0  0
  0  0  1  0  0
  1  0  1  0  0
  0  0  0  1  0
  1  0  0  1  0
  1 -1  0  1  0
  0  0  0  0  1
  0  1  0  0 -1
  1  0  1  1 -1
50 374 144 104
684108128148162181020424+2451146247122836924113412+323690414451046
  1  0  0  0  0
  0  1  0  0  0
  0  0  1  0  0
  1  0  1  0  0
  0  0  0  1  0
  1  0  0  1  0
  1 -1  0  1  0
  0  0  0  0  1
  0  1  0  0 -1
  0  1  1 -1 -1
52 380 144 106
686108128146161020822+2451226247128848918112412613+323720414451066
  1  0  0  0  0
  0  1  0  0  0
  0  0  1  0  0
  1  0  1  0  0
  0  0  0  1  0
  1  0  0  1  0
  1 -1  0  1  0
  0  0  0  0  1
  0  1  1  0 -1
  0  1  1 -1 -1
52 402 144 146
48810812814416818420422224226+3059463671508249301122121213+563686414451466
  1  0  0  0  0
  0  1  0  0  0
  0  0  1  0  0
  1  0  1  0  0
  0  0  0  1  0
  1  0  0  1  0
  1 -1  0  1  0
  1  0  0  0 -1
  0  1  0  0 -1
  1  0  1  0 -1
52 402 120 154
488108126146161018220422224226+24510064271448249301122121213+483710412051546
  1  0  0  0  0
  0  1  0  0  0
  0  0  1  0  0
  1  0  1  0  0
  0  0  0  1  0
  1  0  0  1  0
  1 -1  0  1  0
  1  0  0  0 -1
  0  1  0  0 -1
  1  0  0  1 -1
50 356 152 98
10812121616820222226+3651206124848928121213+40363641525986
  1  0  0  0  0
  0  1  0  0  0
  0  0  1  0  0
  1  0  1  0  0
  0  0  0  1  0
  1  0  0  1  0
  0  1  0 -1  0
  0  1  1 -1  0
  0  0  0  0  1
  1  1  1  0 -1
56 464 128 200
16108128161618826+2459663672048361120122413+643774412852006
  1  0  0  0  0
  0  1  0  0  0
  0  0  1  0  0
  1  0  1  0  0
  0  0  0  1  0
  1  0  0  1  0
  0  1  0 -1  0
  0  1  1 -1  0
  0  1  0  0 -1
  1  0  0  1 -1
58 488 120 196
4810102121814818822424226228+12513266071568601134121213+563870412051966
  1  0  0  0  0
  0  1  0  0  0
  0  0  1  0  0
  1  0  1  0  0
  0  0  0  1  0
  1  0  0  1  0
  0  1  0 -1  0
  0  1  1 -1  0
  0  1  0  0 -1
  0  1  1 -1 -1
54 426 136 148
488106121214216818822624+1851166547134824942113012613+483776413651486
  1  0  0  0  0
  0  1  0  0  0
  0  0  1  0  0
  1  0  1  0  0
  0  0  0  1  0
  1  0  0  1  0
  0  1  0 -1  0
  0  0  0  0  1
  0  1  0  0 -1
  1  0  1  1 -1
52 380 144 106
686106121014616618420422424+1851286367116848912113012613+323720414451066
  1  0  0  0  0
  0  1  0  0  0
  0  0  1  0  0
  1  0  1  0  0
  0  0  0  1  0
  1  0  0  1  0
  0  1  0 -1  0
  0  0  0  0  1
  1  1  1  0 -1
  1  0  1  1 -1
54 398 160 92
108210812614816818622624+1851486247140818912115412+32377641605926
  1  0  0  0  0
  0  1  0  0  0
  0  0  1  0  0
  1  0  1  0  0
  0  0  0  1  0
  1  0  0  1  0
  0  1  1 -1  0
  0  0  0  0  1
  1  0  0  0 -1
  1  1  1  0 -1
56 464 128 200
16108128161618826+245966487168824948118122413+643774412852006
  1  0  0  0  0
  0  1  0  0  0
  0  0  1  0  0
  1  0  1  0  0
  0  0  0  1  0
  0  1  0 -1  0
  1  0  0  0 -1
  0  1  0  0 -1
  1  0  1  0 -1
  0  1  0 -1 -1
60 440 216 48 max
18812123022+245216614489012+40391242165486
  1  0  0  0  0
  0  1  0  0  0
  0  0  1  0  0
  0  0  0  1  0
  1 -1  0  1  0
  1  0  1  1  0
  0  0  0  0  1
  1  0  1  0 -1
  0  1  1  0 -1
  0  1  0 -1 -1

....layer 11: 40.42
54 442 104 178
688104128146161218220222424228+6513863071328489241128121214+163800410451786
  1  0  0  0  0
  0  1  0  0  0
  0  0  1  0  0
  1  0  1  0  0
  0  1  1  0  0
  0  0  0  1  0
  1  0  0  1  0
  1 -1  0  1  0
  1  0  1  1  0
  0  0  0  0  1
  1  0  0  0 -1
58 512 112 220
4810102121614216818822424428+12513663671688129601134121214+323902411252206
  1  0  0  0  0
  0  1  0  0  0
  0  0  1  0  0
  1  0  1  0  0
  0  1  1  0  0
  0  0  0  1  0
  1  0  0  1  0
  1 -1  0  1  0
  1  0  1  1  0
  1  0  0  0 -1
  0  1  0  0 -1
56 488 96 232
16106122148161618626228+125112636718082493611201212131214+32383049652326
  1  0  0  0  0
  0  1  0  0  0
  0  0  1  0  0
  1  0  1  0  0
  0  1  1  0  0
  0  0  0  1  0
  1  0  0  1  0
  1 -1  0  1  0
  1  0  1  1  0
  1  0  0  0 -1
  1  0  1  0 -1
56 460 120 160
1084101614616418620422424230+651666307114830930116212+163860412051606
  1  0  0  0  0
  0  1  0  0  0
  0  0  1  0  0
  1  0  1  0  0
  0  1  1  0  0
  0  0  0  1  0
  1  0  0  1  0
  1 -1  0  1  0
  0  1  1 -1  0
  0  0  0  0  1
  1  0  0  0 -1
58 512 112 220
4810102014818822424226230+6514264871568129421152121213+323902411252206
  1  0  0  0  0
  0  1  0  0  0
  0  0  1  0  0
  1  0  1  0  0
  0  1  1  0  0
  0  0  0  1  0
  1  0  0  1  0
  1 -1  0  1  0
  0  1  1 -1  0
  1  0  0  0 -1
  1  0  1  0 -1
56 460 144 152
1084102121214816818622426228+1251606247126824924116812+243836414451526
  1  0  0  0  0
  0  1  0  0  0
  0  0  1  0  0
  1  0  1  0  0
  0  1  1  0  0
  0  0  0  1  0
  1  0  0  1  0
  1 -1  0  1  0
  0  0  0  0  1
  1  0  0  0 -1
  0  1  0  0 -1
54 442 128 170
6881041210144161018420222224426+1251326307126854918113412613614+243776412851706
  1  0  0  0  0
  0  1  0  0  0
  0  0  1  0  0
  1  0  1  0  0
  0  1  1  0  0
  0  0  0  1  0
  1  0  0  1  0
  1 -1  0  1  0
  0  0  0  0  1
  1  0  0  0 -1
  1  0  1  0 -1
56 466 120 172
688102121414416618220622624226+651486307140842930114212614+163866412051726
  1  0  0  0  0
  0  1  0  0  0
  0  0  1  0  0
  1  0  1  0  0
  0  1  1  0  0
  0  0  0  1  0
  1  0  0  1  0
  1 -1  0  1  0
  0  0  0  0  1
  1  0  0  0 -1
  1  0  0  1 -1
56 460 144 152
1084102121214816418820424226228+125160636790848936115612+243836414451526
  1  0  0  0  0
  0  1  0  0  0
  0  0  1  0  0
  1  0  1  0  0
  0  1  1  0  0
  0  0  0  1  0
  1  0  0  1  0
  1 -1  0  1  0
  0  0  0  0  1
  1  0  1  0 -1
  0  1  1  0 -1
56 466 144 164
688104121214416218620822424226+1251426307134848924114812613+243842414451646
  1  0  0  0  0
  0  1  0  0  0
  0  0  1  0  0
  1  0  1  0  0
  0  1  1  0  0
  0  0  0  1  0
  1  0  0  1  0
  1 -1  0  1  0
  0  0  0  0  1
  1  0  1  0 -1
  0  1  1 -1 -1
58 512 136 212
4810102121614216818822224426228+12513664871448249481146121213+403878413652126
  1  0  0  0  0
  0  1  0  0  0
  0  0  1  0  0
  1  0  1  0  0
  0  1  1  0  0
  0  0  0  1  0
  1  0  0  1  0
  1 -1  0  1  0
  1  0  0  0 -1
  0  1  0  0 -1
  1  0  0  1 -1
58 512 112 220
4810102121614216818622624226228+1251366427150824960113412613614+323902411252206
  1  0  0  0  0
  0  1  0  0  0
  0  0  1  0  0
  1  0  1  0  0
  0  1  1  0  0
  0  0  0  1  0
  1  0  0  1  0
  1  0  1  1  0
  0  0  0  0  1
  1  0  0  0 -1
  0  1  0  0 -1
56 488 96 232
16108124162018826+12511264871448489481181212131214+32383049652326
  1  0  0  0  0
  0  1  0  0  0
  0  0  1  0  0
  1  0  1  0  0
  0  1  1  0  0
  0  0  0  1  0
  1  0  0  1  0
  1  0  1  1  0
  0  0  0  0  1
  0  1  0  0 -1
  0  1  1  0 -1
58 512 136 212
4810102121814418420822424226228+18513063671568249541140121213+403878413652126
  1  0  0  0  0
  0  1  0  0  0
  0  0  1  0  0
  1  0  1  0  0
  0  1  1  0  0
  0  0  0  1  0
  1  0  0  1  0
  0  1  1 -1  0
  0  0  0  0  1
  0  1  0  0 -1
  1  0  0  1 -1
56 466 144 164
688106126148168182221224+1251426247152836924114812614+243842414451646
  1  0  0  0  0
  0  1  0  0  0
  0  0  1  0  0
  1  0  1  0  0
  0  0  0  1  0
  1  0  0  1  0
  1 -1  0  1  0
  1  0  1  1  0
  0  0  0  0  1
  1  0  1  0 -1
  0  1  1  0 -1
54 442 152 162
688108124148161220422224226+24512061271508489121140121213+323752415251626
  1  0  0  0  0
  0  1  0  0  0
  0  0  1  0  0
  1  0  1  0  0
  0  0  0  1  0
  1  0  0  1  0
  1 -1  0  1  0
  0  0  0  0  1
  0  1  0  0 -1
  1  0  1  0 -1
  0  1  1  0 -1
56 488 144 216
16108128161218420826+24510062471928249241132122413+483782414452166
  1  0  0  0  0
  0  1  0  0  0
  0  0  1  0  0
  1  0  1  0  0
  0  0  0  1  0
  1  0  0  1  0
  1 -1  0  1  0
  1  0  0  0 -1
  0  1  0  0 -1
  1  0  1  0 -1
  1  0  0  1 -1

....layer 12: 40.42
60 552 128 236 max
6810102121014816818422624226428+6516262471508429361158121214+163952412852366
  1  0  0  0  0
  0  1  0  0  0
  0  0  1  0  0
  1  0  1  0  0
  0  1  1  0  0
  0  0  0  1  0
  1  0  0  1  0
  1 -1  0  1  0
  1  0  1  1  0
  0  0  0  0  1
  1  0  0  0 -1
  0  1  0  0 -1
58 528 112 248 max
2816104124144161618420426428+6513862471568609241132126131814+163880411252486
  1  0  0  0  0
  0  1  0  0  0
  0  0  1  0  0
  1  0  1  0  0
  0  1  1  0  0
  0  0  0  1  0
  1  0  0  1  0
  1 -1  0  1  0
  1  0  1  1  0
  0  0  0  0  1
  1  0  0  0 -1
  1  0  1  0 -1
60 552 128 236 max
6810101614416418420422824226230+651626247150842930116412613614+163952412852366
  1  0  0  0  0
  0  1  0  0  0
  0  0  1  0  0
  1  0  1  0  0
  0  1  1  0  0
  0  0  0  1  0
  1  0  0  1  0
  1 -1  0  1  0
  0  1  1 -1  0
  0  0  0  0  1
  1  0  0  0 -1
  1  0  1  0 -1
60 552 152 228 max
6810102121414416820822626228+12515662471448489241170121213+243928415252286
  1  0  0  0  0
  0  1  0  0  0
  0  0  1  0  0
  1  0  1  0  0
  0  1  1  0  0
  0  0  0  1  0
  1  0  0  1  0
  1 -1  0  1  0
  0  0  0  0  1
  1  0  1  0 -1
  0  1  1  0 -1
  0  1  1 -1 -1
58 528 160 232 max
2816108128161620826+2451206192848956122413+323832416052326
  1  0  0  0  0
  0  1  0  0  0
  0  0  1  0  0
  1  0  1  0  0
  0  0  0  1  0
  1  0  0  1  0
  1 -1  0  1  0
  0  0  0  0  1
  0  1  0  0 -1
  1  0  1  0 -1
  0  1  1  0 -1
  0  1  1 -1 -1

....layer 13: 40.42

