layer 0: 42.240
42 240 0 320
32101024+2808+40033206
   4   0   0   2   2
   4   0  -2   2
   4   2   2
   5   1
   5

....layer 1: 42.240
44 276 0 320
181016121024+2452108729+364310843206
  1  0  0  0  0

....layer 2: 42.240
46 320 0 320
121016128141024+245246152812091210+304324843206
  1  0  0  0  0
  0  1  0  0  0
46 312 10 320
121016128141024+48516489692410+338319641053206
  1  0  0  0  0
  0  0  1  0  0

....layer 3: 42.240
48 364 16 320
1010121212144161024+30536667118812094810+260335641653206
  1  0  0  0  0
  0  1  0  0  0
  0  0  1  0  0
48 356 20 320
1010121212144161024+485246124811494210611+288331642053206
  1  0  0  0  0
  0  1  0  0  0
  0  0  0  1  0
48 348 0 330
61024128161024+725118814492411+312329443306
  1  0  0  0  0
  0  0  1  0  0
  1  0 -1  0  0
48 348 30 320
1010121212144161024+72513689095410611+322326443053206
  1  0  0  0  0
  0  0  1  0  0
  0  0  0  1  0
48 348 30 320
141024141024+72514287297210+322326443053206
  1  0  0  0  0
  0  0  1  0  0
  1  0  1  1  1

....layer 4: 42.240
50 408 0 336
810121212144164181024+365546908144936102411+216348043366
  1  0  0  0  0
  0  1  0  0  0
  0  0  1  0  0
  1  0 -1  0  0
50 400 46 320
101081212148162181024+545366671028102966101811+254340444653206
  1  0  0  0  0
  0  1  0  0  0
  0  0  1  0  0
  0  0  0  1  0
50 408 42 320
101081212148162181024+365486127968108972101211+226344444253206
  1  0  0  0  0
  0  1  0  0  0
  0  0  1  0  0
  1  0  0  1  0
50 408 48 320
1210412121412161024+425366187108872910810+232343244853206
  1  0  0  0  0
  0  1  0  0  0
  0  0  1  0  0
  1  0  1  1  1
50 392 20 330
810121212144164181024+725246968126942101811612+272339442053306
  1  0  0  0  0
  0  1  0  0  0
  0  0  0  1  0
  1  0  0  1  0
50 400 40 320
121024144181024+48548610289698410612+248341644053206
  1  0  0  0  0
  0  1  0  0  0
  0  0  0  1  0
  1 -1  0  1  0
50 392 50 320
1210412121412161024+725246114878978101811+282336445053206
  1  0  0  0  0
  0  1  0  0  0
  0  0  0  1  0
  1  0  0  0  1
50 400 40 320
810161216161024+485486968120948102411+248341644053206
  1  0  0  0  0
  0  1  0  0  0
  0  0  0  1  0
  1  1  0  0  1
50 384 60 320
101081212148162181024+965120872972102411+316331246053206
  1  0  0  0  0
  0  0  1  0  0
  0  0  0  1  0
  0  1  0 -1  0

....layer 5: 42.240
52 452 36 336
101061212148164182201024+42566667808114966103011612+192354843653366
  1  0  0  0  0
  0  1  0  0  0
  0  0  1  0  0
  1  0 -1  0  0
  0  0  0  1  0
52 444 52 330
101061212148164182201024+6054861278081029781018111212+220350245253306
  1  0  0  0  0
  0  1  0  0  0
  0  0  1  0  0
  0  0  0  1  0
  1  0  0  1  0
52 452 78 320
1210212121412162182201024+425606187868789102101811612+202351247853206
  1  0  0  0  0
  0  1  0  0  0
  0  0  1  0  0
  0  0  0  1  0
  1 -1  0  1  0
52 436 56 330
101061212148164182201024+78536667868969721024111212+248346245653306
  1  0  0  0  0
  0  1  0  0  0
  0  0  1  0  0
  0  0  0  1  0
  0  1  0 -1  0
52 444 82 320
121041281412166181024+60548612792878978104211+230347248253206
  1  0  0  0  0
  0  1  0  0  0
  0  0  1  0  0
  0  0  0  1  0
  1  0  0  0  1
52 436 86 320
121041281412166181024+7853666798872972104811+258343248653206
  1  0  0  0  0
  0  1  0  0  0
  0  0  1  0  0
  0  0  0  1  0
  0  1  0  0  1
52 452 78 320
10108128148168181024+425606187808102966104211+202351247853206
  1  0  0  0  0
  0  1  0  0  0
  0  0  1  0  0
  0  0  0  1  0
  1  1  0  0  1
52 452 84 320
121041281412166181024+485486247928669102103011+208350048453206
  1  0  0  0  0
  0  1  0  0  0
  0  0  1  0  0
  0  0  0  1  0
  1  0  1  1  1
52 460 80 320
1010101220162201024+30560630780890990103011+180354048053206
  1  0  0  0  0
  0  1  0  0  0
  0  0  1  0  0
  1  0  0  1  0
  0  1 -1 -1  0
52 460 80 320
1210201410181024+30560630780890990103011+180354048053206
  1  0  0  0  0
  0  1  0  0  0
  0  0  1  0  0
  1  0  0  1  0
  0  1  1  0  1
52 436 20 340
101041216148164201024+725486748126948103611613+232350442053406
  1  0  0  0  0
  0  1  0  0  0
  0  0  0  1  0
  1  0  0  1  0
  1 -1  0  1  0
52 436 50 330
10108128148168181024+725486868969721024111212+242347445053306
  1  0  0  0  0
  0  1  0  0  0
  0  0  0  1  0
  1  0  0  1  0
  0  1  0  0  1
52 436 80 320
141081416164181024+7254861048489108102411612+252344448053206
  1  0  0  0  0
  0  1  0  0  0
  0  0  0  1  0
  1 -1  0  1  0
  1  0  0  0  1

....layer 6: 42.240
54 496 52 346
1210212101412164182202221024+48578612770896978104211612613+168362645253466
  1  0  0  0  0
  0  1  0  0  0
  0  0  1  0  0
  1  0 -1  0  0
  0  0  0  1  0
  1  0  0  1  0
54 504 84 336
121041261412168182221024+3657862477687291081024111812+156362448453366
  1  0  0  0  0
  0  1  0  0  0
  0  0  1  0  0
  1  0 -1  0  0
  0  0  0  1  0
  1 -1  0  1  0
54 496 40 352
1210181412182221024+485846768969841024112412+168363244053526
  1  0  0  0  0
  0  1  0  0  0
  0  0  1  0  0
  1  0 -1  0  0
  0  0  0  1  0
  0  1  0 -1  0
54 496 82 336
12104128148168184201024+485786127768909661054111212+178359648253366
  1  0  0  0  0
  0  1  0  0  0
  0  0  1  0  0
  1  0 -1  0  0
  0  0  0  1  0
  1  0  0  0  1
54 496 88 336
121061220166201024+545666187828729841048111212+184358448853366
  1  0  0  0  0
  0  1  0  0  0
  0  0  1  0  0
  1  0 -1  0  0
  0  0  0  1  0
  0  1  0  0  1
54 504 84 336
121021212148164186201024+365786247708969721048111212+156362448453366
  1  0  0  0  0
  0  1  0  0  0
  0  0  1  0  0
  1  0 -1  0  0
  0  0  0  1  0
  1  1  0  0  1
54 488 68 340
1210212101412164182202221024+665606187708849901030111212613+196358046853406
  1  0  0  0  0
  0  1  0  0  0
  0  0  1  0  0
  0  0  0  1  0
  1  0  0  1  0
  0  0  1  1  0
54 488 98 330
12104128148168184201024+665606187768789781042111812+206355049853306
  1  0  0  0  0
  0  1  0  0  0
  0  0  1  0  0
  0  0  0  1  0
  1  0  0  1  0
  0  1  0  0  1
54 496 100 330
12104128148168184201024+5456063077686691021030111812+1843578410053306
  1  0  0  0  0
  0  1  0  0  0
  0  0  1  0  0
  0  0  0  1  0
  1  0  0  1  0
  1  1  0  0  1
54 504 126 320
141061416166182221024+3657263678283691441012111812+1663588412653206
  1  0  0  0  0
  0  1  0  0  0
  0  0  1  0  0
  0  0  0  1  0
  1 -1  0  1  0
  0  1 -1 -1  0
54 496 130 320
1410212414121610182201024+545606307888429102105411612+1943548413053206
  1  0  0  0  0
  0  1  0  0  0
  0  0  1  0  0
  0  0  0  1  0
  1 -1  0  1  0
  1  0  0  0  1
54 488 128 320
1410212414121610182201024+66560618788854978106611612+2163520412853206
  1  0  0  0  0
  0  1  0  0  0
  0  0  1  0  0
  0  0  0  1  0
  1 -1  0  1  0
  0  1  0  0  1
54 504 132 320
141081412166184201024+425606427828489108104811612+1723576413253206
  1  0  0  0  0
  0  1  0  0  0
  0  0  1  0  0
  0  0  0  1  0
  1 -1  0  1  0
  0  0  1  0  1
54 504 126 320
12104128148168184201024+36572636770884972106011612+1663588412653206
  1  0  0  0  0
  0  1  0  0  0
  0  0  1  0  0
  0  0  0  1  0
  1 -1  0  1  0
  0  1  1  0  1
54 504 132 320
121061241481612182201024+42560642776872972107211+1723576413253206
  1  0  0  0  0
  0  1  0  0  0
  0  0  1  0  0
  0  0  0  1  0
  1  0  0  0  1
  0  1  1  0  1
54 496 136 320
1410121418181024+60548636788848984107211+2003536413653206
  1  0  0  0  0
  0  1  0  0  0
  0  0  1  0  0
  0  0  0  1  0
  0  1  0  0  1
  1  0  1  1  1
54 480 0 360
1210121416164221024+725726528144918107211614+192362443606
  1  0  0  0  0
  0  1  0  0  0
  0  0  0  1  0
  1  0  0  1  0
  1 -1  0  1  0
  0  1  0 -1  0
54 480 60 340
12104128148168184201024+725726768789841036111212613+212356446053406
  1  0  0  0  0
  0  1  0  0  0
  0  0  0  1  0
  1  0  0  1  0
  1 -1  0  1  0
  0  1  0  0  1
54 480 120 320
1610161612181024+72572610681441024111812+2323504412053206
  1  0  0  0  0
  0  1  0  0  0
  0  0  0  1  0
  1 -1  0  1  0
  1  0  0  0  1
  0  1  0  0  1

....layer 7: 42.240
56 548 68 362
141081410168184201224+42596618772866910210421112121213+132371846853626
  1  0  0  0  0
  0  1  0  0  0
  0  0  1  0  0
  1  0 -1  0  0
  0  0  0  1  0
  1  0  0  1  0
  1 -1  0  1  0
56 540 48 366
141061414168182221224+545906187608909721054111812614+144371444853666
  1  0  0  0  0
  0  1  0  0  0
  0  0  1  0  0
  1  0 -1  0  0
  0  0  0  1  0
  1  0  0  1  0
  0  0  1  1  0
56 556 100 352
1410212414101612182201224+3059663077884291321024112412613+1203716410053526
  1  0  0  0  0
  0  1  0  0  0
  0  0  1  0  0
  1  0 -1  0  0
  0  0  0  1  0
  1  0  0  1  0
  0  1 -1 -1  0
56 548 116 346
141021241412168182204221024+485786367728609901054111812613+1483670411653466
  1  0  0  0  0
  0  1  0  0  0
  0  0  1  0  0
  1  0 -1  0  0
  0  0  0  1  0
  1  0  0  1  0
  0  1  0  0  1
56 540 108 346
14102126148168186202221024+545906187728729661066111812613+1643654410853466
  1  0  0  0  0
  0  1  0  0  0
  0  0  1  0  0
  1  0 -1  0  0
  0  0  0  1  0
  1  0  0  1  0
  0  0  1  0  1
56 556 100 352
141081412164184204221024+305966307668909601072111212613+1203716410053526
  1  0  0  0  0
  0  1  0  0  0
  0  0  1  0  0
  1  0 -1  0  0
  0  0  0  1  0
  1  0  0  1  0
  0  1  1  0  1
56 548 146 336
141041221481612184202221024+485786367788549781066112412+1583640414653366
  1  0  0  0  0
  0  1  0  0  0
  0  0  1  0  0
  1  0 -1  0  0
  0  0  0  1  0
  1 -1  0  1  0
  1  0  0  0  1
56 556 148 336
14102126148168186202221024+365786487728609841060112412+1363668414853366
  1  0  0  0  0
  0  1  0  0  0
  0  0  1  0  0
  1  0 -1  0  0
  0  0  0  1  0
  1 -1  0  1  0
  0  0  1  0  1
56 548 98 352
141010148164188202221024+425966187728789781042113612+142368849853526
  1  0  0  0  0
  0  1  0  0  0
  0  0  1  0  0
  1  0 -1  0  0
  0  0  0  1  0
  0  1  0 -1  0
  1  0  0  0  1
56 540 96 350
141021222166201224+6057263676685491081048111813+160366649653506
  1  0  0  0  0
  0  1  0  0  0
  0  0  1  0  0
  0  0  0  1  0
  1  0  0  1  0
  0  0  1  1  0
  0  1  0 -1  0
56 540 126 340
1410121416184221024+605726367668669841048112412613+1703636412653406
  1  0  0  0  0
  0  1  0  0  0
  0  0  1  0  0
  0  0  0  1  0
  1  0  0  1  0
  0  0  1  1  0
  0  1  0  0  1
56 540 126 340
14102126148168186202221024+6057263677284891021042112412613+1703636412653406
  1  0  0  0  0
  0  1  0  0  0
  0  0  1  0  0
  0  0  0  1  0
  1  0  0  1  0
  0  0  1  1  0
  1  0  1  1  1
56 540 156 330
1410412161612201024+605726367728609721060113012+1803606415653306
  1  0  0  0  0
  0  1  0  0  0
  0  0  1  0  0
  0  0  0  1  0
  1  0  0  1  0
  0  1  0  0  1
  0  0  1  0  1
56 548 164 330
141021281441681810201024+545606547728549781066112412+1643622416453306
  1  0  0  0  0
  0  1  0  0  0
  0  0  1  0  0
  0  0  0  1  0
  1  0  0  1  0
  0  1  0  0  1
  1  0  1  1  1
56 556 196 320
1610214121610184202221024+4256066678481291201060111812+1523620419653206
  1  0  0  0  0
  0  1  0  0  0
  0  0  1  0  0
  0  0  0  1  0
  1 -1  0  1  0
  0  1 -1 -1  0
  1  0  0  0  1
56 540 186 320
161061422182221024+605726367848369721084111812+1903576418653206
  1  0  0  0  0
  0  1  0  0  0
  0  0  1  0  0
  0  0  0  1  0
  1 -1  0  1  0
  0  1 -1 -1  0
  0  1  0  0  1
56 540 186 320
161021281614186201024+605726367908189901078111812+1903576418653206
  1  0  0  0  0
  0  1  0  0  0
  0  0  1  0  0
  0  0  0  1  0
  1 -1  0  1  0
  1  0  0  0  1
  0  1  0  0  1
56 548 194 320
161041481610188201024+545606547848309781090111212+1743592419453206
  1  0  0  0  0
  0  1  0  0  0
  0  0  1  0  0
  0  0  0  1  0
  1 -1  0  1  0
  1  0  0  0  1
  0  0  1  0  1
56 556 196 320
141041241441612188201024+425606667728609481010811612+1523620419653206
  1  0  0  0  0
  0  1  0  0  0
  0  0  1  0  0
  0  0  0  1  0
  1 -1  0  1  0
  1  0  0  0  1
  0  1  1  0  1

....layer 8: 42.240
58 600 64 388
1610214121610184202221024226+365114624774848910210601112121213614+96382046453886
  1  0  0  0  0
  0  1  0  0  0
  0  0  1  0  0
  1  0 -1  0  0
  0  0  0  1  0
  1  0  0  1  0
  1 -1  0  1  0
  0  0  1  1  0
58 608 84 384
161041481610188201024226+24512062478682491321048116122413+84382448453846
  1  0  0  0  0
  0  1  0  0  0
  0  0  1  0  0
  1  0 -1  0  0
  0  0  0  1  0
  1  0  0  1  0
  1 -1  0  1  0
  0  1 -1 -1  0
58 600 142 362
16106146168188202221224+4259664277484898410601130121213+1223742414253626
  1  0  0  0  0
  0  1  0  0  0
  0  0  1  0  0
  1  0 -1  0  0
  0  0  0  1  0
  1  0  0  1  0
  1 -1  0  1  0
  0  1  0  0  1
58 608 132 368
161041410168184204221224+30510264277486097210721124121213+1003776413253686
  1  0  0  0  0
  0  1  0  0  0
  0  0  1  0  0
  1  0 -1  0  0
  0  0  0  1  0
  1  0  0  1  0
  1 -1  0  1  0
  0  1  1  0  1
58 600 112 372
161041481612184201424+425966427688609781060113612614+1123772411253726
  1  0  0  0  0
  0  1  0  0  0
  0  0  1  0  0
  1  0 -1  0  0
  0  0  0  1  0
  1  0  0  1  0
  0  0  1  1  0
  0  1  0  0  1
58 608 180 352
161021221461612186202221224+365846607808309961060113612613+1163728418053526
  1  0  0  0  0
  0  1  0  0  0
  0  0  1  0  0
  1  0 -1  0  0
  0  0  0  1  0
  1  0  0  1  0
  0  1 -1 -1  0
  0  1  0  0  1
58 600 172 352
1610212414216121810201224+425966427808429721072113612613+1323712417253526
  1  0  0  0  0
  0  1  0  0  0
  0  0  1  0  0
  1  0 -1  0  0
  0  0  0  1  0
  1  0  0  1  0
  0  1 -1 -1  0
  0  0  1  0  1
58 600 160 356
1610212101612182204221224+4857866077483099610721112121813+1283724416053566
  1  0  0  0  0
  0  1  0  0  0
  0  0  1  0  0
  1  0 -1  0  0
  0  0  0  1  0
  1  0  0  1  0
  0  1  0  0  1
  1  1  0  0  1
58 600 190 346
16102122148168186206221024+485786607748429721072113612613+1383694419053466
  1  0  0  0  0
  0  1  0  0  0
  0  0  1  0  0
  1  0 -1  0  0
  0  0  0  1  0
  1  0  0  1  0
  0  1  0  0  1
  0  0  1  0  1
58 600 124 368
161041412164184208221024+3651146247748669721048114812613+1163760412453686
  1  0  0  0  0
  0  1  0  0  0
  0  0  1  0  0
  1  0 -1  0  0
  0  0  0  1  0
  1  0  0  1  0
  0  0  1  0  1
  0  1  1  0  1
58 600 220 336
161041241612188204221024+485786607808369601084114212+1483664422053366
  1  0  0  0  0
  0  1  0  0  0
  0  0  1  0  0
  1  0 -1  0  0
  0  0  0  1  0
  1 -1  0  1  0
  1  0  0  0  1
  0  1  0  0  1
58 608 228 336
161021241441681810204221024+425666787748489481096113612+1323680422853366
  1  0  0  0  0
  0  1  0  0  0
  0  0  1  0  0
  1  0 -1  0  0
  0  0  0  1  0
  1 -1  0  1  0
  1  0  0  0  1
  0  1  1  0  1
58 608 180 352
16106148164188206221024+365846607748489841048115412+1163728418053526
  1  0  0  0  0
  0  1  0  0  0
  0  0  1  0  0
  1  0 -1  0  0
  0  0  0  1  0
  1 -1  0  1  0
  0  0  1  0  1
  0  1  1  0  1
58 600 208 340
161081441641812204221024+545606787688429721072113612613+1443676420853406
  1  0  0  0  0
  0  1  0  0  0
  0  0  1  0  0
  0  0  0  1  0
  1  0  0  1  0
  0  0  1  1  0
  0  1  0  0  1
  1  0  1  1  1
58 600 268 320
1810214416101812202221024+5456067878681296010108113012+1643616426853206
  1  0  0  0  0
  0  1  0  0  0
  0  0  1  0  0
  0  0  0  1  0
  1 -1  0  1  0
  0  1 -1 -1  0
  1  0  0  0  1
  0  1  0  0  1
58 608 276 320
181081610188204221024+485486967868841096113012+1483632427653206
  1  0  0  0  0
  0  1  0  0  0
  0  0  1  0  0
  0  0  0  1  0
  1 -1  0  1  0
  0  1 -1 -1  0
  1  0  0  0  1
  0  0  1  0  1

....layer 9: 42.240
60 660 48 426
181081612186204221024228+185144618794818910810841118131214+48394244854266
  1  0  0  0  0
  0  1  0  0  0
  0  0  1  0  0
  1  0 -1  0  0
  0  0  0  1  0
  1  0  0  1  0
  1 -1  0  1  0
  0  0  1  1  0
  0  1  0 -1  0
60 660 144 394
181021461610188202221224226+30510865478283697810721136121213614+803846414453946
  1  0  0  0  0
  0  1  0  0  0
  0  0  1  0  0
  1  0 -1  0  0
  0  0  0  1  0
  1  0  0  1  0
  1 -1  0  1  0
  0  0  1  1  0
  0  1  0  0  1
60 660 174 384
181041441661812204221024226+30510865478882498410721130122413+903816417453846
  1  0  0  0  0
  0  1  0  0  0
  0  0  1  0  0
  1  0 -1  0  0
  0  0  0  1  0
  1  0  0  1  0
  1 -1  0  1  0
  0  1 -1 -1  0
  0  1  0  0  1
60 660 240 362
18104146164188208221224+4257269077683696010721154121213+1123750424053626
  1  0  0  0  0
  0  1  0  0  0
  0  0  1  0  0
  1  0 -1  0  0
  0  0  0  1  0
  1  0  0  1  0
  1 -1  0  1  0
  0  1  0  0  1
  0  0  1  0  1
60 660 174 384
18102148168184206221424+30510865478284297210601148121813+903816417453846
  1  0  0  0  0
  0  1  0  0  0
  0  0  1  0  0
  1  0 -1  0  0
  0  0  0  1  0
  1  0  0  1  0
  1 -1  0  1  0
  0  1  0  0  1
  0  1  1  0  1
60 660 240 362
181021241612186204221424+4257269078281897210841136121813+1123750424053626
  1  0  0  0  0
  0  1  0  0  0
  0  0  1  0  0
  1  0 -1  0  0
  0  0  0  1  0
  1  0  0  1  0
  0  1 -1 -1  0
  0  1  0  0  1
  1  1  0  0  1
60 660 270 352
181021221421681810206221224+425726907828309481084116012613+1223720427053526
  1  0  0  0  0
  0  1  0  0  0
  0  0  1  0  0
  1  0 -1  0  0
  0  0  0  1  0
  1  0  0  1  0
  0  1 -1 -1  0
  0  1  0  0  1
  0  0  1  0  1
60 660 366 320
201041661812208221024+54536612678883610120115412+1543624436653206
  1  0  0  0  0
  0  1  0  0  0
  0  0  1  0  0
  0  0  0  1  0
  1 -1  0  1  0
  0  1 -1 -1  0
  1  0  0  0  1
  0  1  0  0  1
  0  0  1  0  1

....layer 10: 42.240
62 720 0 480 max
2010201810221024230+180612089010120113014+108044806
  1  0  0  0  0
  0  1  0  0  0
  0  0  1  0  0
  1  0 -1  0  0
  0  0  0  1  0
  1  0  0  1  0
  1 -1  0  1  0
  0  0  1  1  0
  0  1  0 -1  0
  0  1 -1 -1  0
62 720 144 432 max
201081618201424228+1851266547102818972108411361218131214+483936414454326
  1  0  0  0  0
  0  1  0  0  0
  0  0  1  0  0
  1  0 -1  0  0
  0  0  0  1  0
  1  0  0  1  0
  1 -1  0  1  0
  0  0  1  1  0
  0  1  0 -1  0
  0  1  1  0  1
62 720 192 416 max
2010214161810221024426+24510867279682496610721148122413614+643888419254166
  1  0  0  0  0
  0  1  0  0  0
  0  0  1  0  0
  1  0 -1  0  0
  0  0  0  1  0
  1  0  0  1  0
  1 -1  0  1  0
  0  0  1  1  0
  0  1  0  0  1
  0  1  1  0  1
62 720 288 384 max
2010414101816221024226+36572610879082494810721166122413+963792428853846
  1  0  0  0  0
  0  1  0  0  0
  0  0  1  0  0
  1  0 -1  0  0
  0  0  0  1  0
  1  0  0  1  0
  1 -1  0  1  0
  0  1 -1 -1  0
  0  1  0  0  1
  0  0  1  0  1
62 720 240 400 max
2010101612202024+3059069079083096010601160123013+803840424054006
  1  0  0  0  0
  0  1  0  0  0
  0  0  1  0  0
  1  0 -1  0  0
  0  0  0  1  0
  1  0  0  1  0
  1 -1  0  1  0
  0  1  0  0  1
  0  0  1  0  1
  0  1  1  0  1
62 720 336 368 max
201021241618201824+42554612679081893610841172121813+1123744433653686
  1  0  0  0  0
  0  1  0  0  0
  0  0  1  0  0
  1  0 -1  0  0
  0  0  0  1  0
  1  0  0  1  0
  0  1 -1 -1  0
  0  1  0  0  1
  1  1  0  0  1
  0  0  1  0  1
62 720 480 320 max
2210101820221024+6051807908120119012+1603600448053206
  1  0  0  0  0
  0  1  0  0  0
  0  0  1  0  0
  0  0  0  1  0
  1 -1  0  1  0
  0  1 -1 -1  0
  1  0  0  0  1
  0  1  0  0  1
  0  0  1  0  1
  1  0  1  1  1

....layer 11: 42.240

