....layer 0: 10.32
10 32 0 0
108+406+804
   1   0   0   0   0
   1   0   0   0
   1   0   0
   1   0
   1

....layer 1: 10.32
12 48 0 8
68610+426128+108486
  1 -1  0  0  0
16 56 0 0
128414+726412+1584
  1  1  1  0  0
22 60 0 0
208220+1006+1904
  1  1  1  1  0
30 62 0 0
308+1206+2104
  1  1  1  1  1

....layer 2: 10.32
16 72 0 16
88410414+606168412+1624166
  1 -1  0  0  0
  1  0 -1  0  0
14 72 0 24
1210212+366368+1444246
  1 -1  0  0  0
  0  0  1 -1  0
22 84 0 12
128610214220+906188412+2264126
  1 -1  0  0  0
  1  0  1  1  0
18 84 0 14
1210614+726248612+2164146
  1 -1  0  0  0
  0  0  1  1  1
30 90 0 14
1681210220+1206248+2684146
  1 -1  0  0  0
  1  0  1  1  1
24 92 0 0
168614222+11661212+2764
  1  1  1  0  0
  1  1  0  1  0
30 98 0 0
1881214+14461212+3184
  1  1  1  0  0
  1  0  0  1  1
34 102 0 0
248614420+1726612+3504
  1  1  1  0  0
  1  1  0  1  1

....layer 3: 10.32
24 108 0 24
168614222+10461281212+2604246
  1 -1  0  0  0
  1  0 -1  0  0
  1  0  0 -1  0
18 96 0 32
68810416+606328414+1924326
  1 -1  0  0  0
  1  0 -1  0  0
  0  1 -1  0  0
22 108 0 32
88810414220+806328812+2424326
  1 -1  0  0  0
  1  0 -1  0  0
  0  1  0 -1  0
18 108 0 42
810412614+486528612+2164426
  1 -1  0  0  0
  1  0 -1  0  0
  0  0  0  1 -1
34 126 0 24
248614420+14462481012+3504246
  1 -1  0  0  0
  1  0 -1  0  0
  1  0  0  1  1
30 126 0 26
1286101014220+12663081212+3404266
  1 -1  0  0  0
  1  0 -1  0  0
  0  1  0  1  1
30 126 0 36
881610212420+1046568412+3224366
  1 -1  0  0  0
  0  0  1 -1  0
  1  0  1  0  1
26 120 0 24
108810614224+10662881212+3064246
  1 -1  0  0  0
  1  0  1  1  0
  0  1  1  0  0
34 138 0 18
168810414420222+15262881412+4044186
  1 -1  0  0  0
  1  0  1  1  0
  1  0  1  0  1
38 144 0 18
168810814620+18062881212+4464186
  1 -1  0  0  0
  1  0  1  1  0
  0  1  1  0  1
36 132 0 28
1481210614420+1566368612+3824286
  1 -1  0  0  0
  1  0  1  1  1
  0  1  1  0  0
40 146 0 0
328822+19262412+4644
  1  1  1  0  0
  1  1  0  1  0
  1  1  0  0  1
38 152 0 0
1881614422+20062812+4964
  1  1  1  0  0
  1  1  0  1  0
  1  0  1  0  1

....layer 4: 10.32
40 162 0 32
328822+19262412+4324326
  1 -1  0  0  0
  1  0 -1  0  0
  1  0  0 -1  0
  1  0  0  0 -1
26 144 0 52
881010414216224+926468812414+3024526
  1 -1  0  0  0
  1  0 -1  0  0
  1  0  0 -1  0
  0  1 -1  0  0
34 162 0 50
168810414420222+13664081812+3884506
  1 -1  0  0  0
  1  0 -1  0  0
  1  0  0 -1  0
  0  1  0  0 -1
20 144 0 72
610812616+366848614+2524726
  1 -1  0  0  0
  1  0 -1  0  0
  0  1 -1  0  0
  0  0  0  1 -1
36 168 0 52
1281210214616420+1386608612614+4184526
  1 -1  0  0  0
  1  0 -1  0  0
  0  1 -1  0  0
  1  0  0  1  1
28 156 0 48
888101014226+10864082012+3524486
  1 -1  0  0  0
  1  0 -1  0  0
  0  1  0 -1  0
  0  0  1 -1  0
30 162 0 60
88810212814420+10466081612+3624606
  1 -1  0  0  0
  1  0 -1  0  0
  0  1  0 -1  0
  0  0  1  0 -1
38 180 0 48
1281210814420224+15465482012+4684486
  1 -1  0  0  0
  1  0 -1  0  0
  1  0  0  1  1
  0  1  0  1  0
38 180 0 38
1682101614222224+17662882812+4864386
  1 -1  0  0  0
  1  0 -1  0  0
  0  1  0  1  1
  1  0  0  1  0
40 186 0 50
12810101014820+17465681812+5024506
  1 -1  0  0  0
  1  0 -1  0  0
  0  1  0  1  1
  0  0  1  1  0
42 198 0 36
1488101214420222224+19464482812+5664366
  1 -1  0  0  0
  1  0 -1  0  0
  0  1  0  1  1
  0  0  1  1  1
30 162 0 62
2410620+9667281212+3604626
  1 -1  0  0  0
  0  0  1 -1  0
  1  0  1  0  1
  1  0  1  0  0
36 180 0 60
881410412414420224+12468081412+4424606
  1 -1  0  0  0
  0  0  1 -1  0
  1  0  1  0  1
  0  1  0  0  1
44 204 0 48
12812102126141220+19267281812+5824486
  1 -1  0  0  0
  0  0  1 -1  0
  1  0  1  0  1
  0  1  0  1  1
42 192 0 36
1681610214422424+17664882612+5324366
  1 -1  0  0  0
  1  0  1  1  0
  0  1  1  0  0
  1  0  1  0  1
48 230 0 0
18818141222+27665412+7564
  1  1  1  0  0
  1  1  0  1  0
  1  0  1  0  1
  1  0  0  1  1

....layer 5: 10.32
42 216 0 76
1681610214422424+16865682212414+5004766
  1 -1  0  0  0
  1  0 -1  0  0
  1  0  0 -1  0
  1  0  0  0 -1
  0  1 -1  0  0
30 192 0 80
681210614416228+10266481212814+3784806
  1 -1  0  0  0
  1  0 -1  0  0
  1  0  0 -1  0
  0  1 -1  0  0
  0  1  0 -1  0
38 216 0 86
881610814220424+13667682012414+4744866
  1 -1  0  0  0
  1  0 -1  0  0
  1  0  0 -1  0
  0  1 -1  0  0
  0  1  0  0  1
38 216 0 84
1682121614424+14466482412414+4764846
  1 -1  0  0  0
  1  0 -1  0  0
  1  0  0 -1  0
  0  1 -1  0  0
  0  1 -1  0  1
36 216 0 96
881210412214416420224+11269481412614+4504966
  1 -1  0  0  0
  1  0 -1  0  0
  1  0  0 -1  0
  0  1 -1  0  0
  0  0  0  1  1
44 240 0 80
1081410814416420424+17668282212614+5904806
  1 -1  0  0  0
  1  0 -1  0  0
  1  0  0 -1  0
  0  1 -1  0  0
  0  1  0 -1  1
42 234 0 78
12810101214420222226+17466083612+5604786
  1 -1  0  0  0
  1  0 -1  0  0
  1  0  0 -1  0
  0  1  0  0 -1
  1 -1 -1  0  1
46 252 0 72
10816101214222424226+18867284012+6404726
  1 -1  0  0  0
  1  0 -1  0  0
  0  1 -1  0  0
  1  0  0  1  1
  0  1  0 -1  1
32 204 0 72
1281814230+13263683612+4324726
  1 -1  0  0  0
  1  0 -1  0  0
  0  1  0 -1  0
  0  0  1 -1  0
  1 -1 -1  1  0
40 234 0 90
8812102121014620226+14468683012+5344906
  1 -1  0  0  0
  1  0 -1  0  0
  0  1  0 -1  0
  0  0  1 -1  0
  1 -1  0  0  1
48 258 0 72
2081614820222226+21666484012+6764726
  1 -1  0  0  0
  1  0 -1  0  0
  0  1  0 -1  0
  0  0  1 -1  0
  1 -1 -1  1  1
46 258 0 84
10812102121014820424+18469283412+6504846
  1 -1  0  0  0
  1  0 -1  0  0
  0  1  0 -1  0
  0  0  1  0 -1
  1 -1 -1  1  1
42 240 0 90
108101010141220+17068083012+5704906
  1 -1  0  0  0
  1  0 -1  0  0
  0  1  0 -1  0
  0  0  1  0 -1
  0  1 -1 -1  1
50 276 0 54
1486101814622624+24864885412+7744546
  1 -1  0  0  0
  1  0 -1  0  0
  0  1  0  1  1
  1  0  0  1  0
  0  1 -1  0  1
48 264 0 86
12812106141820+20469683012+6844866
  1 -1  0  0  0
  1  0 -1  0  0
  0  1  0  1  1
  0  0  1  1  0
  1  0 -1  0  1
44 252 0 96
881610812414824+136612082812+5904966
  1 -1  0  0  0
  1  0 -1  0  0
  0  1  0  1  1
  0  0  1  1  0
  1 -1  0  1 -1
60 332 0 0 max
3083022+36069012+10804
  1  1  1  0  0
  1  1  0  1  0
  1  0  1  0  1
  1  0  0  1  1
  1  1  1  1  1

....layer 6: 10.32
46 288 0 122
8818101214222424228+17269283212814+61841226
  1 -1  0  0  0
  1  0 -1  0  0
  1  0  0 -1  0
  1  0  0  0 -1
  0  1 -1  0  0
  0  1  0 -1  0
44 288 0 144
881610812416824+1246136816121214+57041446
  1 -1  0  0  0
  1  0 -1  0  0
  1  0  0 -1  0
  1  0  0  0 -1
  0  1 -1  0  0
  0  0  0  1 -1
32 240 0 120
20101016230+90610082014+42041206
  1 -1  0  0  0
  1  0 -1  0  0
  1  0  0 -1  0
  0  1 -1  0  0
  0  1  0 -1  0
  0  0  1 -1  0
44 288 0 132
881410212814416420224228+1486110826121014+59441326
  1 -1  0  0  0
  1  0 -1  0  0
  1  0  0 -1  0
  0  1 -1  0  0
  0  1  0 -1  0
  0  0  1  0  1
48 312 0 122
2610614816624228+1746120830121214+70841226
  1 -1  0  0  0
  1  0 -1  0  0
  1  0  0 -1  0
  0  1 -1  0  0
  0  1  0 -1  0
  0  0  1 -1  1
48 312 0 132
8814102121014216620424226+176611483812614+69041326
  1 -1  0  0  0
  1  0 -1  0  0
  1  0  0 -1  0
  0  1 -1  0  0
  0  1  0  0  1
  0  0  0  1  1
52 336 0 120
88121021216142161224+210611284812614+80641206
  1 -1  0  0  0
  1  0 -1  0  0
  1  0  0 -1  0
  0  1 -1  0  0
  0  1 -1  0  1
  1 -1 -1  1  1
52 330 0 108
10812101814622626+23267286612+80041086
  1 -1  0  0  0
  1  0 -1  0  0
  1  0  0 -1  0
  0  1 -1  0  0
  0  0  0  1  1
  1  1  0 -1  1
50 330 0 132
8812104121414420424426+180612085412+75041326
  1 -1  0  0  0
  1  0 -1  0  0
  1  0  0 -1  0
  0  1 -1  0  0
  0  1  0 -1  1
  0  1 -1  1  1
48 306 0 120
1684101614820222230+20067285612+68441206
  1 -1  0  0  0
  1  0 -1  0  0
  1  0  0 -1  0
  0  1  0  0 -1
  1 -1 -1  0  1
  0  0  1  0 -1
52 336 0 132
12812108141620224226+206611685212+78641326
  1 -1  0  0  0
  1  0 -1  0  0
  0  1  0 -1  0
  0  0  1 -1  0
  1 -1  0  0  1
  1 -1 -1  1  1

....layer 7: 10.32
48 360 0 186
2410212614816624230+1446154818122414+68441866
  1 -1  0  0  0
  1  0 -1  0  0
  1  0  0 -1  0
  1  0  0  0 -1
  0  1 -1  0  0
  0  1  0 -1  0
  0  0  1 -1  0
54 384 0 170
6818101814622628+2166108854121214+81041706
  1 -1  0  0  0
  1  0 -1  0  0
  1  0  0 -1  0
  1  0  0  0 -1
  0  1 -1  0  0
  0  1  0 -1  0
  0  1  0  0 -1
52 384 0 192
6816104121014416420424428+1686152838121614+76241926
  1 -1  0  0  0
  1  0 -1  0  0
  1  0  0 -1  0
  1  0  0  0 -1
  0  1 -1  0  0
  0  1  0 -1  0
  0  0  1  0 -1
54 408 0 186 
4814104121614416624426228+1906148856121214+85841866
  1 -1  0  0  0
  1  0 -1  0  0
  1  0  0 -1  0
  0  1 -1  0  0
  0  1  0 -1  0
  0  0  1  0  1
  0  0  0  1  1
56 408 0 186 max
128121012141220624230+216612686612614+86441866
  1 -1  0  0  0
  1  0 -1  0  0
  1  0  0 -1  0
  0  1 -1  0  0
  0  1  0  0  1
  0  0  0  1  1
  1 -1  0 -1 -1
56 426 0 192
12881224141226+192614488412+90041926
    4   -1   -1   -1   -1
    4   -1   -1    0
    4    0   -1
    4   -1
    4
58 432 0 192 max
10816108141620826+216614488012+93641926
  1 -1  0  0  0
  1  0 -1  0  0
  0  1  0 -1  0
  0  0  1 -1  0
  1 -1  0  0  1
  1 -1 -1  1  1
  1  0 -1  0  1

....layer 8: 10.32
56 480 0 264
18106121214816624428230+1626202836123214+88242646
  1 -1  0  0  0
  1  0 -1  0  0
  1  0  0 -1  0
  1  0  0  0 -1
  0  1 -1  0  0
  0  1  0 -1  0
  0  0  1 -1  0
  0  1  0  0 -1
58 504 0 264
488108121814816426828+1806192862122414+96042646
  1 -1  0  0  0
  1  0 -1  0  0
  1  0  0 -1  0
  1  0  0  0 -1
  0  1 -1  0  0
  0  1  0 -1  0
  0  0  1  0 -1
  0  0  0  1 -1

....layer 9: 10.32
60 600 0 360
810121212141616828430+1446264836125214+101443606
  1 -1  0  0  0
  1  0 -1  0  0
  1  0  0 -1  0
  1  0  0  0 -1
  0  1 -1  0  0
  0  1  0 -1  0
  0  0  1 -1  0
  0  1  0  0 -1
  0  0  1  0 -1

....layer 10: 10.32
62 720 0 480 max
201230161230+90636089014+108044806
  1 -1  0  0  0
  1  0 -1  0  0
  1  0  0 -1  0
  1  0  0  0 -1
  0  1 -1  0  0
  0  1  0 -1  0
  0  0  1 -1  0
  0  1  0  0 -1
  0  0  1  0 -1
  0  0  0  1 -1

....layer 11: 10.32

