return [ [ 1, 2, 2, 2, 3, 7, 12, 12, 14, 23, 32, 52, 55, 61, 72, 73, 75, 136, 148, 154, 198, 200, 250, 254, 291, 294 
     ], [ 1, 1, 3, 4, 4, 5, 10, 13, 13, 14, 14, 22, 25, 33, 53, 54, 59, 135, 138, 140, 199, 249, 256, 292, 451 ], 
  [ 3, 5, 7, 7, 8, 8, 10, 15, 15, 24, 28, 34, 56, 58, 62, 137, 141, 149, 201, 251, 258, 295, 455 ], 
  [ 4, 5, 6, 6, 6, 8, 9, 9, 9, 11, 11, 26, 27, 29, 57, 60, 63, 139, 142, 150, 152, 202, 231, 231, 231, 257, 261, 452 
     ], [ 10, 11, 30, 64, 151, 206, 260 ], [ 12, 13, 15, 31, 71, 74, 153, 158, 216, 276 ], 
  [ 16, 16, 17, 17, 18, 18, 19, 19, 20, 20, 22, 24, 26, 30, 32, 34, 76, 77, 77, 78, 78, 79, 81, 83, 83, 90, 92, 94, 
      97, 107, 110, 111, 112, 114, 120, 122, 124, 126, 127, 262, 264, 296, 300, 362, 363, 364, 369 ], 
  [ 17, 18, 20, 21, 21, 21, 27, 33, 79, 82, 95, 109, 125, 134, 156, 298, 365 ], 
  [ 22, 23, 23, 24, 25, 28, 31, 31, 32, 84, 84, 89, 101, 104, 143, 145, 270 ], 
  [ 22, 24, 26, 27, 27, 30, 33, 85, 86, 86, 102, 144, 147, 271 ], 
  [ 25, 26, 28, 29, 29, 30, 34, 85, 87, 87, 103, 105, 146, 225, 273, 453 ], [ 32, 33, 34, 89, 108, 155, 297 ], 
  [ 35, 35, 36, 36, 37, 37, 39, 43, 43, 44, 45, 46, 52, 53, 66, 96, 109, 112, 159, 161, 188, 190, 245, 288, 290, 
      431, 451, 469, 471 ], [ 35, 38, 40, 45, 50, 50, 54, 64, 69, 75, 90, 99, 163, 189, 197, 215, 242, 247, 435, 
      456, 465 ], [ 36, 38, 41, 47, 55, 57, 91, 95, 162, 194, 196, 243, 329, 434, 458, 475 ], 
  [ 37, 38, 42, 46, 50, 51, 51, 51, 56, 63, 70, 74, 92, 100, 160, 170, 193, 195, 213, 244, 248, 430, 457, 464 ], 
  [ 39, 48, 48, 49, 58, 67, 67, 98, 110, 164, 470 ], 
  [ 39, 40, 40, 41, 41, 42, 42, 49, 59, 60, 93, 94, 165, 166, 459, 466 ], 
  [ 43, 44, 48, 61, 65, 65, 68, 71, 113, 114, 167, 191, 217, 303, 304, 439, 455, 474, 476, 476, 476 ], 
  [ 44, 45, 46, 47, 47, 49, 62, 66, 68, 68, 69, 69, 70, 70, 72, 97, 106, 107, 168, 169, 192, 214, 246, 275, 287, 
      429, 452, 468 ], [ 52, 53, 58, 61, 61, 62, 71, 71, 72, 73, 73, 104, 108, 171, 204, 255, 293, 455 ], 
  [ 52, 54, 55, 55, 56, 59, 72, 74, 74, 75, 75, 101, 173, 177, 203, 252, 451 ], 
  [ 53, 54, 56, 57, 57, 60, 62, 63, 63, 64, 64, 102, 105, 172, 174, 205, 253, 259, 452 ], [ 58, 59, 60, 103, 175 ], 
  [ 65, 66, 67, 73, 111, 176, 218, 289, 438 ], [ 76, 78, 80, 80, 81, 84, 87, 88, 88, 219, 222, 226, 228, 338, 366, 
      368 ], [ 76, 77, 77, 79, 81, 82, 82, 83, 83, 85, 89, 220, 223, 227, 230, 367 ], [ 78, 79, 86, 221 ], 
  [ 84, 85, 86, 87, 89, 224, 229, 232, 232, 232, 232, 232, 232 ], 
  [ 90, 91, 91, 92, 93, 96, 99, 99, 100, 100, 101, 105, 106, 107, 112, 226, 226, 227, 267, 330, 335, 460, 467 ], 
  [ 90, 92, 94, 95, 95, 97, 102, 109, 227, 268, 331, 333, 461 ], [ 93, 94, 98, 103, 110, 228, 228, 332, 462 ], 
  [ 96, 97, 98, 104, 106, 111, 113, 113, 114, 230, 269, 334, 338, 338, 453, 472 ], 
  [ 101, 102, 103, 104, 105, 108, 229, 229, 272, 336, 453 ], [ 107, 108, 109, 110, 111, 112, 114, 230, 299, 337, 473 
     ], [ 115, 115, 116, 116, 117, 117, 118, 118, 120, 121, 125, 126, 128, 128, 135, 136, 139, 140, 149, 151, 159, 
      162, 163, 165, 168, 305, 309, 310, 320, 322, 325, 328, 339, 339, 341, 342, 342, 373, 374, 377, 378, 380, 383, 
      394, 494, 495 ], [ 115, 122, 133, 133, 133, 134, 137, 150, 157, 158, 160, 311, 327, 329, 341, 375, 382, 397, 
      493 ], [ 116, 117, 119, 119, 123, 127, 129, 138, 142, 154, 156, 161, 166, 176, 313, 326, 376, 395, 497 ], 
  [ 118, 119, 124, 128, 129, 129, 130, 130, 130, 131, 132, 141, 148, 152, 153, 164, 167, 169, 170, 308, 314, 321, 
      379, 381, 393, 496 ], [ 120, 121, 123, 123, 124, 127, 131, 131, 132, 132, 143, 146, 220, 222, 222, 306, 332, 
      334, 335 ], [ 120, 122, 125, 134, 134, 144, 221, 221, 223, 307, 333, 340, 340 ], 
  [ 121, 122, 126, 145, 157, 157, 219, 219, 223, 225, 312, 330 ], 
  [ 124, 125, 126, 127, 147, 155, 156, 156, 220, 324, 331, 337 ], 
  [ 135, 136, 138, 141, 143, 148, 148, 149, 153, 153, 154, 154, 155, 171, 177, 315, 323, 388 ], 
  [ 135, 137, 139, 144, 149, 150, 150, 151, 172, 225, 316, 343, 343, 389, 482 ], 
  [ 136, 137, 140, 145, 158, 158, 173, 318, 390 ], 
  [ 138, 139, 140, 141, 142, 142, 146, 147, 151, 152, 152, 174, 175, 319, 391, 454 ], 
  [ 143, 144, 145, 146, 147, 155, 224, 224, 225, 317, 336 ], 
  [ 159, 161, 164, 167, 167, 168, 169, 171, 176, 176, 334, 337, 339, 339, 384, 454, 479, 484, 520, 529 ], 
  [ 159, 160, 160, 162, 163, 165, 168, 172, 173, 330, 333, 341, 385, 386, 477, 478, 518, 528, 528, 532, 532 ], 
  [ 161, 162, 163, 166, 169, 170, 170, 174, 177, 331, 335, 341, 387, 396, 480, 487, 487, 519, 529, 530 ], 
  [ 164, 165, 166, 175, 332, 342, 342, 530 ], [ 171, 172, 173, 174, 175, 177, 336, 343, 343, 392, 454, 481 ], 
  [ 178, 179, 179, 180, 184, 188, 198, 207, 215, 218, 374, 395, 399, 418, 440 ], 
  [ 178, 178, 180, 181, 182, 182, 183, 186, 189, 190, 199, 208, 208, 209, 209, 373, 376, 378, 398, 401, 417, 441 ], 
  [ 179, 181, 191, 194, 200, 207, 209, 210, 210, 210, 212, 214, 379, 394, 403, 416, 443 ], 
  [ 180, 181, 183, 184, 184, 185, 185, 186, 192, 195, 201, 211, 211, 212, 212, 375, 380, 381, 400, 404, 419, 442 ], 
  [ 182, 183, 185, 187, 187, 193, 196, 202, 377, 382, 402, 406, 446, 489, 489, 489 ], 
  [ 186, 187, 197, 206, 383, 405, 445 ], [ 188, 189, 194, 194, 195, 203, 213, 213, 214, 215, 215, 386, 396, 407, 447 
     ], [ 188, 190, 191, 191, 192, 204, 214, 217, 217, 218, 218, 384, 409, 420, 449 ], 
  [ 189, 190, 192, 193, 193, 195, 196, 196, 197, 197, 205, 385, 387, 408, 410, 448 ], 
  [ 198, 198, 199, 200, 200, 201, 203, 204, 216, 216, 388, 390, 411, 421 ], 
  [ 199, 201, 202, 202, 205, 206, 206, 389, 391, 412, 413 ], [ 203, 204, 205, 392, 414 ], 
  [ 207, 208, 211, 213, 216, 217, 393, 397, 415, 444 ], [ 219, 220, 221, 222, 223, 224, 450 ], 
  [ 226, 227, 228, 229, 230, 338, 450, 463 ], [ 233, 234, 241, 241, 242, 249, 260, 262, 277, 285, 305, 398, 405, 504 
     ], [ 233, 235, 237, 243, 250, 261, 263, 275, 278, 286, 301, 302, 302, 302, 308, 320, 403, 406, 505 ], 
  [ 233, 234, 236, 236, 238, 238, 244, 246, 251, 257, 264, 279, 281, 301, 301, 309, 311, 400, 402, 498 ], 
  [ 234, 235, 235, 236, 237, 239, 239, 239, 240, 240, 245, 247, 254, 256, 265, 280, 282, 310, 313, 399, 401, 499 ], 
  [ 237, 238, 240, 241, 248, 258, 266, 274, 274, 274, 276, 283, 284, 303, 314, 327, 404, 415, 503 ], 
  [ 242, 243, 243, 244, 245, 247, 247, 248, 248, 252, 259, 267, 275, 287, 290, 407, 410, 477, 480, 502 ], 
  [ 242, 244, 246, 253, 268, 288, 329, 329, 408, 478, 487, 487, 500 ], 
  [ 245, 246, 255, 269, 275, 289, 303, 303, 304, 409, 479, 485, 491, 491, 501 ], 
  [ 249, 250, 250, 251, 252, 254, 254, 255, 256, 258, 270, 276, 276, 291, 294, 315, 318, 411 ], 
  [ 249, 251, 253, 257, 260, 271, 292, 316, 412 ], [ 252, 253, 255, 259, 272, 293, 414, 481, 485 ], 
  [ 256, 257, 258, 259, 260, 261, 261, 273, 295, 319, 413, 482, 485 ], 
  [ 262, 263, 263, 264, 265, 265, 266, 266, 267, 269, 270, 273, 296, 300, 306, 312 ], 
  [ 262, 264, 268, 271, 298, 307 ], [ 267, 268, 269, 272, 299, 483 ], [ 270, 271, 272, 273, 297, 317 ], 
  [ 277, 278, 278, 279, 280, 282, 282, 283, 283, 284, 287, 291, 295, 296, 304, 321, 328, 416, 419, 508 ], 
  [ 277, 279, 281, 285, 288, 292, 298, 322, 417, 506 ], 
  [ 280, 281, 284, 285, 286, 286, 289, 290, 294, 300, 325, 326, 418, 507 ], 
  [ 287, 288, 289, 290, 293, 299, 304, 420, 484, 509 ], [ 291, 292, 293, 294, 295, 297, 323, 421 ], 
  [ 296, 297, 298, 299, 300, 324 ], [ 305, 306, 308, 308, 309, 310, 313, 313, 314, 314, 315, 319, 320, 321, 326, 
      422, 425, 479, 480, 512 ], [ 305, 307, 309, 311, 316, 322, 329, 329, 423, 478, 486, 486, 510 ], 
  [ 306, 307, 312, 317, 324, 483 ], [ 310, 311, 312, 318, 320, 325, 327, 327, 328, 424, 477, 482, 488, 511 ], 
  [ 315, 316, 317, 318, 319, 323, 426, 481, 482 ], [ 321, 322, 323, 324, 325, 326, 328, 427, 484, 513 ], 
  [ 330, 331, 332, 333, 334, 335, 336, 337, 340, 340, 450, 450, 483, 531, 531 ], 
  [ 339, 340, 341, 342, 343, 486, 490, 533, 533, 533, 534 ], [ 344, 345, 348, 359, 362, 370, 370, 370, 371, 457, 474 
     ], [ 344, 346, 349, 352, 352, 352, 353, 354, 365, 458, 469 ], 
  [ 344, 347, 350, 353, 353, 355, 363, 371, 371, 372, 372, 372, 456, 468 ], 
  [ 345, 345, 346, 346, 347, 347, 351, 354, 355, 357, 357, 358, 364, 459, 465, 471 ], 
  [ 348, 348, 349, 349, 350, 350, 351, 356, 362, 363, 366, 366, 367, 460, 472 ], 
  [ 351, 356, 360, 360, 364, 368, 368, 369, 462, 467 ], [ 354, 355, 356, 358, 359, 359, 369, 464, 470 ], 
  [ 357, 358, 360, 361, 361, 361, 466, 475 ], [ 362, 363, 364, 365, 365, 367, 369, 461, 473 ], 
  [ 366, 367, 368, 463 ], [ 373, 374, 376, 379, 379, 380, 381, 384, 388, 393, 393, 394, 395, 395, 396, 422, 427, 514 
     ], [ 373, 375, 377, 380, 382, 382, 383, 385, 389, 423, 488, 490, 490, 516 ], 
  [ 374, 375, 378, 386, 390, 394, 397, 397, 424, 515 ], [ 376, 377, 378, 381, 383, 387, 391, 425, 517 ], 
  [ 384, 385, 386, 387, 392, 396, 490, 490, 492, 521 ], [ 388, 389, 390, 391, 392, 426 ], 
  [ 398, 399, 399, 400, 401, 403, 403, 404, 407, 409, 411, 415, 415, 416, 418, 422, 424, 522 ], 
  [ 398, 400, 402, 405, 408, 412, 417, 423, 523 ], 
  [ 401, 402, 404, 405, 406, 406, 410, 413, 419, 425, 488, 491, 491, 524 ], 
  [ 407, 408, 409, 410, 414, 420, 491, 491, 492, 525 ], [ 411, 412, 413, 414, 421, 426 ], 
  [ 416, 417, 418, 419, 420, 421, 427, 526 ], [ 422, 423, 424, 425, 426, 427, 488, 492, 527 ], 
  [ 428, 428, 429, 430, 432, 432, 432, 433, 434, 437, 437, 437, 439, 442, 443, 444, 446, 493, 494, 496, 498, 503, 
      505, 508 ], [ 428, 431, 433, 433, 435, 436, 436, 436, 438, 440, 441, 445, 495, 497, 499, 504, 506, 507 ], 
  [ 429, 430, 430, 431, 434, 434, 435, 435, 447, 448, 500, 502, 518, 519 ], 
  [ 429, 431, 438, 438, 439, 439, 449, 501, 509, 520 ], 
  [ 440, 440, 441, 442, 443, 443, 444, 444, 447, 449, 514, 515, 522, 526 ], 
  [ 441, 442, 445, 445, 446, 446, 448, 516, 517, 523, 524 ], [ 447, 448, 449, 521, 525 ], 
  [ 451, 452, 453, 454, 455, 485 ], [ 456, 456, 457, 457, 458, 458, 459, 460, 461, 464, 465, 468, 469, 528, 528, 529 
     ], [ 459, 462, 466, 470, 530 ], [ 460, 461, 462, 463, 463, 467, 472, 473, 531, 531 ], 
  [ 464, 465, 466, 467, 471, 475, 475, 530, 532, 532 ], [ 468, 469, 470, 471, 472, 473, 474, 474, 529 ], 
  [ 477, 478, 479, 480, 481, 483, 484, 486, 486, 487, 487, 492, 535 ], 
  [ 493, 493, 494, 495, 510, 511, 515, 516, 518, 534, 534 ], 
  [ 494, 495, 496, 496, 497, 497, 512, 513, 514, 517, 519, 520 ], [ 498, 500, 504, 506, 510, 523 ], 
  [ 498, 499, 499, 501, 502, 503, 503, 504, 505, 505, 507, 508, 511, 512, 522, 524 ], 
  [ 500, 501, 502, 509, 525, 535 ], [ 506, 507, 508, 509, 513, 526 ], [ 510, 511, 512, 513, 527, 535 ], 
  [ 514, 515, 516, 517, 521, 527 ], [ 518, 519, 520, 521, 534, 534, 535 ], [ 522, 523, 524, 525, 526, 527 ], 
  [ 528, 529, 530, 531, 532, 533, 533, 533 ] ];
