return [ [ 1, 1, 1, 1, 1, 1, 1, 1, 1, 1, 1, 1, 1, 1, 1, 2 ], [ 2, 2, 2, 2, 2, 2, 2, 2, 3 ], [ 2, 2, 2, 2, 2, 2, 4 ], 
  [ 3, 3, 3, 6, 6 ], [ 3 ], [ 3, 3, 3, 8 ], [ 3, 3, 3, 7 ], [ 3, 3, 3, 5, 5 ], [ 3, 9, 9 ], [ 4, 4, 4, 4, 7 ], 
  [ 4, 4, 4, 4, 10 ], [ 4 ], [ 4, 4, 4, 4, 11 ], [ 4, 12, 12 ], [ 5, 5, 17 ], [ 5, 5, 6, 6 ], [ 5, 5, 5, 5, 13 ], 
  [ 5, 15 ], [ 5, 5, 16, 16, 16, 16, 16, 16 ], [ 5, 14 ], [ 5, 9, 9, 9 ], [ 6, 6, 6, 6, 17, 17 ], [ 6, 6, 6, 6, 18 ],
  [ 6, 20 ], [ 6, 19 ], [ 6, 21 ], [ 7, 19, 19 ], [ 7, 7, 24 ], [ 7 ], [ 7, 7, 26 ], [ 7, 14, 14 ], [ 7, 7, 25 ], 
  [ 7, 22 ], [ 7, 7, 23 ], [ 7, 27, 27 ], [ 8, 8, 18 ], [ 8, 30 ], [ 8 ], [ 8, 8, 29, 29 ], [ 8, 8, 31 ], 
  [ 8, 8, 13 ], [ 8, 10 ], [ 8, 22 ], [ 8, 28 ], [ 8, 28 ], [ 9, 9, 9, 9, 9, 9, 32 ], [ 9, 33 ], [ 9, 9, 9, 15 ], 
  [ 10, 10, 24 ], [ 10, 35, 35 ], [ 10 ], [ 10, 10, 11, 11 ], [ 10, 10, 36 ], [ 10, 10, 23 ], [ 10, 11 ], 
  [ 10, 37 ], [ 10, 34, 34 ], [ 11, 11, 25 ], [ 11, 11, 36 ], [ 11, 11, 26 ], [ 11, 38, 38 ], [ 11, 38, 38 ], 
  [ 11, 40 ], [ 11 ], [ 11, 39, 39 ], [ 12, 12, 12, 12, 12, 12, 12, 12, 40 ], [ 12, 12, 12, 12, 12, 12, 12, 12, 37 ],
  [ 12, 41, 41, 41 ], [ 13, 44 ], [ 13, 18 ], [ 13, 18 ], [ 13, 48 ], [ 13, 42 ], [ 13, 42 ], [ 13, 43, 43, 43, 43 ],
  [ 13, 49 ], [ 13, 46, 46 ], [ 13, 23 ], [ 13, 45, 45 ], [ 13, 32, 32 ], [ 13, 47 ], [ 14, 14, 51 ], 
  [ 14, 14, 19, 19 ], [ 14, 14, 14, 14, 52 ], [ 14, 54 ], [ 14, 14, 50 ], [ 14, 53 ], [ 15, 15, 20, 20 ], 
  [ 15, 15, 55, 55 ], [ 15, 15, 15, 15, 42 ], [ 15, 15, 17 ], [ 15, 15, 28 ], [ 15, 54 ], 
  [ 16, 16, 16, 16, 16, 16, 17 ], [ 16, 57 ], [ 16, 16, 16, 43 ], [ 16, 56, 56, 56, 56, 56, 56, 56, 56, 56, 56 ], 
  [ 17, 17, 47 ], [ 17, 17 ], [ 17, 60, 60, 60, 60 ], [ 17, 17, 44 ], [ 17, 55, 55 ], [ 17, 59 ], [ 17, 17, 58, 58 ],
  [ 17, 57, 57, 57, 57, 57, 57 ], [ 18, 44 ], [ 18, 66 ], [ 18, 61 ], [ 18, 61 ], [ 18, 24 ], [ 18, 59, 59 ], 
  [ 18, 67 ], [ 18, 63, 63 ], [ 18, 62, 62 ], [ 18, 64 ], [ 18, 65 ], [ 19, 19, 19, 19, 68 ], [ 19, 19, 19, 19, 69 ],
  [ 19, 70 ], [ 19, 27 ], [ 20, 20, 30 ], [ 20, 20, 20, 20, 58, 58 ], [ 20, 20, 20, 20, 61 ], [ 20, 70 ], 
  [ 20, 71 ], [ 21, 21, 21, 21, 47 ], [ 21, 21, 32 ], [ 21, 21, 32 ], [ 21, 21, 21, 21, 64 ], [ 21, 71 ], 
  [ 21, 72 ], [ 22, 22, 75 ], [ 22, 22, 79 ], [ 22, 77 ], [ 22, 22, 74 ], [ 22 ], [ 22, 22, 76 ], [ 22, 78 ], 
  [ 22, 22, 73 ], [ 22, 37 ], [ 22, 77 ], [ 23, 68 ], [ 23, 24 ], [ 23, 24 ], [ 23, 82 ], [ 23, 84 ], [ 23, 26 ], 
  [ 23, 50, 50 ], [ 23, 83 ], [ 23, 73 ], [ 23, 25 ], [ 23, 80 ], [ 23, 81, 81 ], [ 24, 68 ], [ 24, 86, 86 ], 
  [ 24, 88 ], [ 24, 26 ], [ 24, 51, 51 ], [ 24, 87 ], [ 24, 74 ], [ 24, 25 ], [ 24, 85 ], [ 24, 82 ], [ 25, 69 ], 
  [ 25 ], [ 25, 87 ], [ 25, 90 ], [ 25, 26 ], [ 25, 52 ], [ 25, 89, 89 ], [ 25, 75 ], [ 25, 80 ], [ 25, 89, 89 ], 
  [ 25, 83 ], [ 26, 69 ], [ 26 ], [ 26, 88 ], [ 26, 29, 29 ], [ 26, 52 ], [ 26, 31 ], [ 26, 90 ], [ 26, 76 ], 
  [ 26, 85 ], [ 26, 84 ], [ 27, 27, 27, 27, 85 ], [ 27, 27, 91 ], [ 27, 27, 27, 27, 80 ], [ 27, 70 ], [ 27, 72 ], 
  [ 28, 28, 84 ], [ 28, 30 ], [ 28, 78 ], [ 28, 28, 66 ], [ 28, 28, 31 ], [ 28, 28, 47 ], [ 28, 34, 34 ], 
  [ 28, 30 ], [ 29, 29, 88 ], [ 29 ], [ 29, 62 ], [ 29, 92, 92, 92 ], [ 29, 29, 90 ], [ 29, 29, 84 ], 
  [ 29, 38, 38 ], [ 29, 93 ], [ 29, 45 ], [ 30, 30, 65 ], [ 30, 30, 88 ], [ 30, 30, 31 ], [ 30, 30, 48 ], 
  [ 30, 35, 35 ], [ 30, 77 ], [ 30 ], [ 31 ], [ 31, 61 ], [ 31, 67 ], [ 31, 49 ], [ 31 ], [ 31, 36 ], [ 31, 79 ], 
  [ 31, 90 ], [ 31 ], [ 31 ], [ 31, 42 ], [ 32, 32, 94, 94 ], [ 32, 72, 72 ], [ 32, 72, 72 ], [ 32, 32, 42 ], 
  [ 32, 32, 95, 95 ], [ 32, 71, 71 ], [ 32 ], [ 33, 33, 33, 33, 33, 33, 91 ], [ 33, 33 ], [ 33, 33, 33, 96 ], 
  [ 33, 33, 33, 53 ], [ 34, 34, 35, 35 ], [ 34, 34, 86 ], [ 34, 34, 34, 34, 36 ], [ 34, 34, 81 ], [ 34, 38 ], 
  [ 34, 97 ], [ 35, 35, 35, 35, 82 ], [ 35, 35, 35, 35, 36 ], [ 35, 39 ], [ 35, 98 ], [ 36 ], [ 36 ], [ 36, 88 ], 
  [ 36, 87 ], [ 36, 38, 38, 38, 38 ], [ 36, 83 ], [ 36 ], [ 36, 99 ], [ 36, 39, 39, 39, 39 ], [ 36 ], [ 36, 84 ], 
  [ 37, 37, 40, 40 ], [ 37, 37, 102 ], [ 37, 37, 103 ], [ 37, 37, 99 ], [ 37, 37, 101, 101 ], [ 37, 98, 98 ], 
  [ 37 ], [ 37, 37, 100, 100 ], [ 37, 104 ], [ 37, 97, 97 ], [ 38, 38, 89 ], [ 38, 105 ], [ 38, 38, 39, 39 ], 
  [ 39, 39 ], [ 39, 39, 39, 39, 90 ], [ 39, 106 ], [ 40, 40, 102 ], [ 40, 40, 99 ], [ 40, 40, 103 ], 
  [ 40, 105, 105 ], [ 40, 106, 106 ], [ 40, 104 ], [ 40 ], [ 40, 106, 106 ], 
  [ 41, 41, 41, 41, 41, 41, 41, 41, 41, 41, 41, 41, 41, 41, 41, 41, 41, 41, 41, 41, 41, 41, 41, 41, 104 ], 
  [ 42, 61 ], [ 42, 61 ], [ 42, 48 ], [ 42, 107, 107 ], [ 42, 44 ], [ 42, 84 ], [ 42, 49 ], [ 42, 109, 109 ], 
  [ 42, 108, 108 ], [ 42, 47 ], [ 43, 43, 50 ], [ 43, 43, 43, 43, 44 ], [ 43, 43, 59 ], [ 43, 111 ], [ 43, 43, 107 ],
  [ 43, 110 ], [ 44, 67 ], [ 44, 113 ], [ 44, 68 ], [ 44 ], [ 44, 59, 59 ], [ 44, 115, 115 ], [ 44 ], 
  [ 44, 107, 107 ], [ 44, 112, 112 ], [ 44, 116 ], [ 44, 112, 112 ], [ 44, 114, 114 ], [ 45, 45, 69 ], 
  [ 45, 45, 117 ], [ 45, 62 ], [ 45, 62 ], [ 45, 45, 109, 109 ], [ 45, 108 ], [ 45, 45, 113 ], [ 45, 89 ], 
  [ 45, 94 ], [ 46, 46, 120 ], [ 46, 46, 119 ], [ 46, 46, 63, 63 ], [ 46, 46, 108, 108 ], [ 46, 109 ], 
  [ 46, 46, 118 ], [ 46, 46, 73 ], [ 46, 95 ], [ 47, 65 ], [ 47, 66 ], [ 47, 114, 114 ], [ 47, 48 ], [ 47 ], 
  [ 47, 110, 110, 110, 110 ], [ 47, 49 ], [ 47, 118 ], [ 47, 81, 81 ], [ 47, 113 ], [ 48, 66 ], [ 48, 65 ], 
  [ 48, 115, 115 ], [ 48 ], [ 48, 58, 58 ], [ 48, 111, 111, 111, 111 ], [ 48, 49 ], [ 48, 119 ], [ 48, 82 ], 
  [ 48, 117 ], [ 48, 71, 71, 71, 71 ], [ 49, 67 ], [ 49, 67 ], [ 49, 112, 112 ], [ 49 ], [ 49, 107, 107 ], 
  [ 49, 120 ], [ 49, 67 ], [ 49, 83 ], [ 49, 69 ], [ 49, 72, 72, 72, 72 ], [ 50, 51 ], [ 50, 50, 68 ], [ 50, 122 ], 
  [ 50, 50, 123 ], [ 50, 125 ], [ 50, 50, 52 ], [ 50, 124, 124 ], [ 50, 121, 121 ], [ 51, 51, 68 ], [ 51, 126, 126 ],
  [ 51, 51, 127 ], [ 51, 129 ], [ 51, 51, 52 ], [ 51, 59 ], [ 51, 128 ], [ 51, 122 ], [ 52, 69 ], [ 52, 69 ], 
  [ 52, 127 ], [ 52, 130, 130 ], [ 52, 62, 62 ], [ 52, 132 ], [ 52 ], [ 52, 131 ], [ 52, 67 ], [ 52, 123 ], 
  [ 53, 53, 128 ], [ 53, 53, 91 ], [ 53, 53, 91 ], [ 53, 53, 53, 53, 131 ], [ 53, 96 ], [ 53, 53, 124, 124 ], 
  [ 54, 54, 70, 70 ], [ 54, 54, 129 ], [ 54, 54, 54, 54, 132 ], [ 54, 54, 125 ], [ 54, 54, 78 ], [ 54, 96 ], 
  [ 55, 55, 55, 55, 66 ], [ 55, 55, 55, 55, 58, 58 ], [ 55, 133, 133, 133 ], [ 55, 55, 107 ], [ 55, 134 ], 
  [ 55, 60, 60 ], [ 56, 56, 56, 56, 56, 56, 56, 56, 56, 56, 57 ], [ 57, 57, 57, 110 ], 
  [ 57, 57, 57, 57, 57, 57, 60, 60, 60, 60 ], [ 57, 57, 57, 135, 135 ], [ 58, 58, 65 ], 
  [ 58, 136, 136, 136, 136, 136 ], [ 58, 58 ], [ 58, 112 ], [ 58, 58, 116 ], [ 58, 135, 135, 135, 135 ], 
  [ 59, 59, 118 ], [ 59, 125 ], [ 59, 138 ], [ 59, 59, 116 ], [ 59, 134, 134 ], [ 59, 59, 116 ], [ 59, 137 ], 
  [ 60, 60, 60, 60, 114 ], [ 60, 60, 60, 60, 136, 136, 136, 136, 136 ], [ 60, 60, 133, 133, 133 ], [ 61, 88 ], 
  [ 61, 65 ], [ 61, 112, 112 ], [ 61, 116 ], [ 61, 67 ], [ 61, 130, 130 ], [ 61, 139, 139 ], [ 61, 140 ], 
  [ 61, 66 ], [ 62, 62, 123 ], [ 62, 62, 130, 130 ], [ 62, 139 ], [ 62, 89 ], [ 62, 62, 127 ], [ 62, 141 ], 
  [ 63, 63, 132 ], [ 63, 63, 144 ], [ 63, 63, 143 ], [ 63, 63, 139, 139 ], [ 63, 130 ], [ 63, 63, 74 ], [ 63, 142 ], 
  [ 64, 80 ], [ 64, 85 ], [ 64, 113 ], [ 64, 94, 94 ], [ 64, 84 ], [ 64, 93, 93 ], [ 64, 140 ], [ 64, 140 ], 
  [ 64, 87 ], [ 64, 118 ], [ 64, 142, 142 ], [ 64, 95, 95 ], [ 64, 141, 141 ], [ 64, 145, 145 ], [ 65, 115, 115 ], 
  [ 65, 66 ], [ 65, 66 ], [ 65, 82 ], [ 65, 137, 137 ], [ 65, 67 ], [ 65, 144 ], [ 65, 127 ], [ 65, 145, 145 ], 
  [ 66, 114, 114 ], [ 66, 86, 86 ], [ 66, 138, 138 ], [ 66, 67 ], [ 66, 143 ], [ 66, 123 ], [ 66, 93, 93 ], [ 67 ], 
  [ 67, 87 ], [ 67, 116 ], [ 67, 132 ], [ 67, 85 ], [ 68 ], [ 68, 147, 147 ], [ 68, 113 ], [ 68, 117 ], [ 68, 148 ], 
  [ 68, 69 ], [ 68, 69 ], [ 68, 85 ], [ 68, 146, 146 ], [ 69, 113 ], [ 69, 109, 109 ], [ 69, 120 ], [ 69 ], 
  [ 69, 80 ], [ 69, 117 ], [ 70, 70, 77 ], [ 70, 70, 70, 70, 148 ], [ 70, 70, 70, 70, 120 ], [ 71, 71 ], 
  [ 71, 71, 71, 71, 140 ], [ 71, 72 ], [ 72, 72, 72, 72, 80 ], [ 73, 75 ], [ 73, 153 ], [ 73, 152, 152 ], 
  [ 73, 149 ], [ 73, 151 ], [ 73, 74 ], [ 73, 74 ], [ 73, 155 ], [ 73, 156, 156 ], [ 73, 76 ], [ 73, 150 ], 
  [ 73, 100, 100 ], [ 73, 149 ], [ 73, 154, 154 ], [ 74, 75 ], [ 74, 160 ], [ 74, 159, 159 ], [ 74, 162 ], 
  [ 74, 157 ], [ 74, 161, 161 ], [ 74, 163, 163 ], [ 74, 76 ], [ 74, 158 ], [ 74, 101, 101 ], [ 74, 157 ], 
  [ 74, 155 ], [ 75, 153 ], [ 75 ], [ 75, 162 ], [ 75, 102 ], [ 75, 76 ], [ 75, 76 ], [ 75, 160 ], [ 75, 164, 164 ], 
  [ 75, 153 ], [ 75, 79 ], [ 75, 149 ], [ 76, 90 ], [ 76, 164, 164 ], [ 76 ], [ 76, 149 ], [ 76 ], [ 76, 163, 163 ], 
  [ 76, 92, 92, 92, 92, 92, 92 ], [ 76, 162 ], [ 76, 103 ], [ 76, 151 ], [ 76, 156, 156 ], [ 77, 77, 153 ], 
  [ 77, 77, 79 ], [ 77, 77, 157 ], [ 77, 78 ], [ 77, 77, 151 ], [ 77, 78 ], [ 77, 77, 149 ], [ 77, 98, 98 ], 
  [ 78, 78, 79 ], [ 78, 78, 160 ], [ 78, 78, 158 ], [ 78, 78, 162 ], [ 78, 78, 150 ], [ 78, 97, 97 ], [ 78 ], 
  [ 79 ], [ 79, 160 ], [ 79, 159, 159 ], [ 79, 164, 164 ], [ 79 ], [ 79, 152, 152 ], [ 79, 99 ], [ 79 ], [ 79 ], 
  [ 79, 153 ], [ 80, 85 ], [ 80, 165, 165 ], [ 80, 140 ], [ 80, 85 ], [ 80, 166, 166 ], [ 80, 95, 95 ], [ 80, 120 ], 
  [ 80 ], [ 80, 94, 94 ], [ 81, 81, 82 ], [ 81, 86 ], [ 81, 146 ], [ 81, 81, 84 ], [ 81, 121, 121 ], [ 81, 81, 83 ], 
  [ 81, 154 ], [ 81, 94 ], [ 82, 86, 86 ], [ 82 ], [ 82, 147, 147 ], [ 82, 84 ], [ 82, 88 ], [ 82, 122, 122 ], 
  [ 82, 83 ], [ 82, 155 ], [ 82, 87 ], [ 82, 140 ], [ 83, 87 ], [ 83, 87 ], [ 83, 87 ], [ 83, 117 ], [ 83, 84 ], 
  [ 83, 90 ], [ 83, 123 ], [ 83, 149 ], [ 83, 89, 89 ], [ 83, 95, 95 ], [ 84, 88 ], [ 84, 88 ], [ 84, 113 ], 
  [ 84, 123 ], [ 84, 156, 156 ], [ 84, 90 ], [ 85, 131 ], [ 85, 93, 93 ], [ 85, 145, 145 ], [ 85 ], [ 85, 167 ], 
  [ 85, 148 ], [ 85, 140 ], [ 86, 146 ], [ 86, 86, 88 ], [ 86, 126, 126 ], [ 86, 86, 87 ], [ 86, 161 ], [ 86, 93 ], 
  [ 87, 113 ], [ 87, 88 ], [ 87, 90 ], [ 87, 127 ], [ 87, 162 ], [ 87, 89, 89 ], [ 88, 117 ], [ 88, 127 ], 
  [ 88, 163, 163 ], [ 88, 90 ], [ 88, 145, 145 ], [ 89 ], [ 89, 89, 90 ], [ 89, 164 ], [ 89, 94 ], [ 90 ], [ 90 ], 
  [ 90, 109, 109 ], [ 90, 130, 130 ], [ 90, 140 ], [ 91, 91, 131 ], [ 91 ], [ 91, 91, 167 ], [ 91 ], 
  [ 91, 91, 166, 166 ], [ 91, 96, 96 ], [ 91, 91, 165, 165 ], [ 92, 92, 92, 163 ], [ 92 ], [ 92, 92, 92, 156 ], 
  [ 92, 169 ], [ 92, 168 ], [ 93, 93, 145, 145 ], [ 93, 171 ], [ 93, 170 ], [ 93, 172 ], [ 93, 93, 140 ], 
  [ 93, 146 ], [ 94, 173, 173, 173 ], [ 94, 108 ], [ 94, 94, 95, 95 ], [ 94, 94, 140 ], [ 94, 174 ], 
  [ 95, 95, 174, 174 ], [ 95, 109 ], [ 95, 95, 140 ], [ 96, 96, 96, 96, 167 ], [ 96, 96 ], [ 96, 96, 175, 175 ], 
  [ 96, 96, 128 ], [ 97, 97, 97, 97, 99 ], [ 97, 97, 97, 97, 178 ], [ 97, 97, 98, 98 ], [ 97, 97, 177 ], 
  [ 97, 97, 176 ], [ 97, 179 ], [ 98, 98, 98, 98, 99 ], [ 98, 98, 98, 98, 181 ], [ 98, 98, 98, 98, 180 ], 
  [ 98, 182 ], [ 99, 185, 185 ], [ 99, 102 ], [ 99, 105, 105, 105, 105 ], [ 99, 106, 106, 106, 106 ], [ 99 ], 
  [ 99 ], [ 99, 184, 184 ], [ 99, 178 ], [ 99, 181 ], [ 99, 186, 186 ], [ 99 ], [ 99, 183, 183 ], [ 100, 100, 102 ], 
  [ 100, 100, 103 ], [ 100, 100, 181 ], [ 100, 100, 183, 183 ], [ 100, 100, 101, 101 ], [ 100, 100, 180 ], 
  [ 100, 187 ], [ 100, 100, 176, 176 ], [ 101, 101, 102 ], [ 101, 101, 103 ], [ 101, 101, 178 ], 
  [ 101, 101, 184, 184 ], [ 101, 101, 180 ], [ 101, 101, 177, 177 ], [ 101, 188 ], [ 102, 181 ], [ 102 ], 
  [ 102, 178 ], [ 102, 103 ], [ 102, 185, 185 ], [ 102, 103 ], [ 102, 189 ], [ 102, 178 ], [ 102, 181 ], 
  [ 103, 106, 106, 106, 106 ], [ 103, 185, 185 ], [ 103 ], [ 103, 181 ], [ 103 ], [ 103, 184, 184 ], 
  [ 103, 169, 169, 169, 169, 169, 169 ], [ 103, 178 ], [ 103, 190 ], [ 103, 183, 183 ], [ 104, 182, 182 ], 
  [ 104, 104, 189 ], [ 104, 104, 190 ], [ 104, 104, 189 ], [ 104, 104, 190 ], [ 104, 104, 187, 187 ], 
  [ 104, 104, 188, 188 ], [ 104, 104 ], [ 104, 104, 186, 186 ], [ 104, 182, 182 ], [ 104 ], [ 104, 179, 179 ], 
  [ 105, 105 ], [ 105, 105, 169, 169, 169 ], [ 105, 105, 185 ], [ 105, 179 ], [ 105, 105, 106, 106 ], [ 106, 182 ], 
  [ 107, 107, 123 ], [ 107, 107, 112, 112 ], [ 107, 107, 116 ], [ 107, 111, 111 ], [ 107 ], [ 107, 110, 110 ], 
  [ 108, 108, 120 ], [ 108, 139 ], [ 108, 139 ], [ 108, 108, 119 ], [ 108, 108, 118 ], [ 108, 156 ], [ 108, 152 ], 
  [ 109, 109, 130, 130 ], [ 109, 109, 117 ], [ 109, 109, 113 ], [ 110, 110, 121, 121 ], [ 110, 110, 137 ], 
  [ 110, 110, 110, 110, 114, 114 ], [ 110, 111 ], [ 111, 111, 122 ], [ 111, 111, 138 ], 
  [ 111, 111, 111, 111, 115, 115 ], [ 111, 135, 135 ], [ 112, 112, 117 ], [ 112, 114 ], [ 112, 112, 116 ], 
  [ 112, 115 ], [ 113, 118 ], [ 113, 147, 147 ], [ 113, 123 ], [ 113, 117 ], [ 113, 127 ], [ 113, 117 ], 
  [ 113, 146, 146 ], [ 114, 114, 146, 146 ], [ 114, 114, 115, 115 ], [ 114, 114, 138, 138 ], [ 114, 115 ], 
  [ 115, 115, 147, 147 ], [ 115, 115, 137, 137 ], [ 115, 136, 136, 136, 136, 136 ], [ 116, 127 ], [ 116, 144 ], 
  [ 116, 148 ], [ 116, 119 ], [ 116, 134, 134, 134, 134 ], [ 116, 137, 137 ], [ 116 ], [ 116 ], [ 116, 138, 138 ], 
  [ 117, 123 ], [ 117, 146, 146 ], [ 117, 127 ], [ 117, 119 ], [ 117, 140 ], [ 117, 147, 147 ], [ 118, 120 ], 
  [ 118, 148 ], [ 118, 119 ], [ 118, 144 ], [ 118, 172, 172 ], [ 118, 143 ], [ 118, 119 ], [ 118, 154, 154 ], 
  [ 118, 150 ], [ 118, 191, 191 ], [ 119, 148 ], [ 119, 120 ], [ 119, 143 ], [ 119, 191, 191 ], [ 119, 144 ], 
  [ 119, 155 ], [ 119, 151 ], [ 119, 140 ], [ 119, 172, 172 ], [ 120, 132 ], [ 120, 148 ], [ 120, 132 ], [ 120 ], 
  [ 120, 149 ], [ 120, 153 ], [ 120, 148 ], [ 121, 121, 122 ], [ 121, 121, 146 ], [ 121, 121, 121, 121, 123 ], 
  [ 121, 193 ], [ 121, 192, 192, 192 ], [ 122, 137 ], [ 122, 126, 126 ], [ 122, 122, 147, 147 ], [ 122, 122, 123 ], 
  [ 122, 195 ], [ 122, 122, 127 ], [ 122, 194, 194 ], [ 123, 127 ], [ 123 ], [ 123, 144 ], [ 123, 130, 130 ], 
  [ 123, 170, 170 ], [ 124, 124, 128 ], [ 124, 124, 124, 124, 131 ], [ 124, 194 ], [ 124, 124, 166 ], 
  [ 124, 124, 170 ], [ 124, 192, 192, 192 ], [ 125, 125, 148 ], [ 125, 195 ], [ 125, 129 ], [ 125, 125, 144 ], 
  [ 125, 125, 150 ], [ 125, 125, 132 ], [ 125, 128 ], [ 125, 193, 193 ], [ 126, 126, 138 ], [ 126, 126, 146 ], 
  [ 126, 126, 126, 126, 127 ], [ 126, 197 ], [ 126, 196 ], [ 127 ], [ 127, 143 ], [ 127, 130, 130 ], [ 127, 198 ], 
  [ 128, 128, 167 ], [ 128, 128, 167 ], [ 128, 196, 196 ], [ 128, 128, 198 ], [ 128, 175, 175 ], [ 128, 128, 131 ], 
  [ 128, 194, 194 ], [ 129, 129, 148 ], [ 129, 197, 197 ], [ 129, 129, 143 ], [ 129, 129, 158 ], [ 129, 129, 132 ], 
  [ 129, 134, 134 ], [ 129, 175, 175 ], [ 129, 195 ], [ 130, 199 ], [ 131, 165, 165 ], [ 131, 166, 166 ], 
  [ 131, 198 ], [ 131 ], [ 131, 199, 199 ], [ 131, 141, 141 ], [ 131, 167 ], [ 131 ], [ 131, 165, 165 ], 
  [ 131, 170, 170 ], [ 132, 143 ], [ 132, 139, 139 ], [ 132, 162 ], [ 132 ], [ 132, 160 ], [ 132, 167 ], 
  [ 132, 144 ], [ 133, 133, 133, 133, 133, 133, 138 ], [ 133, 200 ], 
  [ 133, 133, 133, 133, 133, 133, 135, 135, 135, 135 ], [ 133, 201, 201, 201, 201, 201, 201, 201, 201, 201, 201 ], 
  [ 134, 134, 134, 134, 143 ], [ 134, 202, 202, 202 ], [ 134, 134 ], [ 134, 200, 200, 200 ], 
  [ 135, 135, 135, 135, 137 ], [ 135, 135, 135, 135, 136, 136, 136, 136, 136 ], [ 137, 137, 191, 191 ], 
  [ 137, 193, 193 ], [ 137, 138 ], [ 137, 200, 200, 200, 200, 200, 200 ], [ 137, 137, 138, 138 ], 
  [ 138, 138, 172, 172 ], [ 138, 195 ], [ 138, 202, 202, 202, 202, 202, 202 ], [ 139, 163 ], [ 139, 139, 144 ], 
  [ 139, 139, 143 ], [ 139, 159 ], [ 139, 203 ], [ 140, 145, 145 ], [ 140, 199, 199 ], [ 140, 203, 203 ], 
  [ 141, 166 ], [ 141, 141, 170, 170 ], [ 141, 173, 173, 173 ], [ 141, 170 ], [ 141, 141, 199, 199 ], [ 141, 203 ], 
  [ 141, 174 ], [ 141, 141, 198 ], [ 141, 174 ], [ 142, 142, 167 ], [ 142, 165 ], [ 142, 142, 198 ], 
  [ 142, 142, 174, 174 ], [ 142, 142, 171, 171 ], [ 142, 142, 203, 203 ], [ 142, 199 ], [ 142, 142, 198 ], 
  [ 143, 144 ], [ 143, 197, 197, 197, 197 ], [ 143 ], [ 143, 158 ], [ 143, 161, 161 ], [ 143, 171, 171 ], 
  [ 143, 195, 195 ], [ 144, 195, 195 ], [ 144 ], [ 144, 157 ], [ 144, 155 ], [ 144, 198 ], 
  [ 144, 193, 193, 193, 193 ], [ 145, 147 ], [ 145, 191 ], [ 145, 145, 198 ], [ 146, 146, 147, 147 ], [ 146, 172 ], 
  [ 147, 191 ], [ 148, 157 ], [ 148, 191, 191 ], [ 148 ], [ 148, 151 ], [ 148, 172, 172 ], [ 149, 153 ], 
  [ 149, 164, 164 ], [ 149, 157 ], [ 149, 162 ], [ 149, 155 ], [ 149, 154, 154 ], [ 149, 151 ], [ 149, 162 ], 
  [ 149, 181 ], [ 149, 156, 156 ], [ 150, 160 ], [ 150, 153 ], [ 150, 152, 152 ], [ 150, 157 ], [ 150, 151 ], 
  [ 150, 157 ], [ 150, 205, 205 ], [ 150, 158 ], [ 150, 155 ], [ 150, 162 ], [ 150, 176, 176 ], [ 150, 162 ], 
  [ 150, 204, 204 ], [ 151, 153 ], [ 151, 153 ], [ 151, 152, 152 ], [ 151 ], [ 151, 158 ], [ 151, 204, 204 ], 
  [ 151, 157 ], [ 151, 154, 154 ], [ 151, 180 ], [ 151, 168, 168, 168, 168, 168, 168 ], [ 152, 152, 153 ], 
  [ 152, 159 ], [ 152, 159 ], [ 152, 164 ], [ 152, 183 ], [ 152, 164 ], [ 153, 160 ], [ 153, 157 ], [ 153, 160 ], 
  [ 153, 181 ], [ 154, 154, 155 ], [ 154, 161 ], [ 154, 168, 168, 168 ], [ 154, 154, 156, 156 ], [ 154, 204 ], 
  [ 154, 176 ], [ 154, 156 ], [ 155, 162 ], [ 155, 157 ], [ 155, 161, 161 ], [ 155 ], [ 155, 204, 204 ], 
  [ 155, 156, 156 ], [ 155, 163, 163 ], [ 155, 205, 205 ], [ 155, 180 ], [ 155 ], [ 156, 163 ], [ 156, 163 ], 
  [ 156, 183 ], [ 157, 160 ], [ 157, 159, 159 ], [ 157, 205, 205 ], [ 157, 204, 204 ], [ 157, 158 ], [ 157, 180 ], 
  [ 158, 160 ], [ 158, 160 ], [ 158, 159, 159 ], [ 158 ], [ 158, 206, 206, 206, 206, 206, 206 ], [ 158, 161, 161 ], 
  [ 158, 162 ], [ 158, 177, 177 ], [ 158 ], [ 158, 205, 205 ], [ 159, 159, 160 ], [ 159, 164 ], [ 159, 184 ], 
  [ 159 ], [ 160, 162 ], [ 160, 178 ], [ 160 ], [ 161, 161, 162 ], [ 161, 205 ], [ 161, 161, 163, 163 ], 
  [ 161, 206, 206, 206 ], [ 161, 177 ], [ 161, 205 ], [ 162, 164, 164 ], [ 162, 163, 163 ], [ 162, 178 ], 
  [ 163, 184 ], [ 163, 204 ], [ 164 ], [ 164, 185 ], [ 165, 199 ], [ 165, 165, 167 ], [ 165, 165, 166, 166 ], 
  [ 165, 165, 174, 174 ], [ 166, 166, 167 ], [ 166, 203 ], [ 166 ], [ 166, 174 ], [ 166, 173, 173, 173 ], [ 167 ], 
  [ 167 ], [ 167, 171, 171 ], [ 167, 198 ], [ 167, 175, 175, 175, 175 ], [ 167, 203, 203 ], [ 168, 168, 168, 172 ], 
  [ 168, 168, 168, 204 ], [ 168, 206 ], [ 168, 207 ], [ 169, 169, 169, 184 ], [ 169 ], [ 169, 169, 169, 183 ], 
  [ 169, 208 ], [ 170, 170, 198 ], [ 170 ], [ 170, 194, 194 ], [ 170, 170, 199, 199 ], [ 170, 174 ], 
  [ 170, 192, 192, 192, 192, 192, 192 ], [ 171, 175, 175 ], [ 171, 171, 198 ], [ 171 ], [ 171 ], 
  [ 171, 209, 209, 209, 209, 209, 209 ], [ 171, 171, 203, 203 ], [ 171, 196, 196 ], [ 171, 196, 196 ], 
  [ 172, 172, 191, 191 ], [ 172, 197, 197 ], [ 172, 193, 193 ], [ 172, 205 ], [ 173 ], [ 173, 173, 173, 203 ], 
  [ 173, 173, 173, 174 ], [ 173, 192, 192 ], [ 174, 203 ], [ 174, 174 ], [ 174, 174, 199, 199 ], [ 175, 175 ], 
  [ 175, 209, 209, 209 ], [ 175, 196 ], [ 176, 176, 178 ], [ 176, 176, 183, 183 ], [ 176, 176, 181 ], 
  [ 176, 176, 180 ], [ 176, 176, 180 ], [ 176, 207, 207, 207 ], [ 176, 177 ], [ 176, 211 ], 
  [ 176, 210, 210, 210, 210 ], [ 177, 177, 178 ], [ 177, 177, 184, 184 ], [ 177, 177, 178 ], [ 177, 177 ], 
  [ 177, 177, 180 ], [ 177, 212, 212, 212, 212, 212, 212, 212, 212, 212, 212, 212, 212 ], [ 177, 213 ], 
  [ 177, 207, 207, 207 ], [ 178, 185, 185 ], [ 178 ], [ 178, 181 ], [ 178, 181 ], [ 178, 184, 184 ], [ 178, 214 ], 
  [ 178, 180 ], [ 179, 179 ], [ 179, 179, 215 ], [ 179, 179, 208, 208, 208 ], [ 179, 179, 211 ], [ 179, 179, 213 ], 
  [ 179, 179, 179, 179, 214 ], [ 179, 179, 179, 179, 186, 186 ], [ 179, 179, 182, 182 ], [ 180, 181 ], [ 180, 181 ], 
  [ 180, 183, 183 ], [ 180, 181 ], [ 180, 184, 184 ], [ 180 ], [ 180, 210, 210, 210, 210, 210, 210, 210, 210 ], 
  [ 180 ], [ 180, 216 ], [ 180, 207, 207, 207, 207, 207, 207 ], [ 181, 185, 185 ], [ 181 ], [ 181, 183, 183 ], 
  [ 181, 217 ], [ 182, 182, 182, 182, 190 ], [ 182, 182, 182, 182, 216 ], [ 182, 182, 182, 182, 217 ], 
  [ 182, 182, 182, 182, 186, 186 ], [ 183, 185 ], [ 183, 184 ], [ 183, 184 ], [ 183, 218 ], [ 184, 185 ], 
  [ 184, 219 ], [ 185 ], [ 185, 215 ], [ 186, 186 ], [ 186, 186, 214 ], [ 186, 186, 217 ], [ 186, 186, 218, 218 ], 
  [ 186, 186, 219, 219 ], [ 186, 186, 215, 215 ], [ 186, 186, 189 ], [ 186, 186 ], [ 187, 187, 217 ], 
  [ 187, 187, 189 ], [ 187, 187, 190 ], [ 187, 187, 217 ], [ 187, 187, 218, 218 ], [ 187, 187, 188, 188 ], 
  [ 187, 187, 216 ], [ 187, 187, 211, 211 ], [ 188, 188, 216 ], [ 188, 188, 189 ], [ 188, 188, 190 ], 
  [ 188, 188, 214 ], [ 188, 188, 219, 219 ], [ 188, 188, 216 ], [ 188, 188, 213, 213 ], [ 189, 217 ], [ 189 ], 
  [ 189, 214 ], [ 189, 190 ], [ 189, 215, 215 ], [ 189, 190 ], [ 189, 214 ], [ 189, 217 ], [ 189, 217 ], 
  [ 190, 215, 215 ], [ 190 ], [ 190, 217 ], [ 190 ], [ 190, 219, 219 ], [ 190, 208, 208, 208, 208, 208, 208 ], 
  [ 190, 214 ], [ 190, 216 ], [ 190, 218, 218 ], [ 191, 191, 195, 195 ], [ 191, 191, 204, 204 ], 
  [ 192, 192, 192, 194 ], [ 193, 193, 195 ], [ 193, 193, 204 ], [ 193, 194 ], [ 194, 194, 196, 196 ], 
  [ 194, 194, 194, 194, 198 ], [ 194, 194, 203 ], [ 195, 200, 200, 200, 200, 200, 200 ], [ 195, 197, 197 ], 
  [ 195, 195, 205, 205 ], [ 195, 196, 196 ], [ 196, 196, 196, 196, 198 ], [ 196, 209, 209, 209 ], 
  [ 197, 197, 202, 202, 202, 202, 202, 202 ], [ 197, 197, 206, 206, 206 ], [ 197, 209, 209, 209 ], [ 198, 203, 203 ],
  [ 198 ], [ 198, 199, 199 ], [ 198 ], [ 199, 199 ], [ 200, 202 ], 
  [ 201, 201, 201, 201, 201, 201, 201, 201, 201, 201, 202 ], [ 203 ], [ 204, 205 ], [ 204, 204, 205, 205 ], 
  [ 204, 210, 210, 210, 210 ], [ 205, 206, 206, 206 ], [ 205, 207, 207, 207 ], [ 206, 212, 212, 212, 212 ], [ 206 ], 
  [ 207, 207, 207, 210, 210, 210, 210 ], [ 207, 212, 212, 212, 212 ], [ 207, 220 ], [ 208, 208, 208, 219 ], [ 208 ], 
  [ 208, 208, 208, 218 ], [ 208, 220 ], [ 209, 209 ], [ 210, 221 ], [ 211, 218 ], [ 211, 211, 214 ], 
  [ 211, 211, 214 ], [ 211, 211, 218, 218 ], [ 211, 211, 217 ], [ 211, 211, 216 ], [ 211, 211, 216 ], 
  [ 211, 220, 220, 220 ], [ 211, 213 ], [ 211, 221, 221, 221, 221 ], [ 212, 222 ], [ 213, 220, 220, 220 ], 
  [ 213, 213 ], [ 213, 213, 214 ], [ 213, 213, 219, 219 ], [ 213, 213, 214 ], [ 213, 213 ], [ 213, 213, 216 ], 
  [ 213, 222, 222, 222, 222, 222, 222, 222, 222, 222, 222, 222, 222 ], [ 213, 220, 220, 220 ], [ 214 ], 
  [ 214, 215, 215 ], [ 214 ], [ 214, 217 ], [ 214, 217 ], [ 214, 219, 219 ], [ 214, 216 ], [ 215, 219 ], 
  [ 215, 218 ], [ 215 ], [ 215, 215, 217 ], [ 215, 218 ], [ 216 ], [ 216, 217 ], [ 216, 217 ], [ 216, 218, 218 ], 
  [ 216, 217 ], [ 216, 219, 219 ], [ 216 ], [ 216, 221, 221, 221, 221, 221, 221, 221, 221 ], [ 216 ], 
  [ 216, 220, 220, 220, 220, 220, 220 ], [ 217 ], [ 217, 218, 218 ], [ 218, 219 ], [ 218, 219 ], 
  [ 219, 221, 221, 221, 221 ], [ 219 ], [ 220, 220, 220, 221, 221, 221, 221 ], [ 220, 222, 222, 222, 222 ], 
  [ 222, 222, 222, 222 ] ];
