return [ [ 1, 1, 2, 3, 6, 6, 9, 12, 21, 22, 44, 46, 63, 77, 89 ], 
  [ 2, 3, 4, 4, 5, 5, 10, 11, 23, 24, 45, 47, 64, 78, 80, 129 ], 
  [ 7, 8, 8, 10, 12, 27, 28, 28, 31, 35, 41, 43, 82, 90, 107 ], [ 9, 10, 11, 12, 29, 29, 34, 48, 84 ], 
  [ 13, 17, 19, 19, 20, 21, 25, 25, 33, 35, 49, 61, 76, 88, 125, 129, 134 ], 
  [ 13, 14, 14, 15, 15, 16, 16, 18, 20, 22, 23, 30, 31, 50, 51, 60, 62, 74, 75, 124, 130, 133 ], 
  [ 17, 18, 24, 32, 52, 131 ], [ 21, 22, 23, 24, 34, 53, 65, 79, 129 ], [ 26, 27, 28, 29, 67, 68, 108 ], 
  [ 30, 31, 32, 33, 34, 35, 68, 68, 83, 97, 132 ], 
  [ 36, 38, 38, 39, 39, 40, 43, 44, 47, 49, 51, 52, 91, 96, 109, 112, 137 ], 
  [ 36, 37, 37, 41, 42, 45, 46, 50, 92, 94, 98, 98, 110, 111, 136 ], [ 40, 41, 42, 43, 48, 67, 67, 93, 97 ], 
  [ 44, 45, 46, 47, 48, 53, 95, 114 ], [ 49, 50, 51, 52, 53, 97, 98, 98, 113, 135, 144, 146, 146 ], 
  [ 54, 54, 55, 56, 56, 57, 60, 61, 63, 66, 66, 109, 111, 115, 120, 126 ], 
  [ 55, 57, 58, 58, 59, 59, 62, 64, 110, 112, 116, 117, 127 ], [ 60, 61, 62, 65, 113, 118, 128 ], 
  [ 63, 64, 65, 114, 119 ], [ 69, 70, 70, 71, 72, 72, 73, 73, 74, 76, 77, 80, 81, 85, 87, 91, 94, 115, 117, 139 ], 
  [ 69, 71, 75, 78, 82, 86, 92, 116, 138 ], [ 74, 75, 76, 79, 83, 88, 118, 135, 140 ], 
  [ 77, 78, 79, 80, 84, 89, 95, 119 ], [ 81, 82, 83, 84, 90, 93 ], [ 85, 86, 87, 88, 89, 90, 96, 120, 141 ], 
  [ 91, 92, 93, 94, 95, 96, 121, 135, 142 ], [ 99, 99, 100, 100, 101, 101, 102, 103, 105, 107, 130, 134 ], 
  [ 102, 104, 105, 106, 106, 131, 133 ], [ 103, 104, 107, 108, 108, 132 ], [ 109, 110, 111, 112, 113, 114, 121, 143 ]
    , [ 115, 116, 117, 118, 119, 120, 121, 145 ], [ 122, 122, 123, 123, 124, 125, 126, 127, 136, 137, 138, 139, 141 ]
    , [ 124, 125, 128, 140, 144 ], [ 126, 127, 128, 143, 145 ], [ 130, 131, 132, 133, 134, 146, 146 ], 
  [ 136, 137, 142, 143, 144 ], [ 138, 139, 140, 141, 142, 145 ] ];
