return [ [ 1, 1 ], [ 1, 2 ], [ 2, 1 ], [ 2, 2 ], [ 2, 2 ], [ 1, 1 ], [ 3 ], [ 3, 3 ], [ 1, 4 ], [ 2, 3, 4 ], 
  [ 2, 4 ], [ 4, 1, 3 ], [ 5, 6 ], [ 6, 6 ], [ 6, 6 ], [ 6, 6 ], [ 5, 7 ], [ 6, 7 ], [ 5, 5 ], [ 6, 5 ], 
  [ 5, 1, 8 ], [ 6, 1, 8 ], [ 6, 2, 8 ], [ 7, 2, 8 ], [ 5, 5 ], [ 9 ], [ 3, 9 ], [ 3, 3, 9 ], [ 4, 9, 4 ], 
  [ 6, 10 ], [ 6, 3, 10 ], [ 7, 10 ], [ 5, 10 ], [ 8, 10, 4 ], [ 10, 5, 3 ], [ 11, 12 ], [ 12, 12 ], [ 11, 11 ], 
  [ 11, 11 ], [ 11, 13 ], [ 3, 12, 13 ], [ 12, 13 ], [ 3, 11, 13 ], [ 1, 11, 14 ], [ 2, 12, 14 ], [ 1, 12, 14 ], 
  [ 2, 11, 14 ], [ 4, 13, 14 ], [ 5, 11, 15 ], [ 6, 12, 15 ], [ 6, 11, 15 ], [ 7, 11, 15 ], [ 8, 15, 14 ], 
  [ 16, 16 ], [ 16, 17 ], [ 16, 16 ], [ 17, 16 ], [ 17, 17 ], [ 17, 17 ], [ 16, 6, 18 ], [ 16, 5, 18 ], 
  [ 17, 6, 18 ], [ 16, 1, 19 ], [ 17, 2, 19 ], [ 18, 19, 8 ], [ 16, 16 ], [ 13, 9, 13 ], [ 10, 9, 10 ], [ 20, 21 ], 
  [ 20, 20 ], [ 21, 20 ], [ 20, 20 ], [ 20, 20 ], [ 20, 6, 22 ], [ 21, 6, 22 ], [ 20, 5, 22 ], [ 20, 1, 23 ], 
  [ 21, 2, 23 ], [ 22, 8, 23 ], [ 20, 2, 23 ], [ 20, 24 ], [ 21, 3, 24 ], [ 22, 24, 10 ], [ 23, 24, 4 ], [ 20, 25 ], 
  [ 21, 25 ], [ 20, 25 ], [ 22, 25, 5 ], [ 23, 25, 1 ], [ 24, 25, 3 ], [ 20, 11, 26 ], [ 21, 12, 26 ], 
  [ 24, 13, 26 ], [ 20, 12, 26 ], [ 23, 26, 14 ], [ 26, 25, 11 ], [ 15, 13, 10 ], [ 12, 12, 15, 15 ], [ 27, 27 ], 
  [ 27, 27 ], [ 27, 27 ], [ 27, 28 ], [ 27, 29 ], [ 28, 29 ], [ 28, 27 ], [ 28, 28 ], [ 27, 3, 29 ], [ 29, 9, 29 ], 
  [ 16, 11, 30 ], [ 17, 12, 30 ], [ 16, 12, 30 ], [ 17, 11, 30 ], [ 18, 30, 15 ], [ 19, 30, 14 ], [ 16, 20, 31 ], 
  [ 17, 21, 31 ], [ 17, 20, 31 ], [ 31, 18, 22 ], [ 31, 19, 23 ], [ 31, 16, 25 ], [ 31, 30, 26 ], [ 32, 32 ], 
  [ 32, 32 ], [ 6, 32, 33 ], [ 5, 32, 33 ], [ 16, 32, 34 ], [ 17, 32, 34 ], [ 18, 34, 33 ], [ 5, 2, 8 ], 
  [ 27, 6, 35 ], [ 28, 35, 7 ], [ 35, 29, 10 ], [ 35, 28, 6 ], [ 35, 27, 5 ], [ 22, 26, 15 ], [ 32, 12, 36 ], 
  [ 32, 11, 36 ], [ 21, 32, 37 ], [ 20, 32, 37 ], [ 22, 33, 37 ], [ 37, 25, 32 ], [ 37, 26, 36 ], [ 34, 30, 36 ], 
  [ 33, 15, 36 ], [ 31, 34, 37 ], [ 15, 15, 35, 35 ] ];
