return [ [ 1, 1, 1, 1, 1, 1, 1, 1, 1, 1, 1, 1, 1, 1, 1 ], [ 2, 2, 2, 2, 1, 3, 3, 3, 2, 3, 3, 2, 3, 2, 2 ], 
  [ 4, 4, 5, 4, 2, 6, 7, 6, 8, 7, 6, 8, 7, 9, 8 ], [ 10, 11, 11, 10, 12, 13, 13, 10, 3, 14, 13, 11, 13, 11, 10 ], 
  [ 15, 16, 16, 15, 8, 17, 17, 18, 19, 20, 17, 8, 17, 21, 19 ], 
  [ 22, 16, 4, 22, 4, 23, 23, 24, 22, 25, 23, 16, 23, 26, 22 ], 
  [ 27, 28, 29, 28, 10, 30, 30, 7, 31, 32, 33, 34, 32, 35, 34 ], 
  [ 36, 37, 38, 36, 6, 39, 40, 41, 42, 43, 39, 44, 40, 45, 41 ], 
  [ 46, 46, 47, 46, 9, 48, 46, 48, 21, 46, 48, 21, 46, 9, 21 ], 
  [ 49, 50, 51, 49, 11, 52, 53, 54, 55, 56, 52, 57, 53, 42, 54 ], 
  [ 58, 59, 52, 60, 13, 61, 62, 58, 55, 63, 64, 59, 65, 52, 60 ], 
  [ 14, 14, 66, 66, 66, 66, 66, 66, 66, 66, 67, 67, 67, 67, 68, 67, 67, 67, 67 ], 
  [ 69, 70, 71, 72, 41, 73, 74, 17, 75, 76, 77, 78, 79, 80, 81 ], 
  [ 82, 83, 83, 82, 31, 84, 84, 85, 86, 84, 20, 31, 84, 87, 86 ], 
  [ 18, 88, 88, 89, 89, 90, 90, 91, 92, 93, 90, 92, 90, 48, 91 ], 
  [ 19, 19, 19, 19, 19, 19, 94, 94, 94, 95, 96, 96, 94, 96, 94, 94, 97 ], 
  [ 98, 91, 98, 22, 15, 22, 99, 99, 100, 101, 101, 102, 94, 103, 104, 104, 105 ], 
  [ 106, 71, 36, 107, 23, 108, 109, 110, 111, 112, 113, 70, 114, 115, 116 ], 
  [ 117, 83, 27, 117, 27, 118, 118, 119, 117, 118, 25, 83, 118, 120, 117 ], 
  [ 24, 88, 121, 122, 122, 123, 123, 122, 121, 124, 123, 88, 123, 125, 122 ], 
  [ 126, 127, 128, 126, 128, 129, 129, 130, 126, 131, 129, 127, 129, 26, 126 ], 
  [ 43, 33, 132, 132, 133, 133, 134, 135, 136, 135, 137, 137, 138, 139, 140, 141, 139 ], 
  [ 142, 143, 144, 145, 54, 146, 147, 34, 148, 149, 150, 78, 151, 152, 153 ], 
  [ 154, 144, 49, 155, 28, 156, 157, 110, 158, 159, 160, 143, 161, 162, 163 ], 
  [ 164, 161, 165, 166, 58, 167, 168, 32, 169, 170, 171, 151, 172, 173, 174 ], 
  [ 175, 157, 176, 177, 60, 178, 179, 30, 180, 181, 182, 147, 168, 183, 184 ], 
  [ 120, 185, 186, 185, 35, 185, 185, 35, 186, 187, 188, 187, 187, 189, 187 ], 
  [ 190, 191, 192, 190, 92, 193, 194, 195, 196, 197, 193, 44, 194, 45, 195 ], 
  [ 39, 39, 178, 178, 198, 198, 199, 200, 201, 202, 203, 202, 203, 204, 205, 206 ], 
  [ 37, 197, 121, 207, 207, 208, 209, 210, 211, 212, 208, 191, 209, 213, 210 ], 
  [ 40, 209, 214, 215, 216, 180, 217, 218, 219, 220, 221, 194, 222, 223, 224 ], 
  [ 225, 226, 227, 225, 46, 228, 229, 230, 80, 231, 228, 127, 229, 128, 80 ], 
  [ 232, 232, 232, 47, 233, 234, 232, 234, 235, 232, 234, 235, 232, 233, 235 ], 
  [ 196, 196, 57, 57, 236, 236, 237, 237, 238, 238, 239, 240, 241, 238, 238, 239 ], 
  [ 211, 211, 50, 50, 236, 242, 242, 243, 243, 242, 244, 245, 243, 236, 243, 242 ], 
  [ 219, 246, 59, 53, 243, 247, 248, 249, 250, 251, 252, 253, 254, 238, 255, 256 ], 
  [ 140, 56, 257, 257, 258, 258, 259, 259, 67, 260, 260, 261, 262, 263, 261, 264, 265, 266, 264 ], 
  [ 62, 62, 61, 61, 250, 250, 204, 267, 267, 240, 268, 269, 250, 269, 250, 204 ], 
  [ 270, 270, 65, 65, 254, 254, 271, 271, 269, 271, 244, 272, 269, 254, 254, 271 ], 
  [ 273, 274, 257, 275, 66, 276, 277, 273, 278, 279, 63, 274, 280, 257, 275 ], 
  [ 281, 281, 281, 281, 281, 281, 281, 281, 68, 68, 281, 281, 281, 281, 281, 281, 281, 281, 68, 281, 281, 281, 281, 
      281, 281, 281, 281 ], [ 74, 282, 283, 284, 285, 73, 286, 90, 287, 288, 289, 224, 290, 228, 291 ], 
  [ 292, 75, 75, 75, 75, 292, 293, 294, 293, 295, 296, 293, 96, 296, 294, 293, 297 ], 
  [ 298, 286, 299, 106, 69, 300, 301, 302, 303, 304, 305, 101, 293, 306, 307, 308, 309 ], 
  [ 79, 79, 310, 310, 311, 312, 313, 311, 206, 314, 315, 316, 314, 317, 318, 316 ], 
  [ 77, 77, 319, 319, 320, 321, 321, 320, 322, 323, 324, 325, 325, 322, 326, 324 ], 
  [ 81, 327, 328, 329, 330, 291, 331, 195, 332, 333, 334, 335, 336, 126, 98 ], 
  [ 72, 337, 338, 339, 210, 284, 340, 341, 342, 343, 344, 345, 346, 347, 330 ], 
  [ 76, 348, 349, 350, 343, 288, 351, 217, 352, 353, 354, 355, 356, 357, 333 ], 
  [ 358, 359, 359, 360, 148, 361, 361, 362, 86, 363, 292, 148, 363, 364, 365 ], 
  [ 366, 158, 366, 367, 82, 368, 368, 369, 358, 370, 371, 158, 370, 372, 373 ], 
  [ 370, 374, 375, 376, 179, 377, 378, 379, 363, 380, 84, 169, 381, 382, 383 ], 
  [ 384, 385, 385, 384, 386, 387, 387, 388, 389, 387, 235, 386, 387, 87, 389 ], 
  [ 85, 390, 390, 391, 391, 392, 392, 393, 394, 392, 93, 394, 392, 395, 393 ], 
  [ 396, 396, 89, 89, 396, 396, 102, 397, 397, 398, 399, 399, 102, 400, 397, 397, 401 ], 
  [ 97, 97, 97, 97, 97, 97, 97, 97, 97, 97, 402, 402, 402, 402, 402, 402, 402, 402, 402, 402 ], 
  [ 105, 105, 105, 403, 403, 403, 105, 105, 105, 95, 404, 404, 404, 405, 405, 404, 405, 404, 404, 402 ], 
  [ 122, 341, 406, 406, 122, 341, 104, 397, 407, 408, 409, 410, 408, 104, 410, 397, 411 ], 
  [ 412, 413, 412, 111, 371, 111, 302, 302, 414, 415, 415, 416, 294, 417, 103, 417, 418 ], 
  [ 419, 401, 419, 419, 419, 401, 100, 100, 100, 100, 404, 404, 420, 420, 421, 404, 421, 420, 420, 404 ], 
  [ 109, 283, 422, 423, 424, 108, 425, 123, 215, 426, 427, 282, 428, 429, 430 ], 
  [ 114, 114, 378, 378, 431, 313, 200, 431, 432, 433, 434, 435, 432, 312, 436, 435 ], 
  [ 113, 113, 437, 437, 438, 321, 439, 440, 441, 442, 439, 321, 442, 440, 443, 438 ], 
  [ 115, 129, 444, 445, 446, 447, 448, 449, 450, 451, 452, 453, 454, 455, 456, 457 ], 
  [ 116, 338, 207, 458, 459, 423, 460, 461, 462, 463, 464, 327, 465, 466, 406 ], 
  [ 107, 328, 193, 467, 396, 430, 460, 468, 469, 470, 471, 337, 472, 473, 459 ], 
  [ 112, 349, 216, 298, 470, 426, 474, 475, 476, 477, 354, 348, 382, 478, 463 ], 
  [ 479, 366, 154, 480, 142, 481, 482, 483, 117, 484, 300, 359, 485, 486, 487 ], 
  [ 484, 375, 175, 488, 164, 489, 310, 490, 485, 491, 118, 374, 492, 356, 493 ], 
  [ 119, 390, 494, 495, 495, 496, 496, 495, 494, 496, 124, 390, 496, 188, 495 ], 
  [ 130, 230, 497, 347, 347, 498, 498, 347, 497, 499, 498, 230, 498, 125, 347 ], 
  [ 131, 226, 227, 357, 357, 500, 500, 499, 357, 500, 189, 226, 500, 227, 357 ], 
  [ 325, 150, 501, 502, 503, 139, 504, 505, 506, 507, 508, 509, 510, 511, 512, 513, 514 ], 
  [ 442, 160, 515, 516, 517, 135, 518, 519, 507, 520, 521, 522, 523, 506, 524, 525, 526 ], 
  [ 527, 515, 528, 529, 530, 531, 532, 132, 533, 534, 501, 171, 535, 536, 537 ], 
  [ 538, 182, 532, 531, 539, 137, 540, 541, 522, 542, 543, 544, 545, 510, 546, 547, 548 ], 
  [ 212, 494, 549, 549, 550, 550, 134, 551, 552, 551, 553, 553, 141, 554, 555, 556, 555 ], 
  [ 394, 192, 557, 557, 558, 558, 554, 138, 552, 559, 559, 560, 560, 561, 562, 563, 561 ], 
  [ 550, 133, 564, 565, 566, 536, 567, 220, 557, 568, 569, 570, 571, 572, 573 ], 
  [ 492, 574, 575, 576, 172, 444, 577, 187, 578, 579, 580, 152, 581, 500, 582 ], 
  [ 335, 335, 153, 153, 583, 584, 585, 583, 586, 586, 239, 587, 588, 589, 588, 590 ], 
  [ 345, 461, 163, 145, 591, 592, 593, 242, 594, 595, 596, 597, 598, 599, 600, 583 ], 
  [ 355, 601, 174, 149, 602, 603, 604, 597, 605, 606, 251, 607, 608, 609, 610, 588 ], 
  [ 287, 190, 184, 146, 611, 612, 613, 594, 203, 256, 614, 605, 615, 616, 448, 586 ], 
  [ 486, 617, 183, 618, 185, 619, 620, 162, 621, 445, 622, 574, 577, 478, 623 ], 
  [ 468, 468, 155, 155, 584, 624, 237, 625, 625, 626, 627, 628, 591, 627, 629, 591 ], 
  [ 601, 475, 159, 166, 603, 630, 627, 631, 632, 249, 633, 634, 602, 635, 452, 599 ], 
  [ 208, 422, 156, 177, 612, 636, 625, 198, 248, 637, 631, 638, 611, 639, 640, 595 ], 
  [ 173, 173, 170, 170, 609, 434, 641, 609, 267, 642, 643, 635, 642, 317, 644, 635 ], 
  [ 645, 221, 181, 167, 639, 646, 647, 632, 202, 271, 648, 642, 538, 616, 649, 606 ], 
  [ 385, 650, 650, 651, 386, 652, 652, 186, 653, 654, 655, 656, 654, 232, 656 ], 
  [ 201, 201, 201, 544, 544, 544, 544, 544, 544, 657, 657, 658, 657, 659, 659, 660, 661, 659 ], 
  [ 473, 473, 618, 618, 662, 662, 663, 664, 205, 665, 666, 449, 666, 449, 629, 667 ], 
  [ 225, 225, 582, 582, 644, 668, 669, 670, 671, 447, 670, 671, 447, 672, 590, 318 ], 
  [ 229, 229, 579, 579, 670, 610, 673, 674, 675, 610, 455, 670, 675, 455, 673, 326 ], 
  [ 655, 676, 676, 234, 677, 678, 655, 678, 388, 676, 679, 395, 676, 677, 679 ], 
  [ 562, 241, 562, 266, 680, 680, 680, 680, 681, 681, 266, 681, 681, 682, 682, 683, 683, 684, 685, 684 ], 
  [ 556, 245, 556, 262, 686, 686, 686, 686, 687, 687, 262, 687, 687, 682, 688, 688, 688, 689, 682, 688 ], 
  [ 253, 570, 690, 691, 274, 692, 693, 694, 260, 686, 695, 696, 697, 698, 699, 680, 700, 701 ], 
  [ 512, 512, 702, 703, 702, 703, 264, 704, 705, 264, 704, 705, 706, 707, 706, 707, 708, 709, 709 ], 
  [ 524, 524, 710, 711, 710, 711, 261, 712, 713, 261, 712, 713, 714, 706, 715, 706, 716, 715, 714 ], 
  [ 710, 717, 718, 719, 258, 720, 721, 702, 273, 722, 723, 724, 691, 530, 725 ], 
  [ 726, 275, 722, 720, 727, 259, 728, 711, 729, 730, 731, 732, 703, 733, 734, 546, 735 ], 
  [ 736, 737, 278, 737, 738, 738, 739, 739, 740, 740, 741, 265, 741, 742, 742, 743, 743, 281, 744, 744, 745, 746, 
      747 ], [ 748, 748, 276, 276, 692, 692, 749, 750, 750, 751, 752, 268, 692, 752, 692, 749 ], 
  [ 277, 277, 280, 280, 693, 693, 726, 726, 752, 726, 753, 752, 272, 693, 693, 726 ], 
  [ 352, 754, 285, 285, 754, 352, 305, 755, 756, 757, 296, 305, 399, 758, 755, 756, 759 ], 
  [ 290, 290, 760, 760, 315, 761, 762, 763, 763, 322, 764, 765, 322, 766, 669, 764 ], 
  [ 289, 289, 489, 489, 323, 767, 767, 768, 768, 314, 769, 647, 647, 314, 674, 769 ], 
  [ 770, 332, 332, 332, 332, 770, 297, 771, 772, 772, 773, 759, 772, 759, 771, 772, 403 ], 
  [ 774, 342, 342, 342, 342, 774, 295, 775, 776, 776, 757, 776, 777, 757, 775, 776, 773 ], 
  [ 424, 350, 778, 424, 350, 778, 755, 308, 779, 780, 306, 780, 409, 308, 306, 755, 781 ], 
  [ 299, 336, 488, 481, 769, 782, 783, 613, 784, 630, 316, 785, 786, 787, 446, 788 ], 
  [ 467, 789, 329, 329, 467, 789, 309, 790, 791, 792, 309, 772, 772, 779, 791, 790, 419 ], 
  [ 458, 339, 793, 458, 339, 793, 303, 790, 794, 303, 776, 795, 776, 781, 794, 790, 792 ], 
  [ 425, 476, 796, 797, 798, 799, 307, 800, 801, 802, 415, 780, 410, 417, 803, 756, 804 ], 
  [ 778, 346, 493, 482, 805, 636, 311, 806, 807, 785, 808, 787, 768, 604, 809, 810 ], 
  [ 412, 334, 811, 812, 813, 324, 814, 815, 816, 817, 782, 818, 819, 764, 453, 820 ], 
  [ 344, 799, 821, 822, 320, 823, 824, 825, 817, 808, 813, 826, 827, 763, 828, 829 ], 
  [ 822, 319, 830, 831, 832, 833, 490, 353, 811, 496, 834, 835, 760, 580, 836 ], 
  [ 770, 770, 365, 365, 837, 838, 838, 837, 839, 839, 840, 839, 587, 587, 839, 841 ], 
  [ 842, 774, 360, 373, 843, 844, 844, 596, 845, 845, 846, 847, 596, 847, 848, 837 ], 
  [ 754, 472, 383, 361, 849, 784, 805, 845, 850, 851, 852, 614, 607, 431, 853, 839 ], 
  [ 364, 364, 389, 389, 854, 855, 855, 856, 857, 858, 858, 854, 855, 857, 855, 859 ], 
  [ 362, 860, 860, 861, 862, 863, 863, 864, 393, 865, 413, 864, 865, 866, 867 ], 
  [ 868, 868, 367, 367, 869, 869, 626, 870, 870, 871, 843, 870, 626, 870, 872, 843 ], 
  [ 465, 796, 368, 376, 807, 786, 870, 873, 874, 849, 875, 637, 633, 435, 876, 847 ], 
  [ 372, 866, 679, 384, 877, 878, 877, 879, 880, 880, 881, 854, 882, 878, 882, 883 ], 
  [ 369, 884, 884, 885, 391, 886, 886, 862, 887, 888, 889, 887, 888, 890, 891 ], 
  [ 427, 427, 377, 377, 875, 767, 767, 875, 432, 441, 852, 432, 648, 648, 892, 852 ], 
  [ 381, 617, 650, 387, 882, 893, 894, 895, 896, 897, 898, 899, 855, 900, 901, 902 ], 
  [ 379, 832, 830, 903, 888, 437, 904, 865, 905, 906, 392, 907, 908, 477, 909 ], 
  [ 910, 398, 910, 910, 910, 911, 910, 398, 910, 398, 421, 912, 912, 912, 912, 421, 913, 912, 912, 421 ], 
  [ 914, 914, 889, 889, 914, 914, 416, 800, 800, 915, 916, 916, 416, 800, 400, 800, 917 ], 
  [ 411, 411, 918, 918, 777, 918, 411, 411, 918, 777, 405, 912, 919, 919, 912, 919, 912, 912, 919, 405 ], 
  [ 795, 407, 795, 795, 407, 407, 795, 795, 407, 407, 420, 420, 919, 420, 919, 919, 420, 919, 420, 919 ], 
  [ 920, 921, 920, 462, 842, 462, 418, 794, 794, 922, 801, 801, 923, 771, 924, 924, 918 ], 
  [ 925, 926, 925, 469, 868, 469, 414, 791, 791, 804, 804, 927, 775, 924, 910, 924, 922 ], 
  [ 428, 428, 904, 904, 433, 762, 928, 929, 929, 440, 930, 931, 440, 761, 932, 930 ], 
  [ 429, 498, 576, 623, 451, 671, 600, 933, 809, 450, 828, 649, 934, 675, 935, 666 ], 
  [ 456, 436, 456, 898, 898, 936, 937, 938, 939, 937, 940, 941, 942, 943, 940, 944, 943 ], 
  [ 454, 443, 454, 945, 945, 946, 947, 948, 949, 950, 951, 952, 949, 948, 952, 950, 947 ], 
  [ 914, 471, 903, 886, 953, 439, 823, 954, 955, 874, 956, 816, 957, 930, 958, 959 ], 
  [ 464, 797, 863, 909, 438, 814, 960, 961, 851, 962, 953, 825, 963, 929, 964, 965 ], 
  [ 466, 466, 619, 619, 457, 933, 640, 966, 662, 933, 662, 640, 967, 968, 457, 968 ], 
  [ 789, 789, 487, 487, 969, 869, 969, 585, 788, 806, 970, 788, 624, 838, 806, 667 ], 
  [ 793, 793, 480, 480, 969, 844, 593, 593, 783, 810, 971, 810, 844, 783, 966, 969 ], 
  [ 483, 884, 972, 973, 974, 812, 821, 975, 495, 831, 798, 860, 836, 622, 976 ], 
  [ 608, 834, 977, 537, 978, 555, 504, 541, 979, 980, 981, 982, 983, 984, 985, 513, 986 ], 
  [ 819, 864, 987, 988, 989, 561, 990, 991, 511, 992, 993, 994, 995, 996, 997, 998, 999 ], 
  [ 827, 975, 1000, 1001, 1002, 553, 1003, 505, 1004, 1005, 1006, 1007, 983, 991, 1008, 547, 1009 ], 
  [ 569, 569, 1010, 1010, 1002, 503, 1011, 989, 1012, 503, 1013, 989, 1014, 766, 1015, 1002 ], 
  [ 1001, 502, 1016, 1017, 1018, 977, 527, 573, 988, 549, 1019, 835, 1010, 535, 1000 ], 
  [ 818, 589, 818, 514, 982, 982, 1007, 514, 1007, 1020, 1021, 1022, 1020, 1023, 1023, 1024, 1025, 1026 ], 
  [ 826, 598, 963, 526, 1027, 981, 1028, 508, 995, 1029, 1030, 1031, 1032, 1033, 1034, 1035, 1036, 1020 ], 
  [ 765, 615, 615, 548, 548, 986, 986, 509, 509, 1037, 1038, 1023, 1032, 659, 1032, 1039, 1026, 1023 ], 
  [ 962, 972, 1017, 1040, 1041, 551, 990, 519, 992, 1042, 1043, 1006, 525, 1044, 979, 1045, 1028 ], 
  [ 956, 887, 1046, 1047, 1048, 559, 1049, 1044, 523, 1004, 1050, 1051, 1052, 994, 1053, 1054, 1055 ], 
  [ 566, 566, 1056, 1056, 1041, 517, 1011, 1048, 517, 1057, 931, 1048, 1012, 1058, 1059, 1041 ], 
  [ 1040, 516, 1016, 1046, 565, 1060, 533, 907, 1047, 1018, 558, 1061, 1056, 1062, 987 ], 
  [ 957, 628, 957, 520, 1063, 1063, 1051, 520, 1051, 1021, 1064, 1065, 1065, 1066, 1029, 1067, 1068, 1029 ], 
  [ 634, 905, 1060, 529, 1069, 560, 518, 980, 996, 1063, 1070, 545, 1071, 1052, 984, 998, 1027 ], 
  [ 928, 638, 638, 543, 543, 1070, 1070, 521, 521, 1038, 1033, 1065, 657, 1065, 1037, 1072, 1073, 1033 ], 
  [ 567, 567, 534, 534, 1069, 1074, 1013, 1069, 539, 539, 1075, 1057, 978, 643, 1015, 978 ], 
  [ 575, 575, 656, 656, 893, 893, 1076, 901, 946, 1077, 1078, 1079, 1077, 901, 1078, 1079 ], 
  [ 578, 578, 654, 654, 894, 1080, 1078, 1081, 1082, 936, 894, 1083, 1080, 857, 1078, 1084 ], 
  [ 908, 621, 652, 676, 877, 1085, 1086, 1087, 1088, 899, 878, 945, 1089, 1080, 1077, 1090 ], 
  [ 1091, 1091, 1091, 1009, 1009, 1009, 1009, 1009, 1009, 1092, 1092, 1093, 1092, 1022, 1022, 1094, 661, 1022 ], 
  [ 749, 749, 749, 732, 732, 732, 732, 732, 732, 1095, 1095, 1096, 1095, 1097, 1097, 1098, 660, 1097 ], 
  [ 664, 853, 853, 858, 902, 902, 1099, 1099, 1100, 939, 1101, 1102, 937, 1102, 937, 1103, 1104 ], 
  [ 958, 663, 958, 1087, 1087, 1105, 1106, 1106, 1107, 1108, 1109, 1110, 949, 1110, 949, 1111, 1112 ], 
  [ 925, 925, 976, 976, 1113, 1113, 1114, 1115, 1091, 829, 665, 815, 829, 815, 1116, 970 ], 
  [ 668, 668, 668, 1084, 1084, 1084, 1117, 1118, 1119, 1118, 938, 1119, 1118, 938, 1119, 1120, 938 ], 
  [ 673, 672, 673, 1079, 1079, 1083, 942, 1119, 1121, 1122, 1123, 948, 1122, 1123, 948, 1103, 944 ], 
  [ 890, 890, 678, 678, 1089, 1089, 1105, 1124, 1125, 1089, 881, 1089, 881, 1105, 1124, 1126 ], 
  [ 1025, 997, 997, 684, 1127, 1127, 709, 1128, 1129, 1129, 1128, 709, 1130, 1130, 1131, 1131, 1132, 1133, 1134, 
      1135 ], [ 1067, 1053, 1053, 683, 1136, 1136, 715, 1137, 1138, 1138, 1137, 715, 1139, 1139, 1140, 1140, 1141, 
      1133, 1142, 1143 ], [ 1071, 1061, 724, 719, 1144, 733, 697, 1145, 681, 712, 1146, 1147, 1138, 1136, 1148, 
      1127, 1149, 1150 ], [ 1151, 1151, 1152, 751, 1152, 1153, 1153, 1154, 685, 1154, 1155, 1155, 1156, 1156, 1156, 
      1156, 747, 1157, 1157, 1157, 1157, 747, 1158, 1158 ], 
  [ 1035, 1008, 1045, 688, 1159, 1160, 707, 1161, 1162, 1150, 1163, 714, 1130, 1164, 1140, 1165, 1166, 1167, 1131, 
      1168 ], [ 985, 1019, 717, 725, 1169, 729, 698, 1170, 687, 704, 1147, 1129, 1160, 1171, 1159, 1172, 1146, 1162 ]
    , [ 736, 736, 1173, 753, 1173, 1173, 1173, 1174, 689, 1174, 1174, 1174, 1175, 1175, 1175, 1175, 745, 1176, 1176, 
      1176, 1176, 745, 1158, 1158 ], [ 1039, 1014, 1177, 735, 735, 1097, 701, 701, 705, 1171, 705, 1171, 1161, 1178, 
      1179, 1128, 1161, 1180, 1128 ], [ 1072, 1058, 1181, 731, 731, 1095, 696, 696, 713, 1148, 713, 1148, 1163, 
      1178, 1137, 1163, 1182, 1137, 1179 ], [ 690, 690, 721, 721, 727, 1169, 1183, 1181, 1144, 1169, 750, 727, 1184, 
      1144, 1075, 1177 ], [ 1185, 1186, 699, 1187, 1188, 1189, 1190, 1191, 1190, 1191, 1185, 1189, 1186, 1187, 699, 
      1188, 1157, 1176, 744, 744, 1157, 1176, 1192, 1192 ], 
  [ 1193, 1193, 1194, 1195, 1194, 1195, 741, 1196, 1197, 741, 1196, 1197, 1198, 1199, 1198, 1199, 708, 1200, 1200 ], 
  [ 1201, 1201, 1202, 1203, 1202, 1203, 742, 1204, 1205, 742, 1204, 1205, 1206, 1198, 1207, 1198, 716, 1207, 1206 ], 
  [ 1202, 1208, 1209, 1210, 739, 1211, 1212, 1194, 723, 1213, 737, 1214, 1191, 1215, 1216 ], 
  [ 1173, 738, 1213, 1211, 1217, 740, 1218, 1203, 1219, 1220, 1221, 1222, 1195, 1223, 734, 1224, 1225 ], 
  [ 920, 920, 973, 973, 820, 820, 1226, 1113, 1226, 824, 971, 1113, 1227, 1227, 824, 967 ], 
  [ 841, 841, 841, 859, 859, 859, 1228, 1104, 1104, 1228, 1104, 1104, 1228, 1104, 1120, 1120, 1104 ], 
  [ 921, 921, 867, 867, 840, 1115, 1115, 1229, 965, 965, 1229, 965, 1230, 1230, 965, 1231 ], 
  [ 848, 848, 1231, 883, 856, 883, 1232, 1233, 1233, 1234, 1101, 1101, 1232, 1233, 1234, 1233, 1228 ], 
  [ 1235, 926, 861, 891, 846, 1226, 1226, 1236, 960, 960, 1237, 959, 1237, 959, 1238, 1229 ], 
  [ 1238, 872, 1238, 879, 879, 1126, 1112, 1112, 1111, 1239, 1239, 1240, 1232, 1239, 1111, 1239, 1232 ], 
  [ 1241, 1241, 885, 885, 871, 1114, 1114, 954, 954, 1236, 1242, 954, 1242, 954, 1243, 1236 ], 
  [ 964, 876, 968, 895, 880, 1088, 1244, 947, 1239, 1245, 1106, 1099, 1246, 1247, 952, 943, 1233 ], 
  [ 934, 892, 934, 897, 897, 1076, 1246, 1123, 1123, 1246, 940, 951, 1102, 940, 1248, 1248, 1102 ], 
  [ 1235, 1235, 1235, 1235, 1235, 1235, 917, 923, 923, 923, 923, 917, 911, 1249, 923, 923, 917 ], 
  [ 1250, 1250, 1250, 1250, 1250, 1250, 1250, 1250, 1250, 1250, 913, 913, 913, 913, 913, 913, 913, 913, 913, 913 ], 
  [ 1241, 1241, 1241, 1241, 1241, 1241, 927, 915, 927, 927, 915, 915, 927, 927, 1250, 927, 1249 ], 
  [ 935, 932, 935, 1090, 1090, 1081, 941, 1118, 1234, 1244, 1244, 950, 1110, 1251, 950, 1121, 1110 ], 
  [ 1227, 1230, 1227, 999, 1043, 1043, 1005, 999, 1005, 1024, 1252, 1092, 1253, 1031, 1031, 1253, 1254, 1073 ], 
  [ 1116, 1237, 1237, 1055, 1055, 1042, 1042, 993, 993, 1034, 1252, 1253, 1255, 1034, 1064, 1256, 1068, 1253 ], 
  [ 1242, 1242, 1242, 1050, 1050, 1050, 1050, 1050, 1050, 1066, 1093, 1255, 1066, 1066, 1255, 1257, 1258, 1255 ], 
  [ 1256, 1094, 1256, 1256, 1168, 1168, 1132, 1168, 1168, 1132, 1143, 1143, 1143, 1168, 1168, 1132, 1259, 1259, 
      1260, 1259, 1261 ], [ 1153, 1153, 1153, 1222, 1222, 1222, 1222, 1222, 1222, 1262, 1262, 1263, 1262, 1264, 
      1264, 1098, 1265, 1264 ], [ 1243, 1243, 1243, 1125, 1125, 1125, 1109, 1240, 1240, 1109, 1266, 1109, 1109, 
      1109, 1109, 1266, 1240 ], [ 1254, 1254, 1254, 1254, 1165, 1135, 1165, 1165, 1165, 1135, 1165, 1135, 1165, 
      1135, 1165, 1165, 1259, 1259, 1259, 1259, 1267 ], 
  [ 1268, 1269, 1269, 1154, 1270, 1270, 1200, 1271, 1272, 1272, 1271, 1200, 1273, 1273, 1274, 1274, 1275, 1276, 
      1134, 1277 ], [ 1257, 1257, 1257, 1257, 1141, 1141, 1141, 1141, 1141, 1141, 1141, 1141, 1141, 1141, 1141, 
      1141, 1260, 1260, 1260, 1278, 1260 ], [ 1279, 1280, 1280, 1155, 1281, 1281, 1207, 1282, 1283, 1283, 1282, 
      1207, 1284, 1284, 1285, 1285, 1286, 1276, 1142, 1287 ], 
  [ 1269, 1288, 1214, 1210, 1289, 1223, 1186, 1290, 1156, 1204, 1291, 1292, 1283, 1281, 1293, 1270, 1149, 1294 ], 
  [ 1190, 1190, 1212, 1212, 1217, 1217, 1295, 1296, 1289, 1289, 1297, 1152, 1298, 1184, 1298, 1299 ], 
  [ 1300, 1224, 1201, 1174, 1301, 1302, 1199, 1303, 1304, 1294, 1305, 1206, 1273, 1306, 1285, 1307, 1308, 1167, 
      1274, 1309 ], [ 1193, 1215, 1208, 1216, 1298, 1219, 1187, 1310, 1175, 1196, 1292, 1272, 1302, 1311, 1301, 
      1172, 1291, 1304 ], [ 1268, 1299, 1296, 1225, 1225, 1264, 1188, 1188, 1197, 1311, 1197, 1311, 1303, 1312, 
      1313, 1271, 1303, 1180, 1271 ], [ 1314, 1315, 1295, 1221, 1221, 1262, 1189, 1189, 1205, 1293, 1205, 1293, 
      1305, 1312, 1282, 1305, 1182, 1282, 1313 ], 
  [ 1279, 1265, 1279, 1279, 1309, 1309, 1275, 1309, 1309, 1275, 1287, 1287, 1287, 1309, 1309, 1275, 1316, 1316, 
      1317, 1316, 1261 ], [ 1314, 1314, 1314, 1314, 1307, 1277, 1307, 1307, 1307, 1277, 1307, 1277, 1307, 1277, 
      1307, 1307, 1316, 1316, 1316, 1316, 1267 ], 
  [ 1318, 1318, 1318, 1318, 1286, 1286, 1286, 1286, 1286, 1286, 1286, 1286, 1286, 1286, 1286, 1286, 1317, 1317, 
      1317, 1278, 1317 ] ];
